"CALL #(ITEM)","TOT CHKOUT","INTL USE "
"GR268.A73 R585 2012","0","0"
"PJ7575 .M375 2009","1","0"
"DC237 .R49 2014","0","0"
"PJ7561 .M85 2011","0","0"
"HV6430.A1 F33 2012","0","0"
"HV6433.K4 H64 2014","1","0"
"JF1601 .O24 2014","1","0"
"HT325 .S26 2014","0","0"
"HV6533.T4 R53 2014","1","0"
"TX724 .S539 2014","4","0"
"HD5856.U5 H45 2014","3","0"
"JN2997 .R43 2014","2","1"
"HM626 .S62 2014","0","0"
"JC571 .C319 2014","0","0"
"BF311 .S375 2014","0","0"
"U167.5.I8 C73 2014","4","0"
"PN1992.8.M38 L68 2014","0","0"
"HT1127 .G69 2014","4","1"
"HE355.3.E94 A95 2014","2","0"
"HV6433.786.A786 C45 2014","0","0"
"HD2337 .P694 2014","1","0"
"PN1992.4.W49 R43 2014","3","0"
"HN79.A17 A43 2014","1","0"
"JV151 .M48 2014","1","0"
"HM871 .M83 2014","0","0"
"HD9576.C52 T39 2014","0","0"
"JQ1809.A15 K48 2014","1","1"
"KJ147 .D57 2013","2","0"
"HF1586.5 .G56 2013","0","0"
"HV6773.52 .M86 2014","1","0"
"JC599.E9 H865 2014","1","0"
"HM728 .S65 2014","2","0"
"JF1525.A8 J44 2014","5","1"
"PN1992.77.D6277 J68 2014","2","1"
"HD9866.S682 S29 2014","2","0"
"HX523 .M37663 2014","2","1"
"JC580 .K68 2014","2","0"
"LB3064.4.E85 C35 2014","2","0"
"HB501 .S919513 2014","6","0"
"HD5708.46 .J36 2014","1","0"
"H62.5.U5 B63 2014","4","0"
"H62 .C69618 2015","13","0"
"JC423 .M366 2013","0","0"
"HV1568 .D5688 2014","5","0"
"JQ3769.A558 S35 2013","0","0"
"JC574.2.E85 D76 2013","1","0"
"HV6432.4 .E454 2014","0","0"
"LC1201 .H34 2014","0","0"
"LC4069.6 .N86 2014","1","0"
"HF5548.85 .I47 2014","1","0"
"P281 .L13 2014","0","0"
"JC598 .L534 2014","2","0"
"H62.A5 C67 2014","5","0"
"JZ3691.I64 F47 2013","0","0"
"HM1206 .M43 2014","1","0"
"KF319 .G475 2014","0","0"
"LB1065 .S82 2002","0","0"
"HD1698.I5 Y37 2013","0","0"
"HT168.N4 N49 2014","4","1"
"HD8039.D5 B37 2014","2","0"
"HC427.95 .Z43 2014","0","0"
"HT1521 .S35 2013","1","0"
"HC427.95 .L5354 2014","1","0"
"P294.5 .B58 2014","0","0"
"HM1121 .K36 2014","0","0"
"LB1139.3.G7 U75 2014","1","0"
"HD4903.5.U6 G74 2014","0","1"
"HQ784.V55 B58 2014","2","0"
"PL989.9.H6 C4512 2012","0","0"
"BP64.E3 I46 2012","0","0"
"PQ2677.U486 Z46 2013","1","0"
"PR9199.3.D5518 P35 2008","0","0"
"DS904 .P87 2012","0","0"
"N6559.A22 A4 1999","3","0"
"DC611.H335 G56 2013","1","0"
"B840 .Y33 2014","2","0"
"DF605.C63 B83 2014","5","0"
"E895 .D37 2014","0","0"
"PL8276.9 .O936 2014","1","0"
"DA925 .F36 2014","2","0"
"E359.5.C7 R63 2014","0","0"
"PN1993.5.I88 L89 2014","5","0"
"PS153.N5 D73 2014","6","0"
"BJ1533.K5 T83 2014","1","0"
"PS169.E25 H68 2014","5","0"
"E458.4 .W554 2014","2","1"
"PN3491 .K67 2014","1","0"
"PS374.G68 S57 2014","5","0"
"PA4272 .E5 2014","0","0"
"PA4272 .E5 2014","0","0"
"B105.F66 B65 2014","1","0"
"BX8611 .H68 2014","2","0"
"D804.66.T76 T77 2014","1","0"
"DU65 .B87 2014","3","1"
"DS732 .M56 2013","0","0"
"F1221.S43 M27 2014","0","0"
"BP80.S5365 A94 2014","0","0"
"B945.C274 D34 2014","1","0"
"E184.A24 T46 2014","0","0"
"PR9381.9.A223 D78 2014","0","0"
"PS3568.E68 F38 2014","0","0"
"E207.A4 D84 2014","0","0"
"BX8677.K57 H69 2014","1","0"
"E199 .S785 2014","0","0"
"DS134.26 .V37 2014","2","0"
"PS3569.A5146 N68 2014","1","0"
"PA6395 .S56 2014","0","0"
"BX1403.3 .C87 2014","1","0"
"DT395.3 .V46 2014","0","0"
"BX1753 .M3545 2014","0","0"
"HQ1410 .P65 2014","1","0"
"PN56.3.I6 R54 2014","3","0"
"PQ3949.2.P573 A6413 2014","0","0"
"PR6045.O72 Z89226 2014","1","0"
"PS1171 .G33 2014","0","0"
"DS917 .P3596 2013","0","0"
"DT295.3.S53 A3 2010","0","0"
"PQ2726.A43 F48 2014","0","0"
"GB746 .T68 2014","0","0"
"PR6119.T338 L47 2013","0","0"
"BP190.5.R4 S29 2012","0","0"
"PQ7298.29.A466 A63 2012","2","0"
"BR844 .F56 2014","0","0"
"PL994.2.I3 S27 2013","3","0"
"PR6052.E574 D75 2014","2","0"
"BS2615.53 A67 2014","0","0"
"PN1995.9.M34 R43 2014","1","1"
"PR6069.U386 P75 2013","0","0"
"DS924.T655 Y82 2012","0","0"
"PQ7291.O2 R3 2012","0","0"
"PQ7298.16.A33 I34 2013","0","0"
"PQ7298.16.A33 I57 2012","0","0"
"PQ7297.A8365 P37 2012","0","0"
"ND1063.4 .C438 2011","1","0"
"BX4662 .H325 1994","2","0"
"CB251 .K555 2012","2","0"
"BP173.75 .U4145 2010","1","0"
"BP173.75 .U4145 2010","1","0"
"PJ7816.A2 A6 2008","0","0"
"KBP380.M86 A2 2012","0","0"
"PN56.5.W64 M85 2013","0","0"
"HD9621.F82 C66 2014","0","0"
"PQ7298.432.E435 Z46 2013","1","0"
"KBP440.6.I43 K36 2012","0","0"
"PA4004 .H46 2013","1","1"
"PJ7846.A46 Z98 2011","0","0"
"PJ7846.A46 Z98 2011","0","0"
"NB1810 .M45x 2014","0","0"
"DT236 .N4713 2014","0","1"
"D786 .J64 2014","1","0"
"DS779.46 .K47 2014","1","1"
"PN1995.9.S668 H47 2014","0","0"
"B945.D44 D493 2014","0","0"
"PS3559.G54 D57 2014","5","0"
"D523 .E37 2014","0","0"
"HQ185.A5 S248 2014","1","0"
"PN187 .H37 2014","1","0"
"PT2359.H2 T36 2014","0","0"
"DF214 .H26 2014","5","0"
"DA927 .I76 2014","0","0"
"PS3610.O325 K56 2014","1","0"
"PN3503 .E66 2014","4","0"
"PN56.M87 P44 2014","0","0"
"E230 .S436 2014","3","0"
"D763.N6 D59 2014","0","0"
"BD331 .R34 2014","3","0"
"PS3551.D65 P74 2014","1","0"
"PS3563.A8355 Z82 2014","1","0"
"PS3606.U53 S86 2014","0","0"
"E480 .T73 2014","3","1"
"DS122.3 .V47 2014","0","0"
"E303 .S28 2014","3","0"
"PR2589 .K44 2014","1","0"
"PS3563 .I446 A54 2014","0","0"
"PS3562.A867 C49 2014","0","0"
"PR9387.9.C4 D74 2013","0","0"
"PS3610.O3664 E46 2014","2","0"
"PS3557.U82 F36 2014","1","0"
"GT525 .B37 2014","3","1"
"PA337 .I58 2009","1","0"
"DS326 .C67 2014","1","0"
"DS326 .C672 2014","1","0"
"B2430.D454 I575 2014","6","1"
"PS3608.N38 I83 2013","2","1"
"PS3611.U4 A6 2014","3","0"
"PR9333.9.K38 L37 2014","2","0"
"PS3555.H67 Z73 2014","0","0"
"HQ1237.5.C5 F56 2014","5","0"
"HQ1460.5 .O36 2014","4","0"
"PS3623.E885 M97 2014","1","0"
"E906 .G65 2014","2","0"
"PS3613.A5456 P38 2014","1","0"
"BT111.3 .A93 2014","0","1"
"B829.5 .M333 2014","5","0"
"BS1199.S8 A54 2014","0","0"
"PS3605.A763 P64 2014","1","1"
"BS2675.52 .B37 2014","0","1"
"PS3616.O8485 A6 2014","0","0"
"PS3569.A275 S36 2014","0","0"
"BT198 .K344 2014","0","0"
"DL33.T48 V43 2014","0","0"
"PS3557.R4336 T55 2014","2","0"
"E20 .T73 2013","0","0"
"BT732.7 .H36 2014","0","0"
"BS2745.53 .S74 2013","0","0"
"PJ7846.A46 Z7144 2011","0","0"
"BL65.S76 R38 2014","0","0"
"HQ1487 .U76 2013","0","0"
"PC3942.1.B4 A2 2014","0","0"
"DF229 .T74 2010","1","0"
"PS3573.E74 O97 2013","2","0"
"GV1651 .B37 2008","4","0"
"PT7513.S675 S5313 2014","0","0"
"PG3479.4.O4465 K65 2013","1","0"
"PS3554.I385 P758 1998","1","0"
"PG3492.56.L535 L85 2014","1","0"
"PG3491.44.N45 Z24 2014","1","0"
"PF3025 .P67 2014","2","0"
"PR9199.3.M3145 S56 2014","0","0"
"PS3618.O326 A45 2014","1","0"
"DD120.R8 D48 2014","0","0"
"KK3655 .B43 2014","0","0"
"UB359.G3 E348 2014","0","0"
"UA776.G78 H64 2013","0","0"
"DD260.8 .N54 2014","1","0"
"DD258.85.F8 P48 2014","0","0"
"PS3606.R37523 D57 2014","2","0"
"DT107.85 .H36 2011","0","0"
"PQ7258.2 .E52 2012","1","0"
"PQ7258.2 .E52 2012","1","0"
"PQ7258.2 .E52 2012","1","0"
"PQ7258.2 .E52 2012","1","0"
"PQ7258.2 .E52 2012","0","0"
"PQ7258.2 .E52 2012","1","0"
"PQ7258.2 .E52 2012","1","0"
"HD38.5 .N585 2010","0","0"
"HD49 .Y56 2011","0","0"
"HD38.5 .M536 2008","0","0"
"HD1415 .L365 2012","0","0"
"HC428.Y3 S38 2012","0","0"
"HD38.5 .L58 2010","0","0"
"HE1821 .H36 2010","0","0"
"HD38.5 .Z4465 2012","0","0"
"DK37.8.R6 C457 2013","0","0"
"PQ2631.I3 P6418 2011","0","0"
"PQ2631.I3 P6418 2011","0","0"
"PQ2631.I3 P6418 2011","0","0"
"PJ7944.A23 B39 2012","0","0"
"DT107.85 .D55 2011","0","0"
"DS79.769 .J37 2012","0","0"
"PQ8498.32.A65 Z46 2014","0","0"
"PT2662.O77 A94 2014","0","0"
"PN5355.P62 B67 2014","0","0"
"PT41 .F78 2011","0","0"
"PA8465 .I26 2013","0","1"
"F1321 .R43 2008","0","0"
"PR447 .H26 2014","1","1"
"F1408.3 .C33 2012","0","1"
"PG3410 .P55","0","0"
"PG3410 .M9 1939","0","0"
"PR6019.O9 Z784375 2013","1","0"
"DS119.8.M6 E63 2013","0","0"
"DS61.85 .O754 2014","0","0"
"LA563.7 .J64 2013","0","0"
"F3055 .L383 2013","0","0"
"HC470.T4 S68 2013","0","0"
"PQ8007.P64 G66 2013","0","0"
"RA465 .F87 2013","0","0"
"HN310.Z9 V56534 2013","0","0"
"HN310.Z9 V5638 2012","1","0"
"DS904 .C44917 2011","0","0"
"PS3563.O8749 Z65 2014","1","0"
"PS3563.O8749 Z65 2014","1","0"
"PL919 .S56 2012","0","0"
"PJ7507 .N87 2013","0","0"
"BP194.1 .A425 2014","0","0"
"PR6052.E3113 F46 2014","0","0"
"BR115.J8 C47 2014","1","0"
"DS916.54 .H355 2013","0","0"
"DS63.1 .A234 2011","0","0"
"DS924.T655 K366 2012","0","0"
"HQ1793 .Y27 2012","0","0"
"QH193.K6 K57 2012","0","0"
"PA8330.H3 A2 2014","0","0"
"PA8330.H3 A2 2014","0","0"
"DS911.74 .K84 2013","0","0"
"BP166.57 .Q87 2013","0","0"
"PJ7755 .R86 2010","1","0"
"PR1508 .O55 2012","0","0"
"DS782.8 .M32 2013","0","0"
"N7445.2 .S6218 2009","1","0"
"KHH516 .H69 2012","0","0"
"PQ7298.23.E5344 A614 2012","0","0"
"DD112 .M54 2013","0","0"
"PQ7298.29.A414 T42 2013","0","0"
"PQ7298.43.R34 H39 2013","0","0"
"DD256.5 .Q56 2013","0","0"
"HV8225 .I55 2014","0","0"
"PQ6658.U32 S65 2013","0","0"
"PQ6670.O4 F56 2014","0","0"
"DC36.4 .V53 2013","0","0"
"PQ7276 .C263 2013","0","0"
"LB2333.3 .E88 2013","0","0"
"PQ3959.3.R69 P48 2013","0","0"
"PQ6066 .A858 2014","2","0"
"PR2024.B783 A436 2013","1","0"
"HV6433.A65 A53 2013","0","0"
"BX4220.P9 H476 2013","0","0"
"D764 .S59638 2011","0","0"
"PR6107.R4425 B45 2014","2","0"
"DC943.G7 G68 2013","1","0"
"BV5091.C7 M312 2013","0","0"
"PR6108.O934 A6 2014","2","0"
"D805.5.B83 C65 2014","0","0"
"PQ7298.12.E47 C84 2013","0","0"
"PQ7298.28.E965 A64 2013","0","0"
"DD901.C79 G74 2014","0","0"
"PQ7298.3.O78 C58 2012","1","0"
"PQ7298.21.R38 T63 2012","1","0"
"BL820.B64 M37 2014","0","0"
"PA3879 .K52 2011","0","0"
"DE71 .G745 2014","0","0"
"PA6537 .G388 2014","0","0"
"NC1878.7.G3 A93 2014","0","0"
"PT1701.A1 C74 2013","0","0"
"DS135.F9 R653 2013","0","0"
"PQ148 .A47 2013","0","0"
"DC146.S7 E46 2013","0","0"
"PA6026 .L38 2014","1","0"
"N6974 .L574 2012","0","0"
"BF697.5.S43 H555 2014","0","0"
"PN45 .L58 2013","0","0"
"BP52.5 .M55 2014","0","0"
"PQ7516 .V58 2013","0","0"
"F2849.2 .C67 2012","0","0"
"PT2106 .N48 2014","0","0"
"F2849.3 .F365 2012","0","0"
"D810.P7 T9 2014","0","0"
"HJ2981 .F88 2013","0","0"
"HE3288 .Z4664 2012","0","0"
"HE3288 .Z4664 2012","0","0"
"NK4340.Y84 N564 2013","0","0"
"NK4165.3 .P464 2013","1","0"
"DS797.48.W847 L522 2012","0","0"
"NX583.A1 L8 2006","1","0"
"PN2876.C43 L563 2012","0","0"
"BL1403.F93 S56 2013","1","0"
"ND2068.X535 W364 2013","0","0"
"N4955 .W543 2013","0","0"
"HQ1769.J53 Z436 2013","0","0"
"PS3553.H2724 Z75 2012","0","0"
"NE850 .B35 2013","0","0"
"RG501.C6 W824 2013","0","0"
"PN1998.2 .C447 2010","0","0"
"DS734.95 .G8648 2013","0","0"
"ND1047.B45 Y36 2006","0","0"
"N7340 .W85 2010","2","1"
"N7340 .W85 2010","3","1"
"HF5813.C6 Z436 2013","0","0"
"HT147.C48 W364 2013","0","0"
"GT2783.A2 D66 2013","0","0"
"HB2114.A3 Y355 2013","0","0"
"BQ4630 .H48 2013","0","0"
"BR128.C4 L534 2013","0","0"
"NK9900.7.C6 H8283 2013","0","0"
"PL2356 .Y836 2013","0","0"
"HC430.C6 W8245 2013","0","0"
"PL3748.G43 C37 2013","0","0"
"PL2837.E35 Z87 2013","0","0"
"DS797.28.D864 Z478 2012","0","0"
"PL2727.S2 L578 2013","3","0"
"PL2727.S2 L578 2013","1","0"
"PN1998.3.X545 J536 2013","0","0"
"HC427.95 .Z4593 2013","0","0"
"HQ684 .C37 2013","1","0"
"PL1201 .T318 2013","0","0"
"DS797.52.C434 H4 2013","0","0"
"BL1910 .T674 2013","4","1"
"LD6337 .W364 2013","0","0"
"DS757.5 .L53 2013","0","0"
"N7485.C6 G36 2013","0","0"
"N72.G55 H68127 2013","1","0"
"PL2935.E79 G45 2013","1","0"
"NX65 .L465 2013","0","0"
"N7349.C35 Y36 2010","0","0"
"DS715 .C3812 2013","0","0"
"Z3107.T5 X8 2013","0","0"
"DS754.16 .J53 2012","0","0"
"DS751.5 .C454 2013","1","0"
"LA563.7 .R49 2013","0","0"
"JN2959 .P735 2013","0","0"
"PT2673.A4695 R47 2014","1","0"
"HQ27 .E93 2013","0","0"
"HQ1623 .S33 2014","0","0"
"HQ1687 .T733 2013","1","0"
"DS155 .S733 2014","1","1"
"HQ1075.5.M6 G462 2012","0","0"
"PR9199.3.R238 B88 2014","0","0"
"DS134.23 .D548 2014","0","0"
"BD311 .E39 2014","1","0"
"JC375 .F66 2013","0","0"
"DD258.9 .B944 2014","0","0"
"PT3807.L4 D647 2014","0","0"
"QH26 .C67 2014","1","0"
"GV1045.5.M42 B673 2014","1","2"
"GV1061.15.R62 G47 2014","0","0"
"GE170 .C62 2014","1","0"
"GV943.49 .V43 2014","2","1"
"GV606.5 .K45 2014","1","0"
"TX945.5.C25 L27 2012","0","0"
"DD53 .K46 2014","0","0"
"PQ8098.13.A8 I58 2013","0","0"
"PQ8098.26.A675 V53 2013","1","1"
"BV5080 .L564 2014","1","0"
"PQ6722.I565 Z46 2013","0","0"
"F1219.3.T4 S47 2013","0","0"
"D640 .A396 2014","0","0"
"PQ8098.23.I87 D57 2014","0","0"
"F1466.5.A688 G373 2013","1","0"
"F1321 .H57 2004","0","0"
"F1391.Z66 M53 2011","0","0"
"E99.P6 O84 2012","1","0"
"DG316 .M37 2013","1","0"
"LE7.O38 M37 2012","0","0"
"PR9199.4.B695 N566 2014","0","0"
"BP194 .B375 2010","0","0"
"RC178.G32 R46 2013","0","0"
"F1228.9 .T733 2013","0","0"
"F1219.1.C45 R87 2012","1","0"
"BS460.G3 A15 2014","0","0"
"PN3441 .L44 2013","4","0"
"PQ7671 .M67 2014","0","0"
"PQ6324 .A1 2013","4","0"
"KZ4284 .M87 2011","0","0"
"F3320 .R476 2011","0","0"
"F3320 .R476 2011","0","0"
"F3320 .R476 2011","0","0"
"F3319.1.M59 M37 2012","0","0"
"PN1979.S5 B24 2012","0","0"
"PR9199.4.J649 D64 2014","1","0"
"PN4751 .M54 2011","0","0"
"PQ6051 .S25 2014","0","0"
"PR9199.4.F372 A98 2014","0","0"
"PQ6718.O47 Z88 2014","0","0"
"D804.E85 S45 2013","0","0"
"DT82.5.J3 A23 2010","0","0"
"PQ7298.12.O76 T49 2013","2","0"
"PQ6707.A357423 T73 2013","0","0"
"HE8700.9.I76 Z34 2010","0","0"
"DD280.6 .C82 2013","0","0"
"DS63.1 .H55 2012","0","0"
"DG89 .L32 2014","0","0"
"RD27.34.R38 2014","0","0"
"PQ7298.17.U835 H66 2013","0","0"
"PL984.E3 P62 2012","0","0"
"KZ7360 .K56 2012","0","1"
"PC3942.426.O793 Q56 2013","0","0"
"PQ6663.O666 A613 2013","0","0"
"PS3552.E75 Z48 2014","11","0"
"TT507 .P79 2014","1","0"
"JZ1305 .D882 2014","0","0"
"BQ8218.U3634 K9813 2013","0","1"
"DS793.L497 P37 2013","0","0"
"KF8745.S33 M87 2014","2","1"
"PL955 .Y455 2012","1","1"
"PJ6184 .A1929 2011","0","0"
"BP170.85 .N56 2011","0","0"
"PQ7297.I77 B4 2012","0","0"
"LB14.7 .T35 2012","0","0"
"F1391.O12 O9416 2010","0","0"
"HC125 .P759 2013","0","0"
"D505 .E49 2013","0","0"
"F1973.P69 C36 2012","0","0"
"BS2595.52 .M55 2014","1","0"
"JF1352 .H547 2012","0","0"
"GN776.32.K6 H348 2012","0","0"
"KJC5054 .A94 2014","0","0"
"PN6165 .C3653 2014","3","0"
"PQ443 .C54 2013","0","0"
"PQ3989.3.D578 M57 2013","0","0"
"BF723.S74 .B45 2013","3","0"
"DK38 .E27 2013","0","0"
"DS905.9 .K985 2012","0","0"
"BM755.F693 F75 2013","0","0"
"F2161.A83 F54 2014","0","0"
"BR855 .C67 2014","2","0"
"PG3328.Z7 R42236 2014","0","1"
"BM755.S544 S55 2014","0","0"
"DS921.9 .C56 2014","0","0"
"PR9210 .D48 2014","5","0"
"B721 .K35 2014","2","0"
"DA125.I7 M68 2014","0","0"
"DS109.15 .D86 2014","2","0"
"PM7807.P33 D74 2014","0","0"
"E112 .B294 2014","1","0"
"E458 .R26 2014","1","0"
"DU567 .H36 2014","0","0"
"BD176 .N38 2014","0","0"
"PS153.N5 W458 2014","1","0"
"PN204 .D38 2014","0","0"
"PA6003 .R56 2014","3","0"
"PN1993.5.M4 S28 2014","4","0"
"BR115.P8 G745 2014","0","0"
"AZ101 .W39 2014","6","0"
"PS169.S413 A44 2014","4","0"
"DR1976.A9 A76 2014","1","0"
"CT25 .C355 2014","2","0"
"PR9184.6 .C75 2014","1","0"
"PR468.D43 D42 2014","1","0"
"P96.T422 U6358 2014","2","0"
"PR878.D4 F67 2014","0","0"
"B824.4 .B45 2014","1","0"
"BX341 .W47 2013","2","0"
"PR9188.2.I54 I53 2014","1","1"
"E183.7 .M74 2014","1","0"
"B3279.H8472 F7 2014","0","0"
"HQ144 .O84 2014","1","0"
"PS3612.A37 L58 2014","1","0"
"F548.9.M5 B34 2014","0","0"
"PS3560.O37494 A6 2014","0","0"
"PS3611.E967 O43 2013","1","0"
"DS126.5 .A8637 2014","0","0"
"PA6446.A66 J78 2014","1","0"
"PS3515.A9877 S49 2014","0","0"
"PS3603.A537 A6 2014","1","0"
"D31 .S73 2014","0","0"
"PS3619.E984 A6 2014","1","0"
"PS3558.E799 A6 2014","1","0"
"DS759.4.R45 R44 2014","0","0"
"DS917.444 .K55788513 2013","1","1"
"PS3618.I39235 D58 2014","2","0"
"DS135.P7 S69175  2013","0","0"
"GV884.G78 G75 2014","3","0"
"BF449 .L47 2014","2","0"
"PT1338 .H26 2014","1","0"
"G245 .E83 2013","1","0"
"PR6069.C584 B486 2014","0","0"
"DS134 .R68 2014","0","0"
"DC363 .G64 2013","1","0"
"PQ2601.P6 Z675 2013","0","0"
"PQ7798.412.E33 R43 2011","0","0"
"DT236 .B56 2013","0","0"
"HC130.E5 R46 2012","1","0"
"PQ6605.E7 Z696 2013","0","0"
"PG3492.56.R583 B84 2013","1","0"
"JZ1318 .C58 2014","1","0"
"GT3286.K6 D43 2014","1","0"
"HV2561.W18 A76 2014","0","0"
"HN490.M26 F67 2014","5","0"
"HD30.4 .M3696 2014","0","0"
"HD2351 .F55 2014","3","0"
"HF5415.1265 .P57 2014","2","2"
"JZ4974 .U67 2014","0","0"
"HQ799.I5 D97 2014","1","0"
"HM846 .A77 2014","1","0"
"LB2822.75 .A77 2014","0","1"
"UB418.C45 S44 2014","2","0"
"GT2254 .F35 2014","5","0"
"HD30.28 .C7325 2014","2","0"
"JZ1570.A5 E865 2014","0","0"
"HM753 .S26 2014","4","0"
"HM753 .I43 2014","0","0"
"LA412 .W24 2014","0","0"
"HC800 .M625 2014","0","0"
"U264 .N36 2014","6","1"
"JZ5538 .A87 2014","1","0"
"JC599.C2 E45 2014","0","1"
"E77.2 .T446 2014","5","0"
"LC3981 .H36 2014","2","0"
"HC905 .W56 2014","0","0"
"BF173 .M35846 2014","1","0"
"Z6601 .B57 1998","2","0"
"D1055 .I54 2013","0","0"
"DS247.7.A74 M37 2012","0","0"
"BP134.S3 A83 2000z","1","0"
"P92.E9 P354 2013","0","1"
"DR1313 .P57 2013","0","0"
"BP188.8.S7 I368 2012","0","0"
"PN1995 .A214 2012","0","0"
"PA2057 .B55 2013","1","0"
"DR43 .L25 2013","1","0"
"G1782.M4S1 B4 2014","0","0"
"DA125.Z56 P37 2014","0","0"
"E169.1 .D78 2014","1","0"
"DA930 .W34 2014","0","1"
"BL2747.3 .S64 2014","1","0"
"PC4074.7 .R67 2014","0","0"
"D768.3 .L64 2014","1","1"
"D808 .C76 2014","0","0"
"PR9185.2 .H84 2014","0","0"
"PS3601.B677 C53 2014","15","0"
"PN1993.5.E18 E37 2014","0","0"
"BD161 .M17 2014","0","0"
"DS597.215.A58 A45 2013","0","0"
"DJK45.E85 E97 2014","0","0"
"F868.S25 M46 2014","1","0"
"PS3602.R3598 F87 2014","0","0"
"E887.C55 A3 2014","12","1"
"BR750 .S68 2014","0","1"
"B945.R524 M34 2014","1","0"
"PR1678.D373 R36 2014","1","0"
"PS3611.H32 L37 2014","2","0"
"BP195.I8 M37 2014","0","0"
"DA145 .L54 2014","1","0"
"B2430.L964 S29 2014","0","0"
"E183.8.K7 P314 2014","0","0"
"PN1994 .T855 2014","1","0"
"DA960 .D67 2014","2","0"
"PS325 .S36 2014","0","1"
"DR1752 .A63 2014","4","0"
"PS374.S764 C55 2014","1","0"
"PS3557.U846 A6 2014","2","0"
"BM755.S288 T45 2014","0","1"
"HQ16 .S4725 2014","2","3"
"PS3563.E7426 S55 2014","1","1"
"PR9199.4.F679 S66 2014","1","0"
"PS3616.R58 S83 2014","0","0"
"PT5881.21.O25 Z6613 2014","1","0"
"PS3619.K947 Z468 2014","0","0"
"HQ1870.9 .S53 2014","0","0"
"CB425 .R337 2014","2","0"
"HQ1593 .S34 2014","2","0"
"PS3563.A28 A5 2014","1","0"
"PS3563.U83495 A47 2014","1","0"
"PS3569.W252 A75 2013","0","0"
"PQ2664.U3475 A8413 2014","0","0"
"PS3604.A332545 B37 2014","1","0"
"DF225.4 .F56 2014","1","0"
"PR9614.52.F75 B47 2013","0","0"
"PR9199.4.C379 B57 2013","1","0"
"PS3612.E564 A6 2013","0","0"
"BQ4022 .E54 2013","0","0"
"PS3612.O928 C48 2014","0","0"
"PS3553.U75 Z69 2014","0","0"
"BX830 1962 .C55 2014","0","0"
"PR9369.3.K64 D84 2014","2","0"
"PS3553.H3346 D87 2014","0","0"
"PN56.E27 M66 2014","2","0"
"PR6065.R7 E68 2014","2","0"
"BT903 .G659 2014","2","0"
"PS3602.L435 F67 2014","0","1"
"PS3602.O8892 F69 2014","2","1"
"HQ77.9 .J44 2014","3","1"
"DS134.42.B65 G78 2014","0","0"
"PS3602.U7295 H69 2014","0","0"
"PL992.73.K94 I513 2013","1","0"
"PR9199.4.R625 J25 2013","1","0"
"PN2287.H795 G74 2014","1","0"
"PS3602.E394 J64 2014","0","0"
"BT82.7 .F56 2014","0","0"
"PS3619.I365 L55 2014","1","0"
"PR6108.U5897 L67 2014","0","0"
"PS3612.O27 M68 2014","6","0"
"PL2694.C57 A2 2014","2","0"
"PS3613.A28347 N48 2014","0","0"
"PR6068.I287 N48 2014","0","0"
"PN2080 .O245 2013","0","0"
"PS3618.O665 O25 2014","1","0"
"PS3619.M537 O55 2014","1","0"
"PQ7087.E5 P56 2014","3","0"
"PR9199.3.F5669 F67 2014","0","0"
"BX9175.3 .M355 2014","0","0"
"BS1445.L3 W35 2014","0","0"
"PR698.C6 R47 2014","0","0"
"BP605.N46 E99 2014","2","0"
"PR1309.N65 S56 2014","0","0"
"PS3604.R4727 S66 2013","1","0"
"PS3603.H42 A6 2014","3","1"
"HQ77.9 .S86 2014","1","1"
"PN2091.F53 I66 2014","0","0"
"PR6063.A288 T56 2014","0","0"
"PR9199.3.C5265 T73 2014","0","0"
"PN1009.A1 H69 2014","1","0"
"PR9199.3.M656 W55 2013","1","0"
"HQ1136 .B35 2014","0","0"
"BL48 .M67 2014","0","0"
"D515 .B78 2014","0","0"
"KZ3881.T65 K523 2012","0","0"
"DK265 .N259 2013","0","0"
"PT2607.U493 A6 2011","0","0"
"BF1611 .H66 2013","0","0"
"BP75.3 .H35 2012","1","0"
"DS135.T7 J85 2012","0","0"
"DT107.87 .H374 2011","0","0"
"KJA2198 .P35 2013","0","0"
"PJ8195 .M338 2007","0","0"
"NX180.S6 G6918 2008","0","0"
"BR128.G8 C476 2012","0","0"
"PJ7828.Q7 Z96 2008","0","0"
"RA395.C95 N68 2013","0","0"
"PQ2718.U34 K33 2013","0","0"
"DS897.N299 A24 2005","1","1"
"JK1968 2012 .A53 2014","1","0"
"JF1525.P6 C43 2014","0","0"
"H97 .C645 2014","2","0"
"LB3051 .C66 2014","6","0"
"HD30.28 .W3326 2014","1","0"
"HF381 .S7 2014","2","0"
"BF723.F35 R34 2014","2","1"
"HG4652 .S67 2014","0","1"
"HF1359 .H36 2014","1","0"
"PN1992.6 .H68 2014","1","0"
"HT177.N49 C69 2014","2","1"
"HF5549.5.M5 B733 2014","1","0"
"HX550.J4 M46 2014","2","0"
"PN1992.77.D6273 L36 2014","2","0"
"KD4097 .J64 2014","1","1"
"JC574.2.E3 M59 2014","0","0"
"HD9005 .G39 2014","3","0"
"HD75.8 .M476 2014","0","0"
"HC79.E5 Z4483 2014","0","0"
"HD57.7 .D3563 2014","0","0"
"HG5784.5 .P75 2014","1","0"
"HG5784.5 .P75 2014","1","0"
"HV640.4.M628 U45 2014","2","0"
"JZ1318 .S49 2014","1","0"
"JC599.U5 P374 2014","1","0"
"HC60 .B677 2014","0","0"
"JZ5538 .T66 2014","2","0"
"HF1604.Z4 C272 2014","1","0"
"LB1060 .M45 2014","0","1"
"BF637.H4 M875 2014","1","0"
"JA75.8 .T3613 2014","2","0"
"HD9502.A2 G735 2014","0","1"
"HC60 .E97 2014","0","0"
"HD3871 .M36 2014","0","0"
"JC423 .M36 2014","1","0"
"JK421 .G642 2015","3","0"
"JZ5675 .N8388 2014","0","0"
"HT166 .P5223 2014","0","0"
"PN4879 .M34 2014","3","0"
"HV4999.Y68 T44 2014","0","1"
"BF575.F14 U544 2014","1","0"
"HT151 .H37 2014","2","0"
"JN1228 .F65 2014","3","0"
"DG59.A2 B37 2014","0","0"
"GR196.D33 P76 2013","0","0"
"PC3563 .S43 2013","0","0"
"KLB2476 .A32 2014","0","0"
"HT169.M4 A87 2007","0","0"
"BP75.2 .I9 2012","0","0"
"BP134.P6 S25 2011","1","0"
"HV7434.L28 I57 2012","0","0"
"PQ7798.23.A424 V54 2012","0","0"
"PG1419.21.A6 Z84 2013","0","0"
"PQ6663.A425 C69 2013","0","0"
"PR9340.5 .A456 2014","3","0"
"CD1735.N677 G678 2013","0","1"
"HN700.67.A8 L56 2013","2","0"
"PA85.T35 S56 2013","0","0"
"DS99.E52 F55 2014","0","0"
"JQ779.A623 A96 2013","0","0"
"BP136.5 .Y338 2012","1","0"
"HC340.12.Z7 S678 2014","0","0"
"PQ7797.S22435 G7313 2014","0","0"
"DT107.87 .J356 2011","1","1"
"PT187 .R53 2014","0","0"
"BV4509.R8 L65 2014","0","0"
"HC830 .N349 2010","0","0"
"KNW2935.B35 W536 2013","0","0"
"PT2621.A23 G36 2013","1","0"
"HQ76.8.S55 I19 2013","2","0"
"D802.S75 D55 2004","0","0"
"DC235.1 .M485 2012","0","0"
"DC611.B851 D285 2013","0","0"
"DT107.87 .I275 2011","0","0"
"DU744.5 .M33 2012","0","0"
"HF5415.12.I6 Y34 2013","0","0"
"PG7053.H63 K27 2014","0","0"
"HC446.5.T37 A313 2014","0","0"
"DS625 .T67 2012","0","2"
"JV8752.7 .E63 2013","3","0"
"BP166.14.A84 D87 2013","0","0"
"PL5031 .W67 2013","0","0"
"DD801.S455 S23 2014","0","0"
"UA829.C9 S57 2014","0","0"
"HQ1063.2.G3 P35 2014","1","0"
"RC262 .G67 2013","0","0"
"D286 .E985 2014","0","0"
"PN183 .P68 2014","0","0"
"BT1415 .R64 2014","0","1"
"PJ1435 .S35 2014","0","0"
"DF214 .R88 2014","0","0"
"PS3619.T74259 V33 2014","17","0"
"PG3491.6.E552 S85 2012","0","0"
"HD7289.3.C87 O622 2012","0","0"
"PQ7298.17.A7 Z54 2013","2","0"
"HC137.M55 A38 2012","0","0"
"PQ7082.N7 G84 2014","1","0"
"JC599.C5 R652 2013","0","0"
"DS871 .B55 2013","1","0"
"F2299.B55 R477 2013","1","0"
"PQ8202 .N64 2013","1","0"
"N7353.5 .T658 2013","0","0"
"BP188.48 .Y22 2013","0","0"
"PS3568.O5398 K55 2014","2","0"
"PR6073.O634 V36 2014","1","0"
"PS3610.O325 A74 2014","1","0"
"PS3602.E845 B68 2014","3","0"
"PR9199.4.H633 W55 2014","0","0"
"PS3569.E3334 C47 2014","2","0"
"PS3612.E92383 H93 2014","0","0"
"PS3618.E5239 D45 2014","4","0"
"HV6533.C2 S73 2014","4","0"
"HE9803.A3 V26 2013","2","1"
"PS3619.I37 A53 2014","3","0"
"HD9210.A2 N33 2014","3","0"
"HQ519 .D635 2014","4","1"
"UG443 .L47 2013","4","0"
"PN2924.5.K3 M46 1989","0","0"
"GV1251 .H28 2014","1","0"
"PR9381.9.V47 I53 2014","0","0"
"HQ1090 .B4212 2014","0","0"
"PQ307.S47 S25 2013","0","0"
"BR1306 .M66 2011","1","0"
"BP188.8.M8 G439 2012","0","1"
"CB251 .M8436 2010","1","0"
"PQ2702.E77 L37 2013","0","0"
"RA452.C67 M37 2013","0","0"
"BP188.14.S55 A4 2012","0","1"
"PJ7538 .S596 2010","1","0"
"HX186.5 .M33 2013","0","0"
"HD53 .B448 2014","7","0"
"PT9877.29.E35 M6613 2014","0","0"
"PH3012 .V588 2013","0","0"
"KBP1572 .G437 2009","1","0"
"PH3382.21.I88 I54 2013","0","0"
"HJ1438 .B33 2006","0","0"
"PR9199.4.M458 C833 2013","0","0"
"CB158 .F8887 2012","0","0"
"HN420.3.A8 H52 2013","0","0"
"PQ7798.413.O784 P85 2013","0","0"
"PQ8098.28.I33 C35 2013","0","0"
"PJ6123 .S25 2012","0","0"
"JN6768 .O47 2013","0","0"
"BP80.G27 A23 2012","0","0"
"KRM2101 .A956 2012","0","0"
"PQ7298.423.I728 D4 2013","1","0"
"PG7141.W57 K67 2013","0","0"
"PQ7442.R43 S67 2012","1","0"
"PQ6666.R64 C54 2013","0","0"
"PQ6439 .F36 2014","0","0"
"BP136.7 .N33 2010","0","0"
"BP80.T23 A623 2010","0","0"
"PA83 .O24 2014","0","0"
"BP190.5.M8 A29 2012","0","0"
"DS135.P62 K54587 2013","0","0"
"PJ7577 .D33 2010","0","0"
"KD7632 .P38 2013","2","0"
"BP134.P745 I73 2012","1","0"
"PN1998.3.W38 A3 2014","5","0"
"DF234 .Y68 2014","4","0"
"HV874.82.C52 A3 2014","1","0"
"JZ1436 .Z43 2013","0","0"
"U821.C6 M36 2013","0","0"
"ND2849.L56 W36 2013","1","0"
"PL2694.S53 S526 2013","0","1"
"PL2695.M83 L58 2013","0","0"
"PL2464.Z7 M38 2013","0","0"
"PL2461.Z7 Z4355 2013","0","0"
"DS797.72.Z546 L56 2013","0","0"
"BH221.C64 Z446 2013","0","0"
"BL1910 .Z474 2012","0","0"
"DS748.43 .L583 2013","0","0"
"DS764.23.X53 A25 2013","0","0"
"PL2727.S2 D42 2013","0","1"
"Z1003.5.C6 L588 2013","0","0"
"PN2878.H42 A3 2013","0","0"
"PN2876.T53 Z446 2013","0","0"
"AS262.L394 G83 2014","0","0"
"PQ22.O8 B37 2013","1","0"
"DK268.A1 M896 2014","1","0"
"DK268.A1 M896 2014","1","0"
"BP64.B92 I85 2009","1","0"
"PQ7195.R48 P46 2013","1","0"
"DK70.A2 A68 2013","0","0"
"DK510.763 .S43625 2013","0","0"
"E184.354 .F355 2014","0","0"
"PR9199.4.H523 S56 2014","0","0"
"DK509 .B75 2014","2","0"
"P35.5.S554 S52 2013","0","0"
"BM496.9.P66 W55 2014","1","0"
"PQ8098.422.O26 N67 2013","1","0"
"DS910.2.K7 C435 2012","0","0"
"PQ8098.423.A77 T75 2013","1","0"
"DR1318 .S82 2013","0","0"
"RA989.G44 B475 2014","0","0"
"NA1563.4 .C45 2012","0","0"
"G1038 .S83 2014","1","0"
"GT2252.K6 O5 1998","0","0"
"PQ8098.13.U48 C36 2013","0","0"
"DR1956 .L67 2013","0","0"
"HC60 .H282 2012","0","0"
"HV6960.3 .P767 2013","0","0"
"DD411 .D65 2013","0","0"
"PQ6707.O5868 A75 2013","1","0"
"HN530.S53 P28 2014","0","0"
"PR9199.4.G7325 S54 2014","0","0"
"PQ6066 .G37 2013","0","0"
"R534.T74 A3 2013","0","0"
"DB2055 .K65 2013","0","0"
"PC3942.16.I545 D47 2013","0","0"
"DF77 .V26 2014","1","0"
"HN420.3.A8 S589 2013","0","0"
"PJ6611 .B35 2014","1","0"
"BL503 .C47 2013","1","0"
"HV8959.C9 D867 2013","0","0"
"DD63 .A58 2009","0","0"
"LB1556.5 .L93 2014","2","0"
"HQ767.5.G3 S53 2002","3","0"
"PG3491.3.R625 C476 2013","0","0"
"BL2747.8 .D48 2013","0","0"
"DB2650.O8 V53 2013","0","0"
"GV21 .R44 2002","0","0"
"PQ2664.A4888 S27 2012","0","0"
"GV200 .C585 2002","1","0"
"DG268 .C3714 2014","0","0"
"PG4074.7 .C87 2013","0","0"
"DK651.B4 L45 2014","0","0"
"D765.55.K52 V85 2013","0","0"
"HE9847.3 .J55 2013","0","0"
"DS134.42.B48 A3 2014","0","0"
"PG4585 .S56 2013","0","0"
"P325.5.F72 B43 2014","3","0"
"BV4140.E5 L64 2013","1","0"
"AS262.M63 R644 2013","0","0"
"PG5040.29.T365 M59 2013","0","0"
"DS134.36.A52 L52 2013","0","0"
"KMC556 .N35 2011","0","0"
"BP10.J383 S526 2012","0","0"
"GR880 .J555 2013","0","0"
"DK258 .S47 2014","0","0"
"PK6427.6.I4 K37 2009","0","0"
"PJ7755.H3 M318 2010","0","0"
"PK6465 .Z8939 2006","1","0"
"BP189.7.C492 A2 2007","0","0"
"PK6349 .N873 2002","0","0"
"TX725.I7 J35 2010","1","0"
"BP188.8.I552 A947 2008","0","0"
"BP130.4 .M86114 2005","0","0"
"BP188.5 .F875 2008","0","1"
"B743.I7 K37 2007","0","0"
"PK6458 .A456 2004","0","0"
"PK6451.A795 B8 2003","0","0"
"PK6349.5 .M86 2010","1","1"
"PK6429 .Q26 2009","0","0"
"PK6433 .I435 2007","0","0"
"PK6470.H38 S43 2008","1","0"
"PK6451.B49 R83 2006","0","0"
"BP88.A952 B36 2004","2","0"
"PK6451.F4 M82 2004","0","0"
"PK6420.G3 R373 2004","0","0"
"BP188.9 .A658 2008","0","0"
"PK6420.S8 B53 2005","0","0"
"BP188.5 .T37 2009","0","0"
"PK6402 .B4717 2006","1","0"
"BP189 .K439 2007","0","0"
"BP188.8.I55 H327 2004","0","0"
"B728 .F53 2009","0","0"
"BP189.26 .I27 2009","0","0"
"BP189.7.M42 H365 2008","0","0"
"BP188.9 .A35 2008","0","0"
"PK6413 .A86 2009","1","0"
"PK6413 .A86 2009","0","0"
"PK6413 .A86 2009","0","0"
"PK6413 .A86 2009","0","0"
"PK6413 .A86 2009","0","0"
"PK6413 .A86 2009","0","0"
"PK6413 .A86 2009","0","0"
"PK6451 .B193 2008","1","0"
"PK6559 .Z78 2006","0","0"
"PK6549 .S566 2009","0","0"
"PK6477 .I436 2009","0","0"
"DS461.2 .B593 2003","0","0"
"BF1088.P4 T5345 2009","0","0"
"BP188.8.I55 S255 2007","0","0"
"Z8813.225 .P37 2009","0","0"
"PK6450.9 .B34 2007","0","0"
"DS293.9 .M34 2005","0","0"
"PK6420.E65 F37 2007","1","0"
"PK6412.B34 M37 2009","0","0"
"PK6199.5.P4 M66 1985","1","0"
"BJ1291 .H26 2007","0","0"
"PK6413 .K372 2007","0","0"
"PK6413 .K372 2005","0","0"
"BL1515.5.Y3 A42 2003","0","0"
"PK6197 .Z35 2006","0","0"
"BP189.68 .S29 2008","0","1"
"BP80.F8 R33 2004","1","0"
"BP80.A28 M842 2007","0","0"
"BP189.26 .N34 2009","1","0"
"PK6412.M97 K393 2006","0","0"
"BP88.A952 F37 2005","2","0"
"PK6451.A28 Z845 2006","0","0"
"PK6470.H22 K48 2009","0","1"
"PK6451 .B875 2003","0","0"
"PK6495.M3 Z754 2003","0","0"
"PJ7515 .Z353 2003","0","0"
"PK6549.S235 B3 2007","0","0"
"PS3602.E764 L56 2014","5","0"
"LB3060.33.G45 M98 2012","2","0"
"HN120.C48 I5 2013","0","0"
"PQ7155 .V545 2013","0","0"
"PQ7085 .R56 2013","1","0"
"DS913.25 .C472 2013","0","0"
"PL965.7.T72 K54 2013","0","0"
"HQ75.3 .W55 2013","1","2"
"PQ6613.U42 S56 2014","0","0"
"HQ778.7.G7 S753 2014","8","0"
"HD8081.M6 H47 2012","0","0"
"B5254.H364 S26 2011","0","0"
"PQ7298.3.R4557 D36 2014","1","0"
"PQ6669.A6416 P47 2014","1","0"
"NB1063.2 .K36 2012","0","0"
"DS924.K3 K364 2009","0","0"
"DS903 .K86 2008","1","0"
"PL913 .Y65 2011","1","0"
"PL913 .Y65 2011","1","0"
"PL913 .Y65 2011","1","0"
"HN310.Z9 V5329 2012","1","0"
"D804.3 .B6923 2004","0","0"
"PQ7392.A785 R37 2013","1","0"
"PK6410 .M64 2014","3","1"
"DS135.S35 O47 2006","0","0"
"DS134.72.T73 A4 2005","1","0"
"HN110.5.A8 T36 2013","1","0"
"D805.5.A96 Z87 2004","0","0"
"PT2607.I6 A2 2014","0","0"
"DC611.P958 J36 2014","0","0"
"D804.175.S84 A16 1995","0","0"
"DS480.84 .A734 2013","1","0"
"PQ8098.16.O35 L57 2014","0","0"
"PS3556.O737 H54 2013","0","0"
"PQ7389.L49 Z75 2014","0","0"
"DS135.S353 A513 2010","0","0"
"DS151.L8 D76 1983","2","0"
"F1221.T7 D53 2012","0","0"
"PR3605.N2 Z59 1998","3","0"
"DK32 .F442 2013","0","0"
"DD258.8 .W544 2013","0","0"
"DS135.Y8 M513 2005","0","0"
"JV7409.G84 S25 2012","0","0"
"KBP320.M39 A74 2012","0","0"
"DT156.6 .B37 2010","1","0"
"BF441 .C285 2013","4","0"
"BP184.3 .M35 2013","0","0"
"DS97.3 S255 2008","0","0"
"BJ1402 .T47 2005","0","0"
"HT151 .U663 2014","2","1"
"PS3602.U85 S55 2014","8","0"
"PS3561.I483 M7 2014","7","1"
"BP173.6 .S58 2013","1","0"
"DC334 .J3 2000","0","0"
"PQ7297.P285 Z884 2012","0","0"
"BR127 .F468 2013","0","0"
"DG274 .S3314 1992","0","0"
"HX864 .M45 2013","0","1"
"PG5039.15.R33 P88 2013","0","0"
"PQ7442.M375 R58 2013","0","0"
"BV639.W7 B35 2012","1","0"
"BP166.2 .A463 2012","0","0"
"PH3012 .S944 2013","0","0"
"PQ7298.26.I8 Z62 2013","0","0"
"BP165.5 .A57 2013","0","0"
"DK34.G3 P48 2012","0","0"
"PL913 .Y652 2011","2","0"
"PL913 .Y652 2011","2","0"
"PL913 .Y652 2011","2","0"
"BP173.7 .G69 2014","0","0"
"D804.U35 P649 2012","0","0"
"DK38.7.N35 A3 2013","0","0"
"B378 .P6914 2007","0","0"
"PG7158.M5532 M565 2013","0","0"
"DC130.M2 A4 2009","0","0"
"DC130.M2 A4 2009","0","0"
"PQ2702.O989 H48 2013","0","0"
"D764.3.S7 G5886 2014","0","0"
"PT134.A57 F47 2014","0","0"
"PT2046 .E7 n.s.,v. 83, no. 2","2","0"
"LA219 .W43 2014","0","0"
"PR9639.3.M37 E39 2014","0","0"
"PR9639.3.M37 E39 2014","0","0"
"PR9639.3.M37 E39 2014","0","0"
"PR9639.3.M37 E39 2014","0","0"
"PR9639.3.M37 E39 2014","0","0"
"PR9639.3.M37 E39 2014","0","0"
"PR9639.3.M37 E39 2014","0","0"
"PR9639.3.M37 E39 2014","0","0"
"PT2668.A5 Z883 2013","0","0"
"PH3281.L313 F8 1979","0","0"
"N7445.4 .R588 2014","0","0"
"PG5439.12.E56 P57 2008","0","0"
"HM728 .K64 2014","0","0"
"PT5881.2.A59 M36 2013","0","0"
"PN1995.67.T53 J83 2013","0","0"
"PQ7298.17.O524 F38 2013","0","0"
"PQ7298.19.B3 Z79 2013","0","0"
"DB983.5 .F33 1977","0","0"
"PQ6605.E7 Z562 2013","0","0"
"PS3613.I55 P7516 2010","0","0"
"DB925 .L46 2001","1","1"
"DK511.V356 P87 2011","0","0"
"CN580 .W544 2010","1","0"
"KBP440.55.S53 M36 2012","0","0"
"DK510.76 .G765 2013","0","0"
"D804.195 .C352 2008","2","0"
"PT1110.J4 A34 2013","0","0"
"BL820.B2 M37 2014","2","0"
"D16.8 .P38 2014","0","0"
"BL65.C62 R45 2014","0","0"
"Z115.5.P45 Z46x 2014","0","0"
"PS3607.I28 O54 2014","6","0"
"JC85.S4 K83 2013","0","0"
"PQ4882.E8 Z85 2014","0","0"
"PN56.T76 P76 2013","0","0"
"GT3286.K6 C463 2003","0","0"
"GT3286.K6 C463 2003","0","0"
"GT3286.K6 C463 2003","0","0"
"PQ4638 .Z6 2013","0","0"
"DG571 .P227 2013","0","0"
"DS916.55 .K5324 2013","0","0"
"PQ6055 .E73 2013","1","0"
"PQ6653.A534 M66 2013","0","0"
"PQ7442.F88 I586 2013","0","0"
"PQ6707.O5853 S54 2013","0","0"
"PQ7298.423.A7685 M8 2012","0","0"
"PN6790.M63 M685 2012","0","0"
"B738.N3 N37 2014","1","0"
"DS796.N2 L36 2012","0","0"
"GT1555 .D3 2013","2","0"
"PL2303 .D3524 2011","2","0"
"JQ1507 .W44 2013","1","0"
"DS797.68.X535 X535 2013","0","0"
"GT1720 .L5 2012","0","0"
"PN1995.9.C45 L56 2012","0","0"
"DS797.28.D863 S43 2013","1","0"
"DS797.56.N365 C4477 2013","0","0"
"GT1555 .C535 2013","0","0"
"PN1998.3.J523 A3 2013","1","0"
"BQ4570.R44 R36 2013","2","0"
"CS1162 .F46 2013","0","0"
"HQ801 .S866 2012","2","0"
"GT3283.A2 W825 2012","0","0"
"GT3283.A2 W825 2012","0","0"
"PN1978.C5 Q58 2013","0","0"
"PN2053 .D4412 2013","0","0"
"DS730 .Z483 2006","0","1"
"PL1420 .Z36 2013","0","0"
"DS821.5.C5 Y66127 2013","0","1"
"PL2343 .S646 2013","2","0"
"PL2343 .S646 2013","1","0"
"DS749.3.W813 Z48 2013","1","1"
"PL1497 .S46 2013","0","0"
"PL2886.O1684 B53 2010","0","0"
"PL1900.P44 B454 2013","1","0"
"JQ1512 .C445 2013","1","0"
"PL2886.O1684 A6 2010","0","0"
"DS748.17 .Z434 2013","0","0"
"DS754.14 .L56 2013","0","0"
"DS797.32.G836 Z4283 2013","0","0"
"DS734.97.U6 B455 2013","0","0"
"DS770 .I17 2013","0","0"
"DS770 .I17 2013","0","0"
"DS793.S4 S436 2013","0","0"
"DS793.S4 S436 2013","0","0"
"DS793.Y8 J56 2013","0","0"
"HQ1181.C5 Z468 2013","1","0"
"HB2114.A3 L58 2013","0","0"
"BQ1257 .B834 2012","0","0"
"TH4870 .Z438 2013","0","0"
"PN2877 .Z4642 2013","0","0"
"PL2293 .S664 2013","0","0"
"KNN275.T44 S85 2013","1","0"
"DS796.S257 W362 2013","0","0"
"PN1993.5.C6 C446 2013","1","0"
"HS310 .S496 2013","0","1"
"PN1998.3.A58 H68 2013","2","0"
"UA837 .J848 2013","0","0"
"BX2347.72.C6 W83 2013","3","0"
"BF241 .Y54 2013","0","0"
"BR115.C8 J533 2013","0","0"
"PN1993.5.C4 Z466 2012","0","0"
"PN2885.G83 H83 2012","0","0"
"PN1993.5.C4 H836 2012","0","0"
"DS721 .W364 2013","0","0"
"HT384.C6 H35 2013","0","0"
"PL2886.O1684 Z46 2010","0","1"
"KNQ683 .W37 2013","1","0"
"HQ1236.5.C6 B36 2013","0","0"
"DS777.15.W365 T65 2012","0","0"
"PL2851.P42 S4 2013","0","0"
"PL2886.O1684 L56 2012","1","1"
"PL2886.O1684 Z986 2008","0","0"
"PL2886.O1684 A6 2011","0","0"
"JQ1512.Z13 A6873 2013","0","0"
"PL2878 .N142374 2013","2","0"
"PL2878 .N142374 2013","3","0"
"PL2878 .N142374 2013","1","0"
"PL2878 .N142374 2013","1","0"
"DS754.66 .L584 2012","0","0"
"JQ1509.5.E8 Y68 2013","0","0"
"HJ2981 .H46 2012","0","0"
"DS796.M257 X826 2013","0","0"
"HF3835 .C47 2012","0","0"
"DS754 .W3685 2013","0","0"
"LC54.C6 B35 2012","0","1"
"PL2886.O1684 Z75 2012","2","1"
"DS793.F8 W827 2011","1","0"
"PL2513 .X54 2012","0","0"
"PL2886.O1684 A15 2010","0","0"
"PN1993.5.C6 Z48 2013","0","0"
"N7349.F45 A4 2012","0","0"
"PL2387 .C464 2013","0","0"
"HB236.C55 Y88 2013","0","0"
"PN2876.L56 Y36 2012","0","0"
"N7475 .S55 2013","1","0"
"N7475 .S55 2013","1","0"
"DS775.7 .C4964127 2013","0","1"
"HQ684.Z9 T544 2012","0","0"
"PN1998.3.T65 T467 2013","0","0"
"DP557.A8 G828 2013","0","0"
"JQ1509.5.C6 M46 2013","0","0"
"NX460 .L828 2012","0","0"
"U168 .W36 2013","0","0"
"DS925.S8 K86 2010","0","0"
"HV1484.K82 K553 2013","0","0"
"KPA1642 .Y53 2012","0","0"
"DS922.42.K556 A3 2010","0","1"
"DS922.42.K556 A3 2010","0","0"
"DS134.7 .N24 2014","0","0"
"B223 .P74 2014","1","0"
"PN1995.9.F54 A73 2014","0","0"
"D424 .Z46 2013","0","0"
"PQ4181.S35 I26 2014","0","0"
"PR6119.M586 F37 2014","1","0"
"PS3553.U75 G48 2014","2","0"
"D383 .S85 2014","3","0"
"PS217.F35 J33 2014","3","0"
"PS3558.U494 S54 2014","1","0"
"PQ3919.2.S478 W37 2008","0","0"
"PQ3919.2.S478 T79 2007","0","0"
"PQ3919.2.S478 H36 2007","0","0"
"PG5040.29.T344 H72 2013","0","0"
"PQ3919.2.S478 T78 2005","0","0"
"PQ6351 .B35 2013","3","0"
"DT450.44 .R38 2014","2","0"
"DD354 .M58 2014","0","0"
"GT2620 .A46 2013","0","0"
"P945 .T38 2014","0","0"
"PQ6388.C8 M39 2013","0","0"
"PN56.F59 N34 2013","0","0"
"PR6107.R426 D48 2014","2","0"
"PQ7798.423.U34 A75 2013","0","0"
"PS3556.I458 S87 2014","3","0"
"PS3606.I824 R47 2014","2","0"
"PQ6657.A7966 C83 2014","0","0"
"DD204 .D48 2013","0","0"
"PQ8180.17.A73 Z655 2013","0","0"
"BX4705.C334 B55 2014","0","0"
"DS135.L53 N36 2014","0","0"
"PT2603.A33 Z695 2014","0","0"
"PQ7122.A45 U585 2013","0","0"
"PQ7298.18.E59 A78 2013","2","0"
"JV7409.M53 N38 2013","1","0"
"LE36.S32 O74 2013","0","0"
"F3126 .O67 2013","0","0"
"DK507.9.V58 T383 2012","0","0"
"BL221 .G483 2014","0","0"
"PG2973 .A73 2007","0","0"
"PS3558.E28 A617 2003","0","0"
"PC5333 .C657 2010","10","1"
"GV850.S225 C47 2013","0","0"
"BX137.14 .M375 2012","0","0"
"PG5039.13.E5 J48 2013","0","0"
"PQ8520.1.I5 G83 2013","2","0"
"PQ6665.T86 E83 2013","0","0"
"PQ9452 .N68 2013","0","0"
"PN56.C674 V37 2013","0","0"
"F2274 .P27 2010","0","0"
"PH3177 .H276 2013","0","0"
"F2119 .A728 2010","1","0"
"DK34.N4 K398 2013","0","0"
"PS3602.O653 I67 2014","0","0"
"DK651.A7 K746 2010","1","0"
"HV6433.I8 C46 2013","0","0"
"PR4250.B73 S45 2014","0","0"
"PQ2704.I24 V4713 2014","7","0"
"PN164 .E39 2014","1","0"
"KKP110.L46 A3 2013","0","0"
"PN1995.8 .P72 2013","0","0"
"HV8202.3.A2 D568 2013","0","0"
"DS910.2.J3 H284 2010","0","0"
"DK4185.U38 P278 2013","0","0"
"PG7158.T82 P63 2013","1","0"
"DS914.27 .Y52 2013","0","0"
"PG3230.7.P75 V65 2013","0","0"
"DB2107 .H474 2013","0","0"
"D811.5 .K37 2013","0","0"
"DS914.37 .U55 2012","0","0"
"PT1853 .A1 2014","0","0"
"KJP5446.3 .S64 2013","0","0"
"DB2188.7 .C45 2013","0","0"
"DK32 .M6623 2013","0","0"
"JA71 .P54 2013","1","0"
"PR658.E57 E83 2014","2","0"
"PS3560.E33 P33 2013","0","0"
"RG651 .L23 2014","1","0"
"PS3569.T826 Z46 2014","0","0"
"PS3605.L418 W43 2014","0","0"
"RD553 .C88 2014","3","0"
"PN5110 .P48 2014","4","0"
"PS586.3 .O84 2014","1","0"
"PR6107.R369 S44 2014","2","0"
"PN3433.5 .S326 2013","1","0"
"BD431 .M48 2013","3","0"
"LB1556.5 .L93 2014","2","0"
"HC59.7 .L389 2013","0","0"
"BP75.2 .S55 2011","0","0"
"DK254.R82 B724 2010","0","0"
"BP75.2 .J34 2012","1","0"
"PN1993.5.M8 A84 2012","0","0"
"PJ8280.2 .T83 2010","0","0"
"B741 .M88 2009","0","0"
"B741 .M88 2009","0","0"
"DX223 .C54 1983","0","0"
"PQ7298.429.A54915 O87 2014","0","0"
"PR6102.R662 I2 2013","3","0"
"PH3241.H44 F36 1985","0","0"
"RC140 .J49 2013","0","0"
"PT2613.R57 G7 2014","0","0"
"GV1469.3 .F78 2014","0","0"
"PT2711.U25 M8 2012","0","0"
"PQ2671.O426 Z54 2014","0","0"
"PQ2676.E7846 S6813 2014","0","0"
"DB2650.U85 R623 2013","0","0"
"PN5355.C942 J476 2013","0","0"
"CD1167.5.O62 K73 2014","1","0"
"DB96 .S73 2014","0","0"
"DS749.35 .S437 2013","0","0"
"DS134.42.S67 M859 2013","0","1"
"PL2705.E595 H29 2013","0","0"
"PL2705.E595 H29 2013","0","0"
"PL2309.F8 L5534 2013","0","0"
"DT295.3.Z39 A3 2010","0","0"
"PQ315 .V58 2013","0","0"
"BT375.3 .W75 2014","1","0"
"PQ3989.2.M2525 A98 2010","0","0"
"DG866 .F28 2014","4","0"
"DT298.K2 M64 2009","0","0"
"DT183 .O94 2011","0","0"
"PZ7.F179 If 2013","0","0"
"HV6548.A42 O738 2011","1","0"
"LB1778.5.E3 A28 2012","0","0"
"PG2947.B3 S46 2014","1","0"
"DT107.826 .E24 2010","0","0"
"BR1336 .C45 2014","1","0"
"PR6052.U6683 Z46 2014","0","0"
"JQ1062.A99 Y46 2012","0","0"
"GV1061.15.B37 A3 2014","0","0"
"GV944.L3 C35 2014","1","0"
"GR317 .A34 2011","0","0"
"GV706.5 .H37 2014","0","0"
"HT147.A2 P84 2014","0","0"
"HQ767.15 .S56 2013","0","0"
"DS779.49.Z469 H66 2013","3","0"
"DA566 .M3773 2014","2","0"
"JZ5588 .D46 2014","1","1"
"DA783.41 .M62 2014","4","0"
"HG222.3 .L664 2014","0","0"
"HQ1090.7.I74 D4 2014","3","0"
"BT736.2 .B55 2014","0","0"
"KBP440.55.S53 A38 2011","1","0"
"PG5039.3.O648 N613 2014","0","0"
"PR4038.S46 E35 2013","0","0"
"PL1071 .D66 2013","0","0"
"PN2871 .W468 2013","0","0"
"PQ6706.E764 L57 2014","0","0"
"HD5717.5.H9 A5321 1980","0","0"
"PH2105 .R32 1961","1","0"
"PQ7298.426.E87 M37 2013","0","0"
"PN1991.77.H85 S93 1986","1","0"
"B127.C65 R8233 2013","0","0"
"PQ6291 .M45 2013","0","0"
"PQ6716.A349 H39 2014","0","0"
"PH706 .S25 2007","0","0"
"PQ8097.N4 Z579 2013","0","1"
"PQ7291.S52 S54 2012","0","0"
"PR6103.A89 A6 2014","0","0"
"PQ7298.26.E686 P37 2013","0","0"
"PQ7298.19.B3 Z84 2013","0","0"
"BT83.57 .F468 2013","0","0"
"BL2566.P8 P66 2012","0","0"
"PQ6705.S6255 T46 2013","0","0"
"DS779.49.W36 W36 2013","3","0"
"PJ7525.2 .A45 2010","0","0"
"F1938.58.B67 E58 2013","0","0"
"B741 .M88 2010","0","0"
"BP130.58 .A65 2013","1","0"
"PT9877.22.A34 I8713 2009","4","0"
"PQ7298.422.E55 C65 2013","0","0"
"HN310.Z9 S628 2012","0","0"
"PT2642.R22 Z945 2014","1","0"
"PH3382.21.A75 O73 2003","0","0"
"PH3382.21.A75 O73 2003","0","0"
"BF1556 .M46 2011","0","0"
"PT2424.L64 A6 2014","0","0"
"PM6082.Z77 A36 1993","0","1"
"BP176 .M37 2010","1","0"
"LC5215 .K27 2014","0","0"
"PQ8259.2.C33 D44 2013","0","0"
"TS1090 .M66 2014","3","0"
"UA830 .R69 2014","1","0"
"F1246 .M58 2011","0","0"
"HN440.V5 M34 2014","0","0"
"PA4037 .N523 2014","4","0"
"HF5549.A2 P526 no. 60-68","0","0"
"F787 .E6 2011","0","0"
"PQ7389.V55 C435 2012","1","0"
"P380 .M348 2008","0","0"
"GR830.V3 S82 2001","0","0"
"PN1993.43.O7 O78 2014","0","0"
"PN1993.43.O7 O78 2014","0","0"
"PN1993.43.O7 O78 2014","0","0"
"HF5549.A2 P526 no. 71-75","0","0"
"PQ8097.L47 Z72 2013","0","0"
"PK6451.B53 D37 2002b","0","0"
"PK6451.B53 D37 2002b","0","0"
"PQ6625.A65 M54 2013","0","0"
"PR6073.E47 S49 2014","2","0"
"PQ7389.M59 H6 2014","0","0"
"PK6549 .S32 2009","0","0"
"PK6549 .S32 2009","0","0"
"CT954 .K44 2003","0","0"
"PK6561.Y33 Z622 2005","0","0"
"HF5549.A2 P526 no. 77-86","0","0"
"PN1892 .C36 2014","0","0"
"PG7178.T62 S36 2005","0","0"
"PG5439.12.A448 U54 2003","0","0"
"HF5549.A2 P526 no. 87-96","0","0"
"PG5439.32.I4 S55 2006","0","0"
"PQ3989.2.L262 Z45 2011","0","0"
"PQ3989.3.B427 F54 2011","1","0"
"DT299.T55 E99 2011","0","0"
"HQ1790.5 .I43 2008","1","0"
"PG7158.B796 P45 2011","1","0"
"PK6451 .D343 2006","1","0"
"HV5801 .W5885 2011","0","0"
"GV854.2.K567 A3 2013","0","0"
"PK6413 .A79 2006","1","0"
"PL5139.S46 A24 2012","0","0"
"BP189 .K26 2010","0","0"
"JQ1062.A91 S56 2012","0","0"
"PN849.C3 R63 2012","2","0"
"HC240 .B66 2014","1","0"
"JX1974.7 .E53 2013","0","0"
"HN733.5 .I584 2012","0","0"
"PK6561.Y33 Z622 2005","0","0"
"PK6470 .H338 2004","0","0"
"GR290.A94 A97 1998","0","0"
"BP189 .K523 2010","0","0"
"PK6482 .K47 2009","0","1"
"PK6451.F4 Z84 2007","0","0"
"PK6490.Z5 A68 2004","1","1"
"PH3291.P287 A22 1999","0","0"
"PN6145.S6 C47 2013","0","0"
"HC200.E5 D464 2013","0","0"
"F2260.9 .I473 2013","0","0"
"HF5549.A2 P526 no. 97-107","0","0"
"PR9619.3.M76 P514 2012","0","0"
"PN1993.4 .T34 2013","0","0"
"HQ1075 .A27 v.18B","0","0"
"B127.N4 H45 2013","0","0"
"HF5549.A2 P526 no. 108-119","0","0"
"PK6477.I5 B3 2013","1","0"
"HB1991 .A78 2013","0","0"
"JV7433 .M55 2013","0","0"
"F1392.A5 L59 2012","1","0"
"B753.D363 U38 2013","1","0"
"PN56.T69 G87 2013","0","0"
"PR6102.E225 G56 2014","2","0"
"LC2330 .Y68 2013","16","0"
"P301 .B365 2013","0","0"
"PR9348 .A37 2013","0","0"
"P301 .B366 2013","1","0"
"BS1505.6.P68 W55 2014","0","0"
"PR6108.A737 T54 2014","4","0"
"PQ6647.A514 Z724 2013","0","0"
"NC999.4.G55 A4 2012","0","0"
"DF261.M5 G945 2014","1","0"
"PE1628 .M367 2014","8","1"
"BL51 .A56 2014","0","0"
"PH3281.K2349 V352513 2002","0","0"
"PQ7276 .N33 2012","1","0"
"PN1993.5.T8 I43 2013","0","0"
"BP187.3 .I26 2013","1","0"
"PL2470.Z7 J568 2013","0","0"
"DS36.85 .J274 2013","1","0"
"PL2447 .L58 2013","0","0"
"PL1281 .L579 2013","0","0"
"DB983.5 .B936 2003","1","0"
"BJ1533.K5 S28 2014","4","0"
"Z6605.E5 I53 1984 handlist 21","0","0"
"PF4521 .M33 2014","0","0"
"PQ6672.I393 U58 2014","0","0"
"DS797.84.Y55 Y54 2013","0","0"
"KK927 .R44 2014","0","0"
"BP193.5 .V55 2013","2","0"
"BP193.5 .V55 2013","1","0"
"PR6058.E2 Z82 2008b","1","3"
"N5760 .L3 2013","1","0"
"PQ8098.412.R55 P86 2013","0","0"
"E183.8.C9 A73 2013","0","0"
"F3083 .R647 2014","0","0"
"PQ8098.425.V36 C37 2013","0","0"
"HN113.5 .C85 2012","0","0"
"HM766 .H47 2013","0","0"
"PL2354 .Y365 2013","0","0"
"D804.65 .H65 2013","0","0"
"PR408.G68 W66 2014","0","0"
"E184.M5 C3684 2012","0","0"
"PQ4038 .F57 2014","0","0"
"PQ7297.P285 Z81 2013","1","0"
"PG5439.12.A448 C84 2008","0","0"
"HQ1075.5.P7 S76 2009","0","0"
"PK6416 .S58 2013","0","0"
"PK6416 .S58 2013","0","0"
"PN849.E92 B35 2000","0","0"
"GN564.C9 C83 2012","0","0"
"PE1073 .A38 2013","0","0"
"BP173.7 .D29 2013","0","0"
"BP173.7 .D29 2013","0","0"
"BP173.7 .D29 2013","0","0"
"BP173.7 .D29 2013","0","0"
"BP173.7 .D29 2013","0","0"
"PH3307 .F45 1972","3","0"
"PN56.I4 W55 2014","1","0"
"PT9816 .S77 2014","1","0"
"DA690.K7 S27 2014","0","0"
"P96.A86 M38 2010","3","1"
"PN45 .M4728 2014","0","0"
"PG2981.P6 P79 2013","1","0"
"PN75.J36 R63 2000","1","0"
"E118 .G189 2014","1","0"
"PR9199.4.C549 E54 2014","0","0"
"PR461 .F35 2013","0","0"
"DA995.D75 D53 2014","0","0"
"PJ7930.M73 H54 2010","2","0"
"BP190.5.B3 Y34 2010","0","0"
"DS38.1 .K43 2000z","1","0"
"BP130.8 .Y34 2010","1","0"
"DS154.9.A5 A36 2010","1","0"
"PJ7814.L6 A43 2012","1","0"
"DS113.6 .M87 2012","1","0"
"DR479.I78 T87 2010","0","0"
"BP194.1 .K37 2011","0","0"
"BP189 .R23 2012","0","0"
"HV555.G27 B53 2010","0","0"
"PN6519.A7 S495 2012","0","0"
"DS247.Y48 A6456 2012","0","0"
"BP195.Z2 D393 2012","0","0"
"BP80.Y339 K34 2012","2","0"
"DS126.5 .F56 2011","0","0"
"BP178 .H33 2012","0","0"
"DS247.7.D38 I36 2010","0","0"
"BP76.8 .H344 2013","1","0"
"BP194.16 .N37 2010","1","0"
"BP170 .S51457 2009","1","0"
"BP166.2 .Y34 2010","0","0"
"DS247.H3 A55 2010","0","0"
"KBP380.N38 A37 2011","0","0"
"DS110.G3 F396 2010","0","0"
"DS38.6 .A2925 2008","0","0"
"BP173.44 .S539 2009","0","0"
"BP188 .M72 2012","0","0"
"BP194.1 .T37 2007","0","0"
"DS154.5 .D39 2011","1","0"
"BP171.5 .Z36 2011","0","0"
"DT295.6 .R34 2011","1","0"
"BP188.8.A5 R384 2011","0","0"
"BP166 .G53 2012","1","0"
"PJ7816.U6525 D56 2010","0","0"
"PJ7904.A948 S37 2010","1","0"
"PJ7677 .I67 2010","1","0"
"PJ7946.A44 L37 2004","1","0"
"PJ7962.H354865 M347 2007","1","0"
"PJ7928.J58 L36 2011","0","0"
"PJ7864.I4 Z62 2010","1","0"
"PJ7966.K34 I433 2005","0","0"
"PJ7950.U43 A54 2009","1","0"
"PJ7816.A93 D48 2009","1","0"
"PJ7966.M372 S25 2010","0","0"
"PJ7826.H36 Z38 2010","0","0"
"PJ7910.D36 Q85 2011","0","0"
"PJ7862.A75 D47 2010z","1","0"
"DS247.Y48 A45 2012","1","0"
"DT157.66 .U43 2010","0","0"
"UB251.I78 A43 2011","0","1"
"DT159.6.D27 S37 2010","0","0"
"DT157.675 .H37 2011","1","0"
"PJ7962.H3755 I47 2011","1","0"
"PJ7852.A75 H59 2011","0","0"
"PJ7908.R345 H55 2011","0","0"
"BP195.Z2 H366 2012","0","0"
"DK511.A5 M6 2009","0","0"
"BX596 .S5525 2012","1","0"
"PQ6603.A7 Z34 2014","0","0"
"PQ7440.Q492 T63 2012","0","0"
"HM811 .J36 2013","0","0"
"PQ6081 .P638 2014","0","0"
"PL992.42.U5 M36 2010","0","0"
"PL992.42.U5 M36 2010","0","0"
"PL992.42.U5 M36 2010","0","0"
"PL992.42.U5 M36 2010","0","0"
"PL992.42.U5 M36 2010","0","0"
"PL992.42.U5 M36 2010","0","0"
"PL992.42.U5 M36 2010","0","0"
"PL992.42.U5 M36 2010","0","0"
"PL992.42.U5 M36 2010","0","0"
"PL992.42.U5 M36 2010","0","0"
"PL992.42.U5 M36 2010","0","0"
"P211.3.I7 Q27 2013","0","0"
"BP189 .N39 2013","0","0"
"HD57.7 .H55 2014","5","0"
"HC103 .O36 2014","1","0"
"HV6768 .N39 2014","1","0"
"JC423 .A58 2014","1","0"
"HF5549 .F4194 2014","0","0"
"HT178.S982 D367 2014","0","0"
"JZ1312 .P67 2014","2","0"
"HD8700.67 .P53 2014","0","0"
"GF90 .A38 2014","1","0"
"HT388 .A485 2013","1","0"
"HV6626.3 .T39 2014","0","0"
"HM1116 .C37 2014","0","0"
"LB880.F732 T673 2014","5","0"
"E78.S7 B344 2014","1","0"
"HM846 .G44 2014","1","0"
"HN488.R6 G56 2014","0","0"
"HN700.5.A8 M33 2013","1","1"
"GR166 .G75 2014","1","0"
"E99.M8 S56 2014","7","0"
"HM571 .O64 2014","0","0"
"JZ5006.7 .V74 2014","0","0"
"HV551.3 .D573 2014","0","0"
"LB2331.72 .P77 2014","0","0"
"HT1321 .S75 2014","1","0"
"LC1099.3 .T35 2014","1","0"
"HF5438.25 .K6598 2014","0","0"
"GN470.7 .L43 2014","0","0"
"TX840.B3 D478 2014","0","0"
"JK1991 .V65 2014","3","1"
"HE6935 .F67 2014","0","0"
"HD9415 .M37 2014","0","0"
"JZ4997.5.C6 L58 2014","0","0"
"HT151 .C5682 2014","0","0"
"JQ1499.A38 R4393 2014","0","0"
"HG179.5 .B77 2014","1","0"
"HD9993.E452 H37 2014","7","0"
"LC191.8.L37 M68 2014","0","0"
"HD5257 .S64 2014","1","0"
"PN5369.B453 C479 2014","0","0"
"HT166 .A7844 2014","2","0"
"LA217.2 .M366 2014","0","0"
"HG5587 .M57 2014","0","0"
"JN6695 .A8625 2014","0","0"
"HV8885 .M87 2014","2","0"
"JZ5538 .M547 2014","2","0"
"HD38.2 .H49 2014","6","0"
"K3850 .A93 2014","0","0"
"BF575.F66 F745 2014","0","0"
"HD9000.5 .M333 2014","7","0"
"HD2755.5 .G56 2014","0","0"
"JK468.I6 D48 2014","7","0"
"HD9560.4 .H65 2014","1","0"
"TX369 .W38 2014","1","0"
"JN30 .C66513 2014","2","0"
"DS63.1 .G68 2014","2","0"
"KJE7975 .L44 2014","0","0"
"HG540 .F67 2014","1","0"
"JV8198 .N44 2014","0","0"
"JZ1570 .N48 2014","1","0"
"KF4905 .S65 2014","1","0"
"HV6453.M6 H65 2014","0","1"
"HF5386 .B8763 2014","1","0"
"JC323 .P58 2014","3","0"
"HJ9929.T34 T55 2014","1","0"
"HD9502.P35 P65 2014","0","0"
"HM881 .R44 2014","3","0"
"DS371.412 .H55 2014","1","0"
"GN365.9 .G36 2014","1","0"
"HF5415.332.M56 T48 2014","0","0"
"HT166 .S4625 2014","0","0"
"HT131 .W35 2014","0","0"
"JV6347 .L86 2014","1","0"
"JK468.E7 L494 2014","3","0"
"HD69.S8 K536 2014","2","0"
"JZ1570.A5 C53 2014","2","0"
"JC423 .C664 2014","1","0"
"HF5415.5 .D43 2014","0","0"
"LB1584 .D47 2014","1","0"
"LB2806 .E4225 2014","0","0"
"KF3775 .S26 2014","5","0"
"HD7091 .E68 2014","1","0"
"P115.2 .W43 2014","3","0"
"HD9000.5 .L554 2014","0","0"
"BF175.4.R44 H49 2014","2","0"
"HD1699.S732 K43 2014","0","0"
"HB501 .S47613 2014","2","0"
"HV1421 .S25 2014","0","0"
"HC835.Z7 A43 2013","0","0"
"LC149 .I527 2014","0","0"
"HN49.C6 C43 2014","0","0"
"HD5764.A6 J63 2014","0","0"
"HQ799.2.P6 P37 2014","0","0"
"TS171 .L44 2014","1","0"
"LC1099 .M832 2014","0","0"
"H61.26 .O55 2014","1","0"
"HD58.7 .O7393 2014","0","0"
"HV11.2 .U74 2014","0","0"
"HM851 .T39 2014","7","0"
"GR72.3 .J32 2013","5","0"
"BF109.F76 R43 2014","0","0"
"LB2331 .W57 2014","0","0"
"HC800 .R44 2014","1","0"
"LA217.2 .S377 2014","0","1"
"BF233 .H37 2014","1","0"
"HF5415.1265 .E93 2014","0","0"
"HD7287.96.E85 S63 2014","2","0"
"BF161 .M58 2014","1","0"
"LB1050.36 .W43 2014","0","0"
"JZ1242 .T47 2014","3","0"
"BF81 .M33 2014","1","0"
"JC423 .S62 2014","2","1"
"BF723.C5 S755 2013","1","0"
"BF723.T78 T78 2014","1","0"
"GT1730 .H84 2013","0","0"
"HD57.7 .H5334 2014","0","0"
"LB3013.3 .S55 2014","1","0"
"HV5740 .S73 2013","1","0"
"HD1691 .W38 2014","2","0"
"HD53 .N47 2014","5","0"
"LG51.M32 A85 2014","0","0"
"PK6412.G46 M84 2013","0","0"
"DS779.46 .L36 2013","3","1"
"PN56.T5 F88 2013","0","0"
"PK6458 .B544 2012","0","0"
"DG551 .G35 2014","0","0"
"KNQ41.B368 S66 2013","3","2"
"DP402.S317 G73 2013","0","0"
"BX597.P3846 D37 2013","0","0"
"PQ4204.A8 I82 2014","0","0"
"DS779.49 .Z468 2013","0","0"
"PQ7298.16.A52 R6 2013","0","0"
"DS318.84.K48 K48 2012","0","0"
"JL1050 .N84 2013","0","0"
"PS153.N5 F536 2014","3","0"
"PS153.N5 F536 2014","7","0"
"PN1993.5.E3 N53 2014","1","0"
"F2274 .C66 2012","0","0"
"BF38 .A48 2014","2","1"
"T690.B1 G74 2013","1","0"
"T690.B1 G74 2013","1","0"
"T690.B1 G74 2013","1","0"
"T690.B1 G74 2013","1","0"
"R692 .W65 2014","4","0"
"RC552.P67 M67 2014","1","1"
"DS779.49.B63 Y86 2013","0","1"
"HN310.Z9 V5367 2013","0","0"
"R482.P4 J68 2014","1","1"
"R725.5 .H67 2014","1","1"
"BP130.8 .D378 2012","0","0"
"JQ1509.5.C6 S485 2013","1","0"
"BP130.4.T3163 R35 2014","0","0"
"PQ1483.G3 A556 2014","0","0"
"NX562.A1 M44 2013","0","0"
"PG2925 .M498 2013","0","0"
"D804.3 .L827 2012","0","0"
"PK6495.N3 Z67 2013","0","0"
"PQ2667.O53 M318 2014","0","0"
"UA26.E18 D46 2014","1","0"
"DS779.46 .A625 2014","1","0"
"PQ2713.A76 S89","0","0"
"PQ1875.M8 V69 2014","0","0"
"PQ8180.32.A4277 Z624 2013","0","0"
"PQ7298.429.A43 E6 2013","0","0"
"UA42 .E45 2014","1","0"
"PQ3980.5 .F72 2013","0","0"
"JV7401 .E53 2011","0","0"
"BP189.26 .M37 2013","0","0"
"DS786 .S5243 2013","0","1"
"DS119.6.R33 I87 2014","0","1"
"DC707 .P36 2014","0","0"
"JZ1480 .C63 2014","0","0"
"PQ6619.I4 Z46 2014","0","0"
"PT772 .E357 2014","0","0"
"PT5881.21.U78 Z85 2014","0","0"
"DC33.7 .R534 2013","1","0"
"PL313.5 .N57 2013","0","0"
"DC59.8.G3 S44 2013","0","0"
"PA3937 .T33 2013","0","1"
"PQ6502 .N52 2014","0","0"
"DS271.7.V37 S53 2013","1","0"
"PN56.M534 S28 2014","0","0"
"PN593 .S23 2013","0","0"
"D383 .L43 2013","0","0"
"BX492 .F38 2009","1","0"
"PA3012 .T734 2013","0","0"
"KLA2688 .P48 2012","0","0"
"JV7398 .P65 2013","0","0"
"B798.P4 H55 2013","0","0"
"PQ1735.C3 S6 2013","0","0"
"PQ7169 .P37 2013","0","0"
"PG3479.3.L567 Z46 2012","0","0"
"BL795.P57 R8313 2014","2","0"
"PQ9264.E74 Z85 2013","0","0"
"DC146.G825 C38 2012","4","1"
"BX1378.7 .F7375 2014","0","0"
"PH1 .S8 v.109","0","0"
"PS3511.A86 Z78321188 2014","0","1"
"PR6065.D578 W53 2014","0","0"
"PL2274 .X79 2013","0","0"
"PL2443 .X548 2013","0","0"
"PL3032.S48 W364 2013","0","0"
"PL2323 .X54 2013","0","0"
"PL2946.3.A5233 A52 2013","0","0"
"PL2946.3.A5233 A52 2013","0","0"
"PL2677 .C4 2013","0","0"
"PL2840.C86 Z69 2013","0","0"
"Z701.4.C6 Z466 2013","0","0"
"Z845.C6 F82 2014","0","0"
"DS731.M5 Y82 2013","0","0"
"ND1049.C4638 A35 2014","1","1"
"PL2904.T86 Z89 2014","0","0"
"PL2936.3.O5485 L58 2013","0","0"
"HC427 .W964 2013","1","1"
"JQ1513 .Y4 2013","0","0"
"RA771.7.C6 Z4364 2010","0","0"
"PL2962.O44 N39 2013","1","2"
"PL2962.O44 N39 2013","2","0"
"PL2954.3.A6494 R46 2013","0","1"
"PL2837.H7534 X54 2013","0","0"
"PL2976.J53 C66 2013","2","2"
"BJ1661 .L58 2012","0","0"
"PL2837.E35 Z986 2014","0","0"
"PL2735.N18 A6 2013","0","0"
"PL2912.A455 Y57 2013","0","0"
"DS793.M7 L56 2013","0","0"
"PL3031.Z44 J53 2013","0","0"
"PL3031.H36 F82 2013","0","0"
"HV6485.C6  Z57 2013","0","0"
"DS764.23.X566 L52 2013","0","0"
"PL2698.T25 Z455 2014","0","0"
"PL2302 .W356 2013","0","0"
"PL2303 .Y365 2014","0","0"
"PL2309.F8 P46 2013","0","0"
"PL2698.W235 A6 2014","0","0"
"PL2443 .W365 2013","0","0"
"U654.R5 C446 2013","0","0"
"PL2965.X836 N36 2014","0","0"
"DS777.488.C5 J528 2014","0","0"
"GR336.G85 H42 2013","0","0"
"PL2749.C8 Z665 2013","0","0"
"N3750.T32 N65127 2014","0","0"
"HC427.95 .Z4263 2013","0","0"
"DS730 .L534 2013","0","0"
"DS778.M3 C446 2014","0","0"
"DS778.M3 C446 2014","0","0"
"UG432.C6 W83 2013","0","0"
"PL2937.5.U98 S26 2014","0","0"
"PL2754.S5 Z658 2013","0","0"
"PL2977.5.E54 S53 2014","0","0"
"PL2291 .T536 2013","1","0"
"HQ1769.Y86 W364 2012","0","0"
"KNQ8247.2.C87 Z57 2013","1","0"
"LB1139.225 .C66 2014","1","0"
"GT3283.A3 T53 2013","0","0"
"HF3840.W8 Y836 2013","0","0"
"PL2837.E35 Z836 2014","0","0"
"PL2727.S2 C36 2013","0","0"
"PL2727.S2 C36 2013","0","0"
"PL2727.S2 C36 2013","0","0"
"PL2925.K55 M34 2014","2","0"
"PL2801.N2 Z735 2013","0","0"
"PL2948.7.N544 M45 2013","1","0"
"PN4888.C54 S536 2013","0","0"
"PL2882.X56 Z752 2013","0","0"
"PL2886.O233 Z767 2013","0","0"
"PL2302 .H3 2013","0","0"
"PL2727.S2 J5 2013","0","0"
"ND1049.C4638 A35 2014b","0","1"
"B5234.T344 A3 2014","0","0"
"B5234.T344 A3 2014","0","0"
"PL2321 .Y36 2013","0","0"
"DS796.T55 T56 2013","0","0"
"PL2442 .W356 2013","0","0"
"JS7353.A6 L763 2013","0","0"
"PL2849.N3515 C465 2014","0","0"
"DS793.S62 X774 2014","1","0"
"GF657.G838 L58 2013","0","0"
"JS7353.A3 Z468 2014","0","0"
"KNQ2467.W65 N82 2014","0","0"
"GR336.F829 Z46 2014","0","0"
"GR336.D564 Z46 2014","0","0"
"PL2735.3.H523 Z936 2013","0","0"
"PL2302 .C36 2013","0","0"
"PL2677.W29 Z989 2013","0","0"
"HM479.F45 Z4364 2013","0","0"
"PN1995.9.W6 H836 2013","0","0"
"PL2466.Z6 H795 2013","0","0"
"DS740.5.V5 S86 2014","0","0"
"KNQ122 .L564 2014","1","0"
"HQ1769.G85 N82 2013","0","0"
"DS778.W356 C446 2013","0","0"
"PL2303 .W3344 2011","0","0"
"LG51.K85 C446 2013","2","0"
"DS797.32.G836 L58 2013","0","0"
"HQ1767 .Z439 2013","0","0"
"PL2303 .G358 2013","0","0"
"DS786 .S839 2013","0","0"
"PL2969.D4 F45 2014","0","0"
"PL2302 .H36 2013","0","0"
"DS797.88.D475 L544 2013","0","0"
"PL2881.K86 Z73 2014","0","0"
"AZ791.Z5 L5 2014","0","0"
"PL2303 .S557 2014","0","0"
"CT3990.S457 R664 2014","0","0"
"PQ6713.O6313 E15 2013","0","0"
"PQ8098.22.A68 C84 2013","0","0"
"PH1 .S8 v. 110","0","0"
"DS318.84.H36 A3 2013","0","0"
"DS779.2 .W59 2014","1","0"
"HD1537.C6 H66 2013","0","0"
"PL2953.O65 C36 2014","0","0"
"PL2935.E5433 B54 2014","0","0"
"PL2938.A45 C36 2014","0","0"
"PL2929.6.K36 C43 2014","0","0"
"PL416.5.C6 C48 2013","0","0"
"PL2905.O43 Z36 2014","1","0"
"PL2949.7.O298 B53 2013","0","0"
"PL2765.I33 B83 2013","1","1"
"PL2938.5.A56 B46 2013","0","0"
"PL2307 .K83127 2013","0","0"
"DS778.A1 L52 2014","2","0"
"PL2914.A6 X83 2014","2","0"
"PL2914.A6 X83 2014","2","0"
"DS763.A2 C446 2014","0","0"
"B5234.C44964 H68 2013","0","0"
"PL2937.E543 Z43 2014","1","0"
"PL2937.E543 Z43 2014","1","0"
"PL2936.3.U5 Y83 2014","0","0"
"PQ7276.5.S33 A97 2013","0","0"
"PL2921.9.N44 Y5 2013","0","0"
"PL2966.U933 Y54 2014","0","0"
"PL2877.C39 Y55 2013","0","0"
"PL2939.5.F38 X53 2014","2","0"
"PL2893.U36 X53 2014","0","0"
"DS778.C4919 Z444 2013","0","0"
"PL2781.A54 Z733 2014","1","0"
"KNN1572 .W356 2013","0","0"
"PL2277 .M57 2014","4","0"
"UG101 .D836 2014","0","0"
"PL2861.E2775 M56 2014","0","0"
"PL2928.C566 Z65 2014","1","0"
"PL2367 .G86 2013","0","0"
"PL2938.5.O45 Z46 2013","0","0"
"HG187.C6 S86 2014","0","0"
"PL2935.A383 Z45 2014","0","0"
"PL2974.E544 Z446 2014","0","0"
"DS778.Z48 L566 2013","0","0"
"DS795 .C67127 2014","0","0"
"PL2837.E35 Z868 2014","0","0"
"PL2837.E35 Z869 2014","0","0"
"PL2741.C54 Z46 2014","0","0"
"HD2097 .L58 2014","0","0"
"JF56.C45 W364 2013","0","0"
"DS777.54 .X52 2014","1","0"
"DS777.54 .X52 2014","1","0"
"KNQ3695 .L58 2014","0","0"
"HM742 .L58 2013","1","0"
"DS778.S56 A3 2014","1","0"
"PL2901.W8 Z852 2014","0","0"
"PL2939.A24 Q564 2014","0","0"
"PL2947.5.U787 Q564 2013","0","0"
"PL2919.Q564 S52 2014","1","0"
"PL2515.5.M56 X56 2013","0","0"
"PL2515.5.M56 X56 2013","0","0"
"PL2515.5.M56 X56 2013","0","0"
"PL2515.5.M56 X56 2013","0","0"
"PL2515.5.M56 X56 2013","0","0"
"PL2515.5.M56 X56 2013","0","0"
"PL2515.5.M56 X56 2013","0","0"
"PL2515.5.M56 X56 2013","0","0"
"PL2515.5.M56 X56 2013","0","0"
"PL2515.5.M56 X56 2013","0","0"
"PL2515.5.M56 X56 2013","0","0"
"PL2515.5.M56 X56 2013","0","0"
"PL2515.5.M56 X56 2013","0","0"
"PL2515.5.M56 X56 2013","0","0"
"PL2515.5.M56 X56 2013","0","0"
"DS764.23.L575 F46 2014","0","0"
"DS776 .F464 2014","0","1"
"PL2926.H43 H664 2013","0","0"
"PL2872.F364 M464 2014","2","0"
"PN2878.M286 A3 2014","0","0"
"PL2948.3.X535 H87 2014","0","0"
"DS776 .M565 2013","0","0"
"DS776 .M563 2013","0","0"
"JQ1519.A5 T8 2013","0","0"
"PL2837.E35 Z836 2014","1","0"
"PL2921.6.D46 C46 2013","1","0"
"DS776 .Z4687 2014","0","0"
"PL2781.A5 Z683 2013","0","1"
"ND1049.F45 F46 2014","1","1"
"PL2947.H357 G85 2014","0","0"
"KNQ4642 .E298 2014","0","0"
"PL2958.I96 T364 2014","0","0"
"PL2969.D86 W45 2014","0","0"
"PL2264 .W364 2013","1","0"
"KNQ4642 .S436 2014","1","0"
"KNQ4642 .S4363 2014","0","0"
"DS777.5195.S53 C44 2013","0","0"
"PL2942.3.A544 S59 2014","1","0"
"PL2965.X53 D36 2014","0","0"
"PL2837.H7626 D85 2014","0","0"
"PL2302 .Y365 2014","0","1"
"PL2727.S2 L595 2014","0","0"
"PL2848.Y8 Z653 2014","0","0"
"PL2851.Y83 R36 2013","0","0"
"PL2848.Y8 Z655 2014","0","0"
"HN731 .H833 2014","2","0"
"PL2971.X54 L68 2014","0","0"
"PL2912.A5236 A6 2014","0","0"
"PL2912.A5236 A6 2014","0","0"
"PL2912.A5236 A6 2014","0","0"
"PL2912.A5236 A6 2014","0","0"
"PL2912.A5236 A6 2014","1","0"
"PL2945.A543 L86 2014","0","0"
"PL2877.X58 M3 2014","0","0"
"PL2979.I43 M56 2014","0","0"
"PL2623 .N367 2014","0","0"
"PL2966.E53 N57 2014","0","0"
"PL2966.E53 N57 2014","0","0"
"PL2855.I267 S26 2013","2","0"
"NK3634.W36 W356 2014","0","0"
"PL2879.Y85 S53 2014","3","0"
"PL2919.R8 S57 2014","2","1"
"PL2877.X58 S836 2014","0","0"
"PL2863.Y56 T56 2014","1","1"
"HJ1401 .K676 2014","0","0"
"PL2876.A443 W67 2014","0","0"
"DS777.8 .D356 2014","1","3"
"PL2925.5.W36 L56 2014","0","0"
"DS755.2 .S536 2013","0","0"
"DS799.82.A2 L52 2014","1","0"
"Z3102.5 .Y295 2014","0","0"
"HC427.92 .Z4359 2014","0","0"
"HC427.95 .D38127 2013","0","0"
"KNQ1483 .S86 2014","0","0"
"Z462.83.Z44 K85 2013","0","0"
"PL2914.A6 Y82 2014","5","0"
"PL2976.H665 Y36 2014","0","0"
"PL2740.N3 Z888 2013","0","0"
"PL2947.5.U48 S86 2014","1","1"
"HB180.C5 L5364 2014","0","0"
"PL2303 .X529 2013","0","0"
"PL2914.A6 D32 2014","1","0"
"PL2978.S45 P536 2013","1","0"
"Z462.3 .H836 2014","0","0"
"DS747.15 .Y836 2013","0","0"
"KNQ6536.2 .Z4664 2014","1","0"
"DS777.488.C5 Y364 2014","0","0"
"PL2861.E2775 R46 2014","0","0"
"PL2861.A76 Z689 2014","4","1"
"PL2976.D378 L5364 2013","0","0"
"PL2937.A593 J56 2013","0","0"
"PL2941.5.O479 J536 2013","0","0"
"PL2840.T95 H45 2014","0","0"
"PL2938.U827 H36 2013","1","0"
"PL2938.U827 H36 2013","2","0"
"PL2938.U827 H36 2013","2","0"
"PL2837.P34 H364 2014","0","0"
"Z1003.5.C45 H798 2013","0","0"
"ND1049.C53 C446 2014","0","0"
"PL2969.5.E446 Z46 2014","0","0"
"PL2861.A7368 G86 2014","1","0"
"DS919.5 .W356 2013","1","0"
"PL2869.O167 Z858 2014","0","0"
"PL2754.S5 Z6549 2014","0","0"
"PL2837.T3 D32 2014","1","0"
"PL2611 .L58 2013","0","0"
"DS793.H75 W83 2013","0","0"
"DS793.H75 L86 2013","0","0"
"DS793.H75 F36 2013","0","0"
"DS793.H75 L588 2013","0","0"
"DS793.H75 H36 2013","0","0"
"DS793.H75 Y36 2013","0","0"
"DS793.H75 H68 2013","0","0"
"DS793.H75 Z436 2013","0","0"
"DS793.H75 L58 2013","0","0"
"DS793.H75 Y836 2013","0","0"
"KNQ4642 .Z436 2014","0","0"
"HD8736 .G363 2013","0","0"
"KNQ2070 .L538 2014","1","0"
"DS778.C634 Z43 2013","1","0"
"PL2795.I7 Z46 2014","0","0"
"PL2920.E6769 M395 2013","1","0"
"LB2844.1.V6 L5 2014","3","0"
"PL2978.5.W46 D35 2014","0","0"
"PL2442 .M565 2014","0","0"
"PL2442 .M565 2014","0","0"
"PL2442 .M565 2014","0","0"
"PL2442 .M565 2014","0","0"
"PL2442 .M565 2014","0","0"
"PL2442 .M565 2014","0","0"
"PL2442 .M565 2014","0","0"
"PL2442 .M565 2014","0","0"
"PL2442 .M565 2014","0","0"
"PL2442 .M565 2014","0","0"
"JF1525.W45 P6713 2014","1","0"
"GT841.C94 B87 2013","0","0"
"KBP461 .Y34 2010","1","0"
"DS119.8.T7 T343 2010","1","0"
"T166.S83 A43 2012","1","0"
"PJ8311 .S294 2011","0","0"
"DT157.4 .H49 2008","0","0"
"DT157.65.H56 A46 2012","0","0"
"HC835 .A55 2012","0","0"
"DT157.66 .A54 2005","1","0"
"PJ8303 .U33 2011","0","0"
"DT157.675 .S833 2010","1","0"
"PJ7908.A16 K43 2011","1","0"
"PJ7858.U65 Z745 2012","0","0"
"DT157.66 .Q254 2012","0","0"
"PN2960.S83 Z35 2013","1","0"
"DT394 .F555 2010","0","0"
"PJ7816.U6525 D584 2012","0","0"
"PJ8304 .J377 2011","0","0"
"DT159.6 .T35 2011","0","0"
"PJ7948.M76 H73 2007","1","0"
"PJ7908.J35 I97 2011","1","0"
"KTQ1750 .D47 2012","0","0"
"HD9577.S73 S224 2011","0","0"
"DT159.9.O43 B33 2010","0","0"
"DT157.673 .B45 2010","0","0"
"CT2737.J38 M37 2010","0","0"
"PN6519.A7 T36 2011","0","0"
"PN6519.A7 T36 2011","0","0"
"HC835.Z9 G45 2011","1","0"
"PN1995.9.H6 B34 2012","0","0"
"PJ7842.A65 Z73 2010","0","0"
"DT159.6.D27 K43 2012","1","0"
"PJ7846.A495 Z74 2012","0","0"
"DT157.675 .S38 2013","1","0"
"DT155.7 .U863 2008","0","0"
"PJ8312 .B37 2011","0","0"
"DT155.58 .T56 2011","0","0"
"DT155.58 .T56 2011","0","0"
"PJ7974.A746 M74 2008","0","0"
"DT155.9.E7 H335 2011","0","0"
"PJ7804.R26 Z74 2011","0","1"
"PJ7862.H265 S86 2012","0","0"
"BP64.S8 M84 2012","1","0"
"PJ7862.A79 Z75 2012","0","0"
"BP64.S8 A237 2010","0","0"
"DT159.6.D27 S33 2011","0","0"
"BP193.17.A3 I257 2011","0","0"
"KBP325 .A88 2011","1","0"
"PJ7519.W57 S89 2010","0","0"
"BP182 .I99 2011","0","0"
"PJ7577 .Q27 2012","0","0"
"DS247.I436 N87 2012","0","0"
"BP133 .I26 2009","1","0"
"PJ7824.A3117 F53 2010","0","0"
"GR286.2.A72 A284 2011","0","0"
"BP195.Z2 M845 2012","0","0"
"PJ7577 .Y37 2011","0","0"
"BP75.5 .G43 2012","0","0"
"PJ7842.H2938 Z84 2011","0","0"
"BP133.7.M67 A479 2013","0","0"
"BP190.5.S7 .K36 2012","0","0"
"DT107.83 .T34 2012","1","0"
"DS105 .A566124 2013","0","0"
"BP136.38 .I267 2013","0","0"
"HD3616.E85153 B53 2014","0","0"
"PR6052.A64876 I5 2014","0","0"
"PR478.M37 B76 2014","2","0"
"PN1995.65.I8 C87 2014","0","0"
"PQ4710 .A458 2014","1","0"
"PQ4835.A48 P5835 2014","1","0"
"BP88.R375 A25 2013","0","0"
"DT291 .M54 2011","0","0"
"PQ4053.P49 V54 2014","2","0"
"HQ1090.7.P8 A67 2004","0","0"
"PK6562.17.U433 B37 2012","0","0"
"PQ7298.428.O39 C84 2014","0","0"
"PQ4829.O62 Z89 2014","0","0"
"PQ6046.C65 D573 2014","0","0"
"PQ6032 .A87 2013","0","0"
"PK6501 .Z97 2013","0","1"
"PN2688.M327 A75 2014","0","0"
"HN120.S6 C64 2010","0","0"
"PR6058.A6989 D372 2014","1","0"
"HN373.5 .M85 2012","0","0"
"DS740.5.K6 C445166 2012","1","0"
"PK6561.I5 Z83 2013","0","0"
"PR9540.9.B48 S53 2014","4","0"
"DS753.2 .M56 2011","0","0"
"PA6382 .F57 2014","1","0"
"F1234 .F685 2014","2","0"
"DS919.5 .L536 2014","2","1"
"E179.5 .E95 2014","1","0"
"PG3549.S537 A6 2014","0","0"
"AM72.A2 D46 2014","3","0"
"DS882.5 .K355 2014","5","1"
"PS2124 .E47 2014","0","0"
"F294.A88 A26 2014","2","0"
"DT433.545.E48 W35 2014","0","0"
"D511 .O83 2014","3","0"
"PR255 .M36 2014","1","0"
"PJ7820.A7 Z7389 2014","3","1"
"BS511.3 .B74 2014","2","0"
"PR651 .P26 2014","0","0"
"PR651 .P26 2014","0","0"
"DT541.65 .M66 2014","3","0"
"DS266 .R47 2014","4","1"
"DS102.95 .S594 2014","1","0"
"CB251 .W36 2014","1","0"
"PR2976 .R55 2014","3","0"
"E740.J6 M86 2014","5","0"
"BP80.Z27 P69 2014","0","0"
"PS2384.M62 H375 2014","2","1"
"D295 .P35 2014","3","0"
"PN56.D94 B63 2014","4","1"
"PQ7298.17.U22 C6613 2014","0","0"
"PR478.B46 C36 2014","4","0"
"DS916.55 .R63 2014","3","0"
"PS3554.E154 F84 2014","1","0"
"DS79.744.M44 G83 2000","0","0"
"B126 .P54 2014","2","0"
"AZ186 .P74 2014","5","0"
"B105.P53 S245 2014","1","0"
"P92.5.M3 P69 2014","1","0"
"BR67 .C385 2014","0","0"
"F1415 .D334 2014","1","1"
"BQ4055 .C55 2013","0","0"
"PR9188.2.A74 L35 2014","0","0"
"E185.93.S7 M36 2013","6","1"
"DS889.16 .G68 2014","0","0"
"PN3433.5 .V56 2014","1","0"
"F2270 .C66 2011","0","0"
"F2274 .A45 2013","0","0"
"GV1108.P66 A46 2013","0","0"
"PQ2702.O366 A97 2013","0","0"
"PQ9698.428.E9 R3518 2013","0","0"
"LB1025.3 .M68 2014","0","0"
"PQ7439.H6 Z96 2011","0","0"
"PQ7370.2 .D52 2013","0","0"
"DK651.T9 M25 2013","0","0"
"B1001 .R646 2013","0","0"
"PN2287.M69 B64 2014","0","0"
"BP166.94 .N3916 2013","0","0"
"PN1998.3.L3925 J64 2014","1","0"
"HT169.R922 A755 2009","0","0"
"DS753.2 .M56 2011","0","0"
"PG3479.4.R64 Z576 2014","0","0"
"DG735.6 .C48 2012","0","0"
"PG3476.E8 Z7756 2012","0","0"
"DS751.3 .S56 2011","0","0"
"PG2950 .K23 2014","0","0"
"DR568.8.A44 K35 2013","0","0"
"DS913.37 .K845 2012","0","0"
"PG3328.Z7 R453 2012","0","0"
"PG5003.2.C47 V47 2008","0","0"
"PN5355.C94 Z25 2013","0","0"
"PG3493.74.E755 O25 2012","1","0"
"PH1 .S8 v. 112","0","0"
"PG3479.5.H465 N47 2014","0","0"
"PG3482.S5 Z73 2012","0","0"
"PA2019.F5 I523 v. 34","1","0"
"PR6102.O92 W87 2014","3","0"
"PG3458.Z9 D7464 2012","1","0"
"PR6039.R3 A6 2013","6","0"
"PG3482.8.U396 K67 2013","1","0"
"PA2019.F5 I523 v. 16","1","0"
"PG3491.46.I54 T55 2014","0","0"
"PC2066 .V47 2013","1","0"
"PG3227 .G75 2014","0","0"
"PH1 .S8 v. 113","0","0"
"PR6051.R564 S83 2013","0","0"
"DB958 .L46 2010","0","0"
"P40 .L29987 2011","2","0"
"PG3492.6.U92 O546 2013","0","0"
"ND1043.5 .T536 2013","0","0"
"PA2019.F5 I523 v. 37","1","0"
"PN1998.3.S969 D73 2006","0","0"
"HV385.2 .M34 2013","0","0"
"PR6005.A837 Z57 2013","0","0"
"PA2045 .M86 1982","1","0"
"Z6621.K583 S53 2013","0","0"
"PQ7440.R35 A615 2012","0","0"
"CB245 .M335 2013","0","0"
"PK6505.N59 A616 2013","0","0"
"LB775.H672 R63 2013","0","0"
"DS797.88.J539 J538 2013","0","1"
"DS796.S257 S436 2013","0","0"
"P129 .R68 2011","2","0"
"PH1 .S8 v. 118-119","0","0"
"DB906 .D74 2007","0","0"
"DK511.P8 A765 2012","0","0"
"PL915.4 .Y53 2008","0","0"
"DK510.25 .M66 2005","0","0"
"PR428.G54 S37 2006","2","0"
"PH3441.E1 H53 2004","0","1"
"PQ4918.A562 E88 2014","0","0"
"PT2621.A26 Z75835 2013","0","0"
"PQ4835.A846 Z834 2013","0","0"
"PQ7298.15.S547 P542 2014","0","0"
"PQ2623.E24 N68 2013","0","0"
"DK219.6.M5 A3 2013","0","0"
"PQ1445 .P35 2014","0","0"
"PQ3999.O38 Q56 2014","0","0"
"PG3482.6.I25 S64 2014","0","0"
"PQ4807.O75 Z48 2013","2","0"
"DR47 .G39 2014","0","0"
"QC16.R764 I87 2013","0","0"
"PQ4879.T42 D45 2014","0","0"
"PG2947.R64 G65 2013","0","0"
"PK6450.9 .R662 2013","0","1"
"DC639.C4 W54 2014","1","0"
"PG3016 .A63 2014","0","0"
"PG3549.D54 S66 2013","0","0"
"PG3501.U7 K477 2009","1","0"
"F3101.4.P56 R64 2014","0","0"
"HX315.15.A6 I755 2012","0","0"
"PJ7846.A69 .Z83 2012","0","0"
"PQ8098.2.O8 V335 2013","0","0"
"HX315.15.A6 I754 2011","0","0"
"HX315.15.A6 I75 2010","0","0"
"PQ6664 .U495 2014","0","0"
"PQ6651.R26 A95 2014","0","0"
"PQ7389.N65 Z46 2014","0","0"
"PN513 .C55 2013","0","0"
"PQ6174 .F34 2013","0","0"
"PQ2098 .V65 2014","1","0"
"PQ2671.R89 M38 2014","0","0"
"PN1590.W64 H5 2013","0","0"
"DS135.I9 A16 2013","2","0"
"BL2455 .A449 2014","2","0"
"PN56.C45 K48 2012","1","0"
"DS19 .R342 2013","0","0"
"DS19 .R342 2013","0","0"
"DS19 .R342 2013","0","0"
"BR326.4 .B874 2014","0","0"
"PH1 .S8 v.175","0","0"
"PH1 .S8 v. 176","0","0"
"GN346 .P64 2008","0","0"
"PH1 .S8 v.177","0","0"
"PH1 .S8 v.178","0","0"
"BT303.2 .J49 2014","0","0"
"PH1 .S8 v.179","0","0"
"DK511.U7 U69735 2009","1","0"
"DK511.U7 U69735 2009","1","0"
"PH1 .S8 v.181-182","0","0"
"PG3491.42.R562 A6 2013","0","0"
"PQ2662.E45455 R66 2014","0","0"
"DK600.2 .M353 2012","1","0"
"JN6733.5.M5 U78 2012","1","0"
"D805.5.S63 A53 2013","0","0"
"PR9199.4.C374 H474 2014","0","0"
"PG3482.7.B74 G46 2013","0","0"
"PG3483.I4346 C48 2014","0","0"
"PG2947.D8 A6 2013","0","0"
"PG3479.4.O4243 K36 2013","0","0"
"DK265 .A53 2012","1","0"
"DR279.8 .T735 2013","1","0"
"DS779.16 .M495 2013","0","0"
"PN5355.B382 G6963 2013","0","0"
"PR8651 .W43 2013","0","0"
"PS3622.A39 O83 2008","0","0"
"PT5881.24.O55 L53 2014","0","0"
"PR9619.3.D82 A75 2014","1","0"
"PQ2673.I3372 C53 2014","0","0"
"BR858.O76 N49 2014","0","0"
"PQ2609.L75 C3 2014","0","0"
"PQ3989.2.T35 Z75 2014","0","0"
"HM131 .N32 2014","0","0"
"PQ1463.G44 A3 2013","0","0"
"DT324 .B65 2013","0","0"
"PK6562.36.A7515 B87 2006","0","0"
"JQ1789.A15 D45 2013","0","0"
"PQ3989.2.K2975 Z46 2013","0","0"
"BP192.4 .S53 2011","0","0"
"DG806.2 .D47 2014","0","0"
"D802.I82 D25 2013","1","0"
"PQ7298.12.O4 Z6 2013","1","0"
"PN2671 .S53 2013","0","0"
"PQ2326 .A19 2014","0","0"
"PQ7298.29.A41485 J33 2014","0","0"
"PQ7298.18.E64 M35 2013","0","0"
"GV23 .P495 2014","0","0"
"JN5657.C63 N68 2014","1","0"
"DS135.G5 C37413 2014","0","0"
"HF377 .T47 2013","1","0"
"PQ4876.A714 N47 2014","0","0"
"R141 .C34 2013","2","0"
"PR9199.3.E53 T43 2010","0","0"
"PQ4710 .B555 2012","0","0"
"PQ7298.29.A3492 A615 2013","0","0"
"PG1745.T35 T24 2014","0","0"
"PS326 .F68 2013","0","0"
"HD9576.I62 M36 2013","0","0"
"DR1313.7.S64 S45 2014","0","0"
"PG3020.5.M67 V56 2005","1","0"
"DR1776.3 .H33 2001","0","0"
"PG3020.5.M67 V56 2007","2","0"
"DG826 .C64 2013","0","0"
"DK600 .M6783 2010","0","0"
"PQ2663.O5552 M46 2012","0","0"
"PG2988.M67 O23 2003","0","0"
"PQ2637.I547 S25 2013","0","0"
"KJK8237 .M85 2013","0","0"
"DR2001 .M85 2001","0","0"
"PQ4054.J4 F67 2012","1","0"
"DG507 .A97 2013","0","0"
"DR1752 .F55 2003","0","0"
"HX73 .F52 2001","0","0"
"HN90.M6 C36 2014","5","0"
"CT1399.52.P54 A3 2008","1","0"
"PR9199.4.R323 R57 2014","0","1"
"PR4381 .B66 2013","1","0"
"PG1745.D976 M74 2010","1","0"
"GT2853.U5 S39 2014","3","2"
"BC34 .Q27 2012","1","0"
"DT107.82 .R88 2014","1","0"
"HQ1623 .G446 2014","5","0"
"HQ1623 .G446 2014","5","0"
"HS2339.K83 P58 2013","0","0"
"GV436 .L33 2015","0","1"
"U35 .H395 2013","7","0"
"HQ755.85 C3597 2014","0","0"
"PQ9469.3.P45 C56 2013","0","0"
"DS37.5.H655 L66 2013","0","0"
"BF311 .M4276 2014","0","0"
"PJ3155 .G37 2014","0","0"
"DS262.K87 Z37 2013","0","0"
"PQ9469.2.P437 I76 2013","0","0"
"PR9199.3.B374 P673 2013","0","0"
"PR9199.3.W39 B85 2014","0","0"
"DG291 .M67 2014","0","0"
"PQ1908.S7 G89 2014","2","0"
"DK106.5 .G66 2014","0","0"
"PS3552.I74 A425 2014","1","0"
"DR15 .T36 2014","0","0"
"BM195 .M57 2014","1","0"
"PA6217 .A67 2014","3","0"
"PS3563.I421444 A89 2014","0","0"
"PN2287.B683 M49 2014","0","0"
"D547.A8 B43 2013","0","0"
"DS740.5.I5 C55 2014","0","0"
"PR6064.I225 C58 2014","0","0"
"BR124 .B66 2014","4","0"
"BP161.3 .Z323 2014","0","0"
"DR38.3.E85 F68 2014","1","0"
"DA690.E1187 M33 2014","0","0"
"F1219.3.W37 E49 2014","5","0"
"BS2555.52 .S85 2014","0","0"
"BR410 .F65 2014","1","0"
"PS3608.E5273 F68 2014","5","0"
"DS721 .F766 2014","1","0"
"DS469 .T96 2014","0","0"
"PR9199.4.O64 G57 2014","0","0"
"BL625.47 .R56 2014","1","0"
"PS3553.H48975 A6 2014","1","1"
"BX1378.7 .K35 2014","1","0"
"F1385 .G65 2014","3","0"
"E841 .I58 2014","8","1"
"E183.8.I55 M829 2014","5","1"
"DA812 .J33 2014","2","0"
"DS94.8.K8 A45 2014","3","0"
"BX8611 .S45 2014","2","0"
"PS3619.P7655 M34 2014","0","0"
"PR2674 .S73 2014","0","0"
"PQ6071 .P46 2014","1","0"
"PR6019.O9 U6257 2014","4","0"
"HQ1170 .M8477 2014","0","2"
"BR520 .S836 2014","2","0"
"PR6104.O553 N39 2014","1","0"
"PS3603.O542 O23 2014","0","0"
"E221 .A475 2014","5","0"
"PL2749.C8 A2 2014","0","0"
"PS3565.R58 Z46 2014","1","0"
"B3305.M74 H33613 2014","0","0"
"E185.86 .R55 2014","8","0"
"DS509.3 .P65 2014","1","0"
"E458 .D45 2014","0","0"
"E748.L894 M668 2014","0","0"
"HQ76.25 .Q3856 2014","0","0"
"E467.1.C99 R67 2014","1","0"
"PM5008 .R43 2014","0","0"
"PQ2672.E9488 S513 2014","1","0"
"PS3562.U752 R633 2014","0","0"
"PS3623.I57796 R53 2014","0","0"
"PN56.S5765 S538 2014","0","1"
"PS3604.U3843 S62 2014","0","0"
"PR2971.S6 S68 2014","0","0"
"PS3625.E432 T56 2014","0","0"
"DA759.7.R63 K66 2014","0","1"
"BL2209 .T73 2014","1","0"
"D511 .B876 2014","2","1"
"DR557 .U73 2014","0","0"
"PG3365.V65 W37 2014","0","0"
"PS2168 .L44 2014","1","0"
"DK510.29 .P37 2014","0","1"
"PR5884 .Y68 2014","3","0"
"BP173.4 .B68 2014","1","0"
"PS3557.E4895 C87 2014","3","1"
"PG3337.L4 A28 2014","0","1"
"PS3623.H57887 A56 2013","3","0"
"PQ8498.16.A94 A7313 2014","2","0"
"PR2803.A2 B76 2014","5","0"
"BT695.5 .S252 2014","0","0"
"PS3562.A724 B78 2014","1","0"
"PS3602.A77537 C35 2014","3","0"
"E184.M5 C446 2014","2","0"
"PR9199.3.B6358 C57 2014","0","0"
"PN2285 .D455 2014","4","1"
"D16.163 .B533 2014","3","0"
"PS3623.I5526 C68 2014","1","0"
"PQ2665.M66 D3613 2014","0","0"
"PS3610.O325 D43 2013","2","0"
"PG3476.B78 D6613 2014","3","0"
"BS1184 .W55 2014","0","0"
"PS3604.U7277 E22 2014","0","0"
"PS3554.Y3 A6 2014","3","0"
"BT83.56 .S395 2014","0","0"
"PR6037.P29 F33 2014","2","0"
"HQ1665.45 .F4513 2014","0","0"
"PR9520.9.L44 F67 2014","0","0"
"HQ77.8.S66 A3 2014","3","1"
"PS3601.D3754 G53 2013","3","0"
"PS3553.A8135 G58 2014","1","0"
"PS3605.L435 G73 2003","0","0"
"PN1995 .H61475 2014","1","0"
"BV5077.N4 B73 2013","0","0"
"PN4181 .W45 2013","1","0"
"DA930 .B47 2014","1","1"
"PE3727.S3 L36 2015","1","0"
"PR4852 2014","0","0"
"DS778.7 .C456813 2014","2","2"
"PS3616.N48 L39 2014","2","0"
"PS3603.O8873 L48 2014","0","0"
"PR6037.P29 L6 2014","2","0"
"D760.8.L7 C66 2014","1","0"
"PS3607.R5245 M57 2014","0","0"
"PS243 .N49 2014","1","0"
"PS3563.C3373365 N85 2014","0","0"
"PN2080 .O246 2013","0","0"
"PN1995.9.S26 H84 2014","0","0"
"PR9199.3.A365 P37 2014","0","0"
"DA760 .B36 2014","2","0"
"PS3566.H479 Q54 2013","0","1"
"PS3563.O759 R58 2014","0","0"
"PR6066.R34 S29 2014","6","0"
"PR9199.4.D546 S43 2013","1","0"
"DF552 .S73 2014","5","1"
"PS3608.O7675 S55 2014","2","0"
"PS3569.M51698 S55 2014","0","0"
"PS3608.A78319 A6 2014","1","0"
"PS3604.R575 T35 2014","0","0"
"PS3572.I59 T36 2014","1","0"
"DT516.826 .C65 2014","0","0"
"PS3613.I656 A6 2014","1","0"
"PS3552.E5319 T8 2014","0","0"
"PS3602.A8993 U67 2014","0","1"
"BX1378.2 .R67 2014","0","0"
"PS3562.E874 W37 2014","1","0"
"PE1404 .W723 2014","0","0"
"PS3554.E927 Y33 2014","0","0"
"PG1620.2.U75 N2 2013","0","0"
"PG1620.12.O34 P76 2013","0","0"
"DS778.S82 B8 2014","0","0"
"Z801.A1 B834 2011","0","0"
"PG1745.G65 O39 2011","1","0"
"DS714 .B35 2013","3","0"
"DK290.3.G67 L43 2014","0","0"
"PR6058.E2 Z82 2008b","1","4"
"PG1619.29.A45 B67 2000","0","0"
"BP80.L223 K43 2013","0","0"
"B819 .B37 2013","0","0"
"PG1419.23.A28 Z37 2009","0","0"
"PL2447 .C4244 2013","0","0"
"PG1418.C63 Z77 2012","0","0"
"HQ1725.7 .E27 2014","0","0"
"PG1419.23.A28 V78 2007","0","0"
"DS266 .A23 2013","0","0"
"DS686.614 .M394 2013","1","0"
"PG1745.S566 K85 2007","0","0"
"PL2260.52.D69 R76 2013","0","0"
"PS3602.L66 A6 2014","1","0"
"DF220 .G46 2003","1","0"
"BP63.P5 D66 2013","2","0"
"PG1745.F46 M26 2000","0","0"
"JZ5584.P6 F47 2013","0","0"
"Z232.M3 H49 2014","0","0"
"KPM2176 .S276 2011","1","0"
"PG1745.T366 H875 2004","0","0"
"PR9550.5 .H627 2012","1","0"
"PR9550.5 .H627 2012","1","0"
"PG1618.B545 M56 2010","0","0"
"DR1350.S25 M67 2013","1","0"
"BJ1251 .B543 2014","0","1"
"BF311 .P38 2014","1","0"
"PG1417.B6 A58 1999","0","0"
"F1917 .B47 2013","0","0"
"PR441 .R47 2014","1","0"
"PS3602.A389 C37 2014","1","0"
"N7249.B6 K87 2001","0","0"
"BL1900.C576 G36 2013","1","0"
"PG1419.2.U68 S56 2003","0","0"
"D820.P72 G453 2012","0","0"
"DS764.23.Z46 H83 2013","0","0"
"PS3603.O5745 T86 2014","1","1"
"PS3551.L393815 S66 2014","3","0"
"PK6561.S2945 I84 2013","0","0"
"PG1419.23.A28 O95 2005","0","0"
"PS3606.R3658 T55 2014","1","0"
"PQ4291.A3 W7 2014","2","1"
"TX717 .R65 2014","0","0"
"PG1745.G65 E65 2010","0","0"
"PR2851 .W55 2013","0","0"
"PQ4034 .M37 2014","0","0"
"BP65.F8 B6 2014","1","0"
"PG1419.23.A28 V75 2010","0","0"
"PG1419.23.A28 S26 2008","0","0"
"D802 .C65 2013","0","0"
"PS3566.R697 Z56 2014","2","0"
"PG1745.D887 T74 2003","1","0"
"BS2555.3.M38 B47 2014","0","0"
"PG1745.H78 P68 1998","1","0"
"PG1419.25.S73 S67 1999","1","0"
"PK6458 .S534 2013","0","0"
"PR9570.S53 S265 2013","1","0"
"PK6403 .B323 2013","0","0"
"DR1313.7.C37 T65 2012","1","0"
"DR1313.7.C37 T65 2012","0","0"
"DR1313.7.C37 T65 2012","0","0"
"DR1313.7.C37 T65 2012","0","0"
"PL1201 .L766 2013","0","0"
"PQ2721.G44 C56 2013","1","0"
"DR1776.2 .S27 2013","0","0"
"DT96 .E93 2013","0","0"
"Z2148.A5 T44","1","0"
"PQ7298.29.I32 V47 2013","0","0"
"DD61.8 .A53 2013","0","0"
"BL51 .B46 2014","1","0"
"PQ7298.23.A676 A72 2012","0","0"
"PQ6672.I483 S8 2014","1","0"
"DC33 .F73 2014","0","0"
"PQ7298.29.O4358 C37 2013","1","0"
"PQ7298.41.R4615 D54 2012","1","0"
"PQ7298.15.S636 T46 2013","0","0"
"PQ7298.42.O84 H67 2012","0","0"
"PN663 .O48 2014","0","0"
"PQ7297.C77 N44 2013","0","0"
"PQ2707.O75 D86 2013","0","0"
"F3320 .P845 2013","0","0"
"PQ4181.D4 S25 2014","1","0"
"BL820.P5 O33 2008","0","0"
"HX289.7.G73 N37 2014","1","0"
"PR4587.3 .C537 2013","0","0"
"PQ4017 .S23 2012","0","0"
"PQ2722.I38 D47 2012","0","0"
"PG1815 .A39 2014","0","0"
"PQ8259.2.B34 O36 2012","0","0"
"PQ4867.E5283 A48 2014","0","0"
"JV8139.Z6 V466 2014","0","0"
"PN1995.9.H6 C695 2014","0","0"
"PQ4882.I78 Q38 2014","0","0"
"PR478.B83 E53 2013","1","0"
"PT2667.R93 T76 2011","0","0"
"PA3038 .A784 2014","0","0"
"BP166.93 .J34 2012","0","0"
"BP76.2 .T365 2012","0","0"
"BP76.2 .T365 2012","0","0"
"PQ2679.A535 Z452 2013","0","0"
"PG3479.L353 S67 2013","0","0"
"DB2363 .H675 2013","0","0"
"PN1995.9.M86 B36 2014","1","0"
"PN4874.C2187 A3 2013","0","0"
"PS3608.E565 B66 2014","10","0"
"RA639 .G76 2014","0","0"
"PN6790.M482 T33 2013","1","0"
"PS3569.H18 S66 2014","1","0"
"PQ4874.A823 T88 2014","0","0"
"PS3569.A4536 W56 2014","2","0"
"PS3562.E262 R46 2014","2","0"
"PR6029.W4 Z626 2014","1","0"
"D640 .L8513 2014","1","0"
"PR6068.U26 L68 2014","1","0"
"D763.I82 R6238 2014","0","0"
"PQ4713.P5 N85 2013","1","0"
"PT9877.2.O537 A7313 2014","6","0"
"PC1611 .C37 2013","0","0"
"PQ4339 .I53 2014","2","0"
"PS3558.A443357 S54 2014","1","0"
"PQ6708.E724 A615 2013","0","0"
"HQ759 .W36 2014","2","0"
"BT140 .J54 2013","3","0"
"PS3570.R587 S29 2014","2","0"
"PT2671.R59 Z6 2013","0","0"
"PT415 .G45 2013","0","0"
"PT2668.O3 A18 2014","0","0"
"DD4 .E59 1988 Bd. 69","1","0"
"F2847 .D34 2012","0","0"
"PQ7798.413.U38 P35 2012","1","0"
"PR6039.H653 Z76 2014","0","1"
"PN1995.9.B47 D54 2014","1","0"
"PQ6670.A5 S44 2013","0","0"
"DS134.42.U76 A3 2014","0","0"
"PG3333 .A6 2014","1","1"
"PR6039.H52 Z636 2014","1","0"
"PQ6388.C8 J87 2013","0","0"
"HD5857 .S725 2014","1","3"
"BJ71 .M35 2014","2","0"
"PQ6637.O624 S28 2013","0","0"
"PQ7081.A1 N49 2014","0","0"
"PQ4867.I7 Z84 2014","0","0"
"F2849.2 .L82 2012","0","0"
"PQ265 .A75 2013","0","0"
"GV838.672 .N47 2014","2","0"
"HB501 .H35 2014","1","0"
"PS3623.I575 T48 2014","4","0"
"PS3605.G48 Y69 2014","3","0"
"PR9199.3.R4215 Y69 2013","0","0"
"HN270.Z9 M2688 2012","0","0"
"PS3603.R683 A63 2014","0","0"
"PR9199.3.S994 P446 2014","0","0"
"PS3556.U76 M53 2014","9","0"
"PT2675.R748 Z46 2014","0","0"
"PT2668.A2717 A6 2014","0","0"
"PR6054.E16 .W57 2014","0","0"
"PT2673.U29234 Z77 2014","0","0"
"PT3861 .M365 2012","0","0"
"PT2685.E525 A6 2013","0","0"
"BR350.S65 W48 2014","0","0"
"PN1993.5.E19 K63 2009","0","0"
"DK651.U3 T726 2013","0","0"
"E449.D75 F46 2014","1","0"
"HM1 .S84 v. 42","0","0"
"PR2823 .M343 2014","1","0"
"DS135.E85 L434 2013","0","0"
"DD901.H29 K53 2013","0","0"
"HD5856.C5 S36 2013","1","0"
"PR6066.I25 A6 2014","0","0"
"F3094 .P75 2012","0","0"
"PQ9469.2.S15 C33 2013","0","0"
"PQ7298.428.O39 D48 2013","0","0"
"B3139 .A78 2014","1","0"
"PR6057.E247 V57 2014","1","0"
"D756.5.N6 M39 2014","0","0"
"PQ9697.A7185 P6418 2011","0","0"
"PQ6633.U3 C66 2014","0","0"
"DA670.Y6 B46 2014","0","0"
"PN51 .S26 2014","0","0"
"PN1811 .H3 2014","0","0"
"PQ7298.23.A55 A846 2013","0","0"
"PR471 .P37 2014","3","0"
"DS112 .B98 2012","0","0"
"D629.G3 E33 2014","0","0"
"PR9619.3.W585 E97 2014","3","0"
"PT2623.A37 A6 2014","0","0"
"PN1872 .D65 2014","0","0"
"DK263 .S544 2012","0","0"
"PR6054.E1337 C57 2014","1","0"
"PN1995.9.S5 S54 2014","0","0"
"DS885.48 .D43 2014","4","0"
"DD218 .A265 2013","0","0"
"TK9107 .H87 2012","0","0"
"GR291.G55 A37 2012","0","0"
"PQ7298.26.A25 N84 2013","0","0"
"DS288.9.N243 S27 2012","0","0"
"PQ7298.26.A732 D47 2013","1","0"
"PQ6353 .N38 2013","0","0"
"PQ6662.U66 Z518 2013","0","0"
"JL2254 .C54 2013","0","0"
"PQ6503.B3 Z6147 2014","0","0"
"PK6439.I55 B37 2013","0","0"
"PQ6523.G27 Z66 2013","0","0"
"PQ6716.A349 S34 2013","1","0"
"PK6481.M9 S53 2013","0","0"
"PQ6066 .P69 2014","3","1"
"F1435 .M39 2013","0","0"
"DS318.8 .U87 2013","0","0"
"B1854 .D45 2013","2","0"
"HQ1147.I7 S33 2013","0","0"
"PS3573.E3935 A78 2014","3","0"
"PQ3919.2.B5855 T6613 2013","0","0"
"NK9900.7.M6 A28 2012","0","0"
"PS3608.A86147 L37 2014","0","0"
"AZ231 .B63 2013","3","0"
"PG3492.6.O73 V7413 2014","0","0"
"PQ8097.N4 C513 2014","9","0"
"TD398 .P76 2013","0","0"
"PQ2613.R4322 S8713 2014","0","0"
"NA757.M8 E89 2012","0","0"
"BP170.5.A1 G55 2014","1","0"
"PG13 .S63 2013","0","0"
"DD238 .H47 2014","0","0"
"PK6429 .P39 2010","0","0"
"PK6429 .P39 2010","0","0"
"PC3942.29.I7 V418 2013","0","0"
"PS3515.E37 F314 1958","2","0"
"PK6996.M5 F37 2013","0","0"
"PR6052.A64896 F76 2014","0","0"
"DA145 .B635 2014","1","0"
"PK6412.S46 Z86 2013","0","0"
"BP194.1 .S233 2012","0","0"
"F1760 .H36 2014","3","0"
"DD247.F49 A3 2013","0","0"
"DB2015 .R45 2013","0","0"
"PR6102.R34 C54 2013","1","0"
"PC3942.41.N37 A615 2013","0","0"
"HC333 .G2513 2007","0","0"
"PR6005.O4 Z5533 2013","0","0"
"BL625 .M34 2013","0","0"
"HD9779.M62 M35 2004","0","0"
"DS134.3 .H64 2013","0","0"
"PN4980.U55 J355 2013","0","0"
"PR6107.A34 C66 2014","1","0"
"PS3616.O65433 D59 2013","0","0"
"PS3573.A425635 Z677 2014","2","0"
"PQ7298.428.U34 O76 2013","0","0"
"HN110.5.A8 R428 2012","0","1"
"PQ6064 .R64 2013","0","0"
"PG7004 .F76 2011","0","0"
"BF1553 .G595 2013","0","0"
"B2949.L8 H27 2014","0","0"
"PR6063.E22 Z46 2014","0","0"
"B4651.B374 W57 2014","0","0"
"PQ6722.I347 S5 2014","0","0"
"PN1998.3.T95 G74 2013","0","0"
"PN6195 .I25 2011","0","0"
"BH301.S75 H64 2014","0","0"
"HV6322.3.A7 H33 2012","0","0"
"DD256.3 .J4713 2014","2","0"
"DA47.2 .I58 2014","0","0"
"PS3603.A7763 M93 2014","0","0"
"PQ2661.R6813 B74 2012","0","0"
"DS135.C96 P734 2014","1","0"
"PK6561.A78 Z73 2013","0","0"
"JC263.W42 A56 2014","2","0"
"PN6790.M483 S35 2010","1","0"
"Z412 .F67 2012","1","0"
"B753.M84 N87 2013","0","0"
"PR6114.I23 C58 2014","0","0"
"D786 .F444 2013","0","1"
"PG5039.26.U74 Z55 2013","0","0"
"DD232 .H467 2014","0","1"
"DD382 .H56 2014","0","0"
"PN1661 .T53 2014","1","1"
"PK6241 .S26 1999","1","0"
"F3011.R63 F74 2012","0","0"
"JL1283 .I34 2013","0","0"
"BP188.9 .A87 2013","0","0"
"PK6458 .N35 2012","0","0"
"RA771.7.M6 P47 2002","0","0"
"B1034.G37 V63 2012","0","0"
"PQ9469.2.A68 A64 2013","0","0"
"BP189.26.K383 M87 2013","0","0"
"DK651.K6 V274 2013","0","0"
"DK651.K6 V274 2013","0","0"
"PK6561.A96 Z46 2012","0","0"
"PQ9698.417.A4 B3713 2014","0","0"
"HN418.C9 H52 2014","0","0"
"F2821 .B37 2012","0","0"
"PS153.I78 L53 2013","0","0"
"PQ7276.5.F35 T54 2013","0","0"
"PQ7298.23.O714 C58 2013","0","0"
"BX1378.7 .A48 2014","2","0"
"PR6052.H83 M9 2014","1","0"
"D640 .H585 2014","2","0"
"BL1138.26 .M344 2014","0","1"
"PR6108.E563 H84 2013","0","0"
"PT2681.T6916 N33 2014","0","0"
"DD104 .B83 2013","4","0"
"DS61.85 .K34 2014","2","0"
"PS153.P83 F774 2013","0","0"
"PS201 .B36 2013","1","0"
"KJV3379 .B674 2013","0","0"
"JL3081 .S387 2013","1","0"
"DK511.K5 D65 2008","0","0"
"DK511.K5 D653 2008","0","0"
"PT2662.R34 Z46 2009","1","0"
"DK511.K5 D654 2009","0","0"
"DK511.K5 D655 2009","0","0"
"HN440.P8 N33 2013","0","0"
"PQ2717.U37 C43 2014","0","0"
"DE83 .R47 2014","1","0"
"CT3262.G4 G46 2009","1","0"
"PQ2706.I22 C67 2013","0","0"
"KJC431 .B37 2010","1","0"
"PN1892 .D74 2014","0","0"
"PN2570 .O88 2013","1","0"
"PQ4876.E485 S76 2013","0","0"
"PQ4053.F87 L56 2010","2","0"
"DC801.P77 C68 2014","0","0"
"PQ4147 .N38 2014","0","0"
"PQ4075 .V65 2011","0","0"
"PQ145.1.M37 C37 2013","1","0"
"PN1995.9.I413 A57 2014","0","0"
"BD163 .R465 2014","0","0"
"DB2063 .R93 2013","0","0"
"PQ4916.I23 C65 2014","0","0"
"PQ4617.C817 A17 2013","0","0"
"PT1802.A3 Z48 2010","0","0"
"PQ4437.B6 C66 2013","1","0"
"TR817 .S74 2014","0","0"
"D764.3.S7 G5884 2014","0","0"
"E184.M5 P93 2014","0","0"
"BP75 .M16 2014","0","0"
"D769.8.A6 H384 2014","1","0"
"PN1998.3.V368 M34 2014","1","1"
"DK508.A3 H87 2013","0","0"
"PJ5054.R49 A2 2014","0","0"
"F1219.76.C68 O53 2014","1","2"
"PC4171 .G88 2014","0","0"
"HQ1181.I75 I87 2014","1","0"
"DS109.9 .J4573 2014","1","0"
"F548.9.N4 R4445 2014","1","1"
"F2532 .L45 2014","1","0"
"PN1995.9.S45 G73 2014","1","0"
"PR914 .T76 2014","1","0"
"F1435.1.C492 L38 2014","2","1"
"PL2735.L55 S4513 2014","0","0"
"HQ1236.5.M8 E97 2014","2","2"
"B3313.E33 M67 2014","1","0"
"PN56.M54 W35 2014","0","0"
"F2230.1.R3 B76 2014","1","0"
"PM4479 .S53 2014","0","0"
"DT107.828.F39 R43 2014","0","0"
"F232.A9 M44 2014","2","0"
"BR516 .L295 2014","2","0"
"F220.J5 L54 2014","4","0"
"E332.2 .K68 2014","0","0"
"BL2532.R37 M33 2014","4","0"
"F294.W26 H28 2014","0","0"
"DS741.75 .W36 2014","0","0"
"PS169.A28 W45 2014","0","0"
"PN2061 .Z36 2014","0","0"
"PS151 .R59 2014","3","0"
"PN56.R56 K35 2014","3","0"
"DU624.65 .K38 2014","1","0"
"PR9639.4.C66 B67 2014","1","0"
"F1035.A1 S74 2014","0","0"
"PR9604.3 .G45 2014","1","0"
"E806 .S686 2014","3","1"
"PS3611.E473 A6 2014","0","0"
"PN1993.5.E8 H34 2014","3","0"
"PN56.E6 E97 2014","1","0"
"P93.5 .D78 2014","6","0"
"BL2016.G6 H46 2014","1","0"
"PS3619.T4416 H68 2014","1","0"
"CB251 .I68 2014","0","1"
"DS134.72.G75 F7513 2014","2","0"
"D810.J4 J49 2014","4","0"
"PS3613.A3448 L33 2014","0","0"
"F89.P99 N44 2014","1","0"
"PK6561.Q253 A2 2014","0","0"
"PR9617.35.D48 T58 2013","0","0"
"PR1773.S383 O43 2014","0","0"
"BV5055 .B37 2013","3","0"
"PR6058.E2 Z866 2014","6","0"
"E340.B4 M84 2014","4","0"
"PR9346 .S48 2014","1","0"
"PR9346 .S48 2014","1","0"
"PR9346 .S48 2014","1","0"
"PR9346 .S48 2014","1","0"
"PR9346 .S48 2014","1","0"
"PR9346 .S48 2014","2","0"
"PR9346 .S48 2014","1","0"
"PR9346 .S48 2014","1","0"
"PN2277.L362 F857 2014","0","0"
"PT9876.24.O7155 A2 2014","0","0"
"PS3611.O3626 A6 2014","0","0"
"HQ79 .K43 2014","0","0"
"BM535 .H458 2014","6","0"
"PS3557.A7145 A6 2014","0","0"
"DG28 .C35 2014","0","0"
"PQ4862.E565 P36 2014","0","0"
"BP130.4.B33 A36 2011","0","0"
"PT2603.R397 Z46 2010","0","0"
"BR1050.U45 U87 2013","0","0"
"DS134.36.H37 A66 2014","0","0"
"PT9876.22.A6933 M3615 2007","0","0"
"BP130.4 .J38333 2011","0","0"
"PT9876.22.A6933 L8415 2008","0","0"
"BP130.2 .F35 2012","0","0"
"PQ4331.5 .M66 2013","0","0"
"BP131.R353 B57 2010","0","0"
"PQ4302 .G12 2012","1","0"
"LB1140.5.H4 S644 2014","1","0"
"LB1140.5.H4 S644 2014","1","0"
"LB1140.5.H4 S644 2014","1","0"
"LB1140.5.H4 S644 2014","1","0"
"LB1140.5.H4 S644 2014","1","0"
"PQ3919.3.E54 A16 2014","0","0"
"BP130.4.N53 M84 2014","0","0"
"DD240 .G476 2013","0","0"
"PR1195.H5 H67 2014","1","0"
"BP194.7.A733 H37 2010","1","0"
"PN6110.W28 H864 2014","0","1"
"PR6104.O56 G66 2014","0","0"
"PQ4903.A665 C37 2014","0","0"
"D802.I8 C37 2014","2","0"
"PQ4880.A517 D66 2014","0","0"
"PR6102.E677 B75 2014","1","0"
"PR9369.3.M3486 A6 2014","0","0"
"PG3229.2.H6 R37 2011","0","0"
"HV280.M89 W57 2014","0","0"
"PG5039.1.N78 D86 2014","0","0"
"PG5040.16.I837 A73 2014","1","0"
"PG5039.14.A48 P69 2014","0","0"
"PG5040.29.T342 U57 2014","0","0"
"CT963 .S27 2008","1","0"
"CT963 .H682 2009","0","0"
"PG5040.21.R43 S85 2014","0","0"
"PG5039.29.L45 N28 2014","0","0"
"PG5039.36.O56 L67 2013","0","0"
"PT2672.O725 K54 2008","0","0"
"PS3551.D65 T6 2014","3","0"
"PS3551.D65 T6 2014","3","0"
"PN6071.M738 G58 2014","0","0"
"PR6103.A538 M66 2014","1","0"
"PQ7298.416.E76 B34 2013","1","0"
"PQ7298.29.I74 J83 2013","0","0"
"PQ8098.12.O38 Z745 2012","0","0"
"PN1997.P48 B47 2013","0","0"
"PN2781 .R66 2013","1","0"
"BP70 .M368 2009","0","0"
"B4568.O74 M43 2014","0","0"
"BP130.4.A5383 S25 2010","0","0"
"BP130.4.K2743 S429 2011","0","0"
"PG3238.H8 M25 1963","1","0"
"DB917.3 .G272 2003","0","0"
"BP130.4.H8453 J36 2012","0","0"
"PG5040.3.U76 T872 2014","1","0"
"BP130.4.N27 S43 2012","0","0"
"PG5038.G33 T46 2014","1","0"
"PG5040.26.I53 T88 2014","0","0"
"BP195.A5 Q296 2014","1","0"
"BL80.3 .L43 2014","1","0"
"PN1995.9.P7 B49 2014","0","0"
"E185.61 .J153 2014","3","0"
"E907 .K554 2014","1","0"
"BR1110 .C579 2014","1","1"
"PR3779.Y4 2014","3","0"
"PR3779.Y4 2014","0","0"
"PR3779.Y4 2014","0","0"
"Z1039.A87 C65 2014","4","0"
"BS2555.52 .J47 2011","0","0"
"DA655 .E44 2014","1","0"
"DD68 .M36 2014","0","1"
"PR2048 .L49 2014","0","0"
"HV8569 .C66 2014","1","0"
"PS3563.O69 D65 2014","3","0"
"B833 .H43 2014","2","0"
"PS3601.B37 F48 2014","6","1"
"DS832.7.K6 R36 2014","2","0"
"PN56.P93 F88 2014","1","0"
"PR6103.A72 G57 2014","10","0"
"DL398.R5 A3 2014","2","0"
"DS146.A67 I57 2014","0","0"
"D1055 .S58 2014","2","0"
"PS3607.I45214 I24 2014","2","0"
"PB1397.A33 I52 2014","0","0"
"PR9199.4.J674 Z46 2014","2","0"
"PR8807.G67 I75 2014","0","0"
"E842 .W4 2014","2","0"
"PR6066.A84 L38 2014","1","0"
"PT9370.L47 B56 2014","0","0"
"E908.3 .K54 2014","0","0"
"PR6066.R34 L664 2014","2","1"
"DA125.M87 F35 2014","0","0"
"PS3611.W65 M37 2014","2","0"
"F201.3.B37 A3 2014","1","0"
"B1608.L6 M55 2014","0","0"
"PR9199.3.M6353 M68 2014","1","0"
"PQ7298.424.E76 M3813 2014","2","0"
"PM5476 .N44 2014","0","0"
"PR481 .N46 2014","2","0"
"PS3552.R698 N57 2014","1","0"
"BL625 .P362513 2014","2","0"
"PS3554.Y3 A6 2014b","2","0"
"B945.P44 G38 2014","3","0"
"DS266 .A67 2014","1","1"
"BJ1521 .P465 2014","2","0"
"DS666.I15 R46 2014","1","0"
"E175.5.P38 A3 2014","0","0"
"PQ305 .L365 2014","0","0"
"PR4489.C2 Z56 2014","1","0"
"P94.6 .S464 2014","1","0"
"GT2130 .H84 2014","0","2"
"PS3566.A334 S63 2014","0","0"
"PR605.W65 E47 2014","3","0"
"PN1995.9.M34 O83 2014","1","1"
"PR33 .N47 2014","1","0"
"E175 .P46 2014","1","0"
"PQ4863.A3894 S6713 2014","9","0"
"DR923 .K66 2009","0","0"
"PC3942.426.A784 M3513 2014","0","0"
"F1488.3 .L37 2014","0","0"
"P94.6 .C376 2014","2","0"
"DS779.47 .H37 2014","0","2"
"PR9510.9.S57 A6 2014","0","0"
"DS526.7 .A26 2014","0","0"
"BD143 .C87 2014","0","0"
"PR6121.P76 D43 2014","1","0"
"PS374.N4 H86 2014","1","0"
"BT825 .M363 2013","0","0"
"PS3573.O5925 Z53 2011","0","0"
"PT6592.32.I44 K3713 2014","0","0"
"D810.S7 B79 2014","1","0"
"PS3608.A783266 F74 2013","1","0"
"PR9199.4.R825 H69 2014","0","2"
"PN2051 .T49 2014","2","0"
"F3429 .D35 2015","4","1"
"BP173.43 .V36 2014","0","0"
"BX4705.B163 S355 2014","0","0"
"PR9619.3.J635 M94 2013","0","2"
"PL992.415.K829 O54 2014","1","0"
"F158.44 .T59 2014","3","2"
"BX558 .K645 2012","0","0"
"E185.625 .I27 2014","3","0"
"PN1996 .C775 2014","0","0"
"DT30.5 .A73 2014","0","1"
"BT78 .S97 2014","0","0"
"E184.A1 R72 2014","4","0"
"PS3622.I285 T45 2014","0","0"
"PS3623.I6637 A6 2014","0","0"
"PS3612.U2525 T47 2013","0","0"
"CT275.T717 C567 2014","2","0"
"PR6039.O32 Z6977 2014","1","0"
"PS3619.P582 T84 2014","2","0"
"BL80.3 .V76 2013","0","0"
"PS3608.I7665 W49 2013","0","0"
"PG5438.T34 D4 2009","0","0"
"PL431.M6 R633 2014","0","0"
"PR6065.C558 T475 2014","0","0"
"BL1923 .S46 2013","3","0"
"BP131 .Z3416 2012","0","0"
"DR1318 .L954 2013","0","1"
"RA794 .L87 2013","0","1"
"BP130.4.F393 S53 2010","0","0"
"PQ4914.E35 M35 2014","0","0"
"B753.M84 F35 2011","0","0"
"PR6039.O32 Z883 2011","0","0"
"PS3602.A9357 L67 2013","1","0"
"BP130.4.T373 J34 2010","0","0"
"PR6063.O683 M57 2014","2","0"
"BP130.4.K453 S27 2012","0","0"
"F1221.T3 A435 2013","0","0"
"F1221.T3 A435 2013","0","0"
"BP130.4.G863 K86 2011","0","0"
"F1391.N48 N49 2009","0","0"
"HV2474 .T43 2014","0","0"
"F2936 .M756 2012","0","0"
"HQ621 .C8","0","1"
"PQ7798.428.O427 L67 2012","0","0"
"HF5387 .B679 2014","0","0"
"JQ1516 .T44 2014","5","0"
"E99.C88 C65 2014","0","0"
"LA227 .S86 2014","1","0"
"GF80 .S348 2014","1","0"
"H97 .H687 2014","0","0"
"LA428.7 .E73 2014","0","0"
"HD9066.S6444 P67 2014","1","2"
"HD6285.5.U6 F73 2014","2","0"
"JN6696 .R46 2014","0","0"
"HC137.M46 S55 2014","2","0"
"E99.H6 W755 2014","0","0"
"HN65 .R66 2014","0","0"
"HD1471.J3 D45 2014","4","0"
"JF1031 .B74 2014","4","0"
"HN690.D454 W45 2014","0","0"
"HQ519 .B76 2014","1","0"
"JC598 .E64 2014","0","0"
"JC328.7 .F35 2014","1","1"
"HC443 .H54 2014","2","1"
"HD62.6 .G69 2013","0","0"
"HM756 .P647 2014","2","0"
"HD7287.82.U6 H664 2014","0","0"
"HV6626.52 .I578 2014","1","0"
"HD62.6 .N693 2014","6","0"
"LD7182.9 .N47 2014","1","0"
"GN308 .A66 2014","5","0"
"KF224.D45 W76 2014","2","0"
"BP130 .S27 2010","0","0"
"PR6066.A325 P37 2014","0","0"
"GV943.6.B59 R67 2008","0","0"
"PQ7798.12.A953 V6 2011","0","0"
"PQ9469.3.A638 R48 2013","0","0"
"PR6110.A76 M56 2013","0","0"
"PQ7150 .R84 2010","0","0"
"HD1795.M53 S55 2012","0","0"
"PR9379.9.N75 V53 2009","0","0"
"PR9379.9.Q387 R78 2006","1","0"
"CB411 .E85 v. 41","0","0"
"F3320.1.E26 P76 2012","0","0"
"PH3194.B3 A34 1994","1","0"
"PH3241.J265 L4","0","0"
"BP130.4.G453 M56 2013","0","0"
"HJ1489 .A25 2013","0","0"
"PN56.3.I57 C37 2014","0","0"
"BP130.4.S873 K87 2013","0","0"
"JQ1879.A15 A383 2010","1","0"
"PG3242.5 .C58 2010","0","0"
"GV423 .B56 2014","0","0"
"GV1046.J47 L68 2014","0","0"
"PQ3989.2.A375 Z86 2012","0","0"
"BP130.4.A3143 M87 2010","1","0"
"JC599.C17 H86 2009","0","0"
"GV199.42.A42 H35 2014","3","1"
"RC489.R46 H36 2014","1","0"
"RA564.85 .P35 2014","2","0"
"P37.5.C74 L36 2013","1","0"
"BP130.4.K283 G48 2013","0","0"
"DB864.2 .C94x","0","0"
"JL2092 .H47 2012","0","0"
"PQ4863.A3894 P3913 2007","13","0"
"PQ6506 .A6 2013","0","0"
"BP130.4.S533 R34 2012","0","0"
"PQ4863.A3894 F6713 2004","6","0"
"PQ3919 .H37 2013","1","0"
"NX501.5 .E88 2013","1","0"
"BX3604.Z5 M53 1996","3","0"
"HC54 .G54 2013","0","0"
"BP130.4.A31483 B34 2010","0","0"
"HQ684 .H844 2012","0","0"
"D810.C82 G49 2014","0","0"
"PH5397.S8 N84 2014","0","0"
"DK268.A1 M896 2014","1","0"
"CS842 .D88 1996","0","0"
"PG3487 .A592 2004","0","0"
"DK651.U3 Z54 2012","0","0"
"PN6790.K64 C453 2011","6","0"
"PE3727.S7 S65 2014","0","0"
"PA8250.A236 D416 2013","0","0"
"DK32 .I879 2002","0","0"
"DK32 .I879 2002","0","0"
"PQ295.M46 Q33 2014","0","0"
"PL2321 .M56 1984","1","0"
"BR856 .C48 2014","0","0"
"DJK10.5 .G43 2014","0","0"
"ND2899.5 .H47613 2012","1","0"
"PT2681.T393 G3613 2013","0","0"
"Z321.3.J35 W35 2014","0","0"
"JN6529.I6 W35 2014","0","0"
"PT345 .P37 2014","0","0"
"CJ1102 W35 2012","3","0"
"D524.7.F8 J483 2013","0","0"
"PT405 .L485 2014","0","0"
"PN1081 .D68 2013","0","0"
"PQ2664.O8334 P45 2013","0","0"
"PQ265 .A26 2013","1","1"
"BP130.4.Q573 A84 2010","1","0"
"F2845.V53 S26 2012","0","0"
"G90 .S785 2006","0","1"
"DS916.58.K56 A3 2005","2","0"
"PQ6708.E755 Z46 2014","0","0"
"BP130.4.T33 J36 2010","0","0"
"DS915.37 .K86 2009","0","0"
"DS915.37 .K86 2009","0","0"
"BX583.P272 L35 2006","0","0"
"DS915.37 .K86 2009","0","0"
"PQ7298.1.M65 O87 2012","0","0"
"PQ7797.G386 H69 2014","0","0"
"BP130.4.I763 B57 2011","0","0"
"DP42 .U64 2014","0","0"
"BP130.4.N33113 F39 2010","1","0"
"PN1136 .R54 2013","0","0"
"PJ7519.L6 T675 2014","0","0"
"PQ6672.A524 E98 2014","0","0"
"JV8757 .K54 2014","1","0"
"PQ6629.R55 C37 2013","0","0"
"PL909 .K65 2013","0","0"
"DS913.15 .C462 2003","0","0"
"DS913.15 .C462 2003","0","0"
"PQ6073.E76 P37 2014","1","0"
"PR6068.A57 C6714 2010","0","0"
"P35 .H34 2010","2","2"
"F3319.1.O78 M44 2012","2","0"
"BP130.4.Z33 B375 2010","0","0"
"PQ7298.23.E374 M45 2013","0","0"
"LB1139.L3 R441 1989","0","0"
"BP130.4.T343 S53 2010","0","0"
"BP130.2 .M86 2011","0","0"
"E841 .T73 2013","0","0"
"PR6052.A6494 L36 2014","0","0"
"HD69.P75 A38 2014","0","2"
"GN33 .V5313 2014","1","0"
"JQ750.A91 G47 2014","0","0"
"JQ1759.7.A38 S868 2014","0","0"
"JZ1318 .Y862 2014","0","0"
"LB3051 .D37 2014","1","1"
"JZ1242 .C45 2014","0","0"
"HV9069 .A669 2014","0","0"
"KF1030.E4 M85 2014","0","0"
"HG5993 .B66 2014","2","0"
"HF5415.13 .S273 2014","3","1"
"HD30.28 .R477 2014","0","0"
"JQ98.A38S8 S56 2013","0","1"
"HD53 .L423 2014","0","0"
"HQ1075.5.E85 G4625 2014","0","0"
"HF5549.5.S47 B76 2014","0","1"
"JL1410 .H46 2014","2","0"
"LC238 .B78 2014","0","0"
"HF5549.2.E92 Z54 2014","0","0"
"LC2670 .V85 2014","1","0"
"HB501 .K455 2014","1","0"
"GA102.3 .K73 2014","1","0"
"HC495.C3 B84 2014","1","0"
"BX1795.S62 L53 2014","0","0"
"LB2806.36 .W545 2014","0","0"
"JK2249 .W37 2014","0","0"
"GN407.4 .D48 2014","0","0"
"HF3820.5.Z5 S56 2014","0","0"
"HD62.7 .M387 2014","4","0"
"HD62.37 .S36 2014","1","0"
"HG176.5 .W55 2014","2","0"
"HG4529.5 .W355 2014","1","0"
"JZ1318 .A754 2014","1","0"
"HM821 .W49 2014","0","0"
"HB501 .A23 2013","0","0"
"LB1027.5 .S66 2014","1","2"
"HC60 .A87 2013","0","0"
"HT168.A8 A87 2014","0","0"
"HT166 .B39273 2014","3","0"
"LB2341 .B4765 2014","0","0"
"LC2731 .B85 2014","0","0"
"Z1039.B67 K585 2014","0","0"
"LC220.5 .C649 2014","3","0"
"HF5415.33.C6 Y8 2014","2","0"
"LC71 .G67 2014","1","0"
"HN90.I56 G73 2014","0","0"
"LC5146 .D96 2014","2","0"
"DS526.3 .H54 2014","0","0"
"LB1585.3 .E425 2014","2","0"
"HV6401 .B75 2014","0","1"
"HC860.Z9 P65 2014","2","0"
"JK518 .L35 2014","0","0"
"LC3071 .L43 2014","1","0"
"HF3836.5 .C73 2014","1","0"
"JZ5538 .D536 2014","0","0"
"LB1044.5 .W33 2014","0","0"
"HV6773 .P57 2014","0","0"
"JC596 .M36 2014","0","0"
"JF1351 .S83 2013","0","0"
"LB2322.2 .R425 2013","0","0"
"LC4086 .S53 2014","0","0"
"HD69.C6 I96 2014","2","1"
"LB1028 .C538 2014","3","0"
"LB2805 .M777 2014","0","0"
"HD62.6 .S63 2014","1","0"
"HN720.5 .S77 2013","0","0"
"HT123 .U67 2014","6","0"
"PN1992.77.V47 V47 2014","1","0"
"HB501 .B7456 2014","1","0"
"PG3482.5.N38 S35 2014","0","0"
"PK6561.A627 K46 2013","1","0"
"BS652 .M87 2013","0","0"
"PG3476.T75 A53 2014","1","0"
"PK6562.29.H576 A97 2013","0","0"
"PK6562.21.I93 D8 2013","1","0"
"PQ2663.O695 P37 2014","0","0"
"PK6562.23.U4463 R58 2013","0","0"
"PK6561.S469 S5 2013","0","0"
"PQ4876.E764 G56 2014","0","0"
"PG5039.18.R2 P47 2008","0","0"
"DS530.68.T43 A3 2013","0","0"
"PR29.B57 H49 2014","0","0"
"PK6561.S469 M3  2013","0","0"
"PR6053.U75 S664 2014","0","0"
"PS3604.R873 W4 2014","7","1"
"PK6562.17.I93 A83 2013","0","0"
"PK6561.S518 M54 2013","0","0"
"PN4930 .R595 2012","0","1"
"PK6561.S294 K4 2013","0","0"
"F2329.22.C54 A5 2013","0","0"
"PQ6719.A53 I58 2014","0","0"
"PQ7298.15.S6357 T64 2013","0","0"
"PR6113.E48 P43 2014","1","0"
"PK6562.23.I67 P396 2013","0","0"
"PQ6718.I96 H84 2014","0","0"
"PQ6085 .S27 2013","0","0"
"PQ2667.U4612 Z46 2014","0","0"
"PQ6032 .T67 2013","0","0"
"PR3379.C3 Z58 2012","0","0"
"PS3612.E66 C35 2014","5","0"
"PS3551.L845 Z635 2012","1","0"
"PR275.R4 G55 2011","4","0"
"PR9495.6 .M37 2012","0","0"
"PE2403 .C47 2012","0","0"
"PR2829 .B36 2012","3","0"
"F209 .W55 2014","2","0"
"PR6045.O72 Z8786 2012","0","0"
"PQ6613.O625 Z84 2014","0","0"
"HM636 .C844 2013","1","0"
"HV6322.3.A7 R44 2013","0","1"
"PN1995.9.D6 O88 2012","1","0"
"PG5040.23.I3454 N22 2014","1","0"
"PG5039.28.I26 K29 2014","0","0"
"D523 .T46 2014","10","1"
"PG5040.28.E94 L28 2014","0","0"
"PQ6668.I536 F73 2013","0","0"
"PG5040.3.O656 N63 2014","0","0"
"PQ7298.28.U85 A895 2013","0","0"
"PG5039.18.U84 P72 2014","0","0"
"PK6562.23.I39 A38 2012","0","0"
"PG5039.18.A452 H69 2014","0","0"
"PS3553.A7894 Z79 2014","0","0"
"PG5039.28.A9 L29 2014","0","0"
"BX4655.3 .P56 2014","0","0"
"PG5039.29.H63 Z23 2014","0","0"
"PG5040.36.I95 E46 2014","0","0"
"PG5039.3.O647 S24 2014","0","0"
"PR6057.R363 F66 2014","1","0"
"PG5039.21.L85 P69 2014","0","0"
"PG5040.26.R56 P75 2014","0","0"
"PG5040.29.L387 P75 2014","0","0"
"PR6057.R363 E37 2014","0","0"
"PK6561.I279 P87 2012","1","0"
"PG5039.21.R29 V47 2014","1","0"
"PR9265.9.M553 C37 2014","2","0"
"PR6057.R363 O43 2014","0","0"
"PG5039.13.E74 Z25 2014","0","0"
"P96.A752 A856 2013","0","0"
"HQ75.4.M45 A3 2014","0","0"
"PR9199.3.C3926 M34 2014","0","0"
"PS3626.E445 L63 2014","0","0"
"PQ6701.J6 M534 2013","0","0"
"PQ6615.E57 Z5495 2013","1","0"
"PR8966 .S76 2014","0","0"
"PR8966 .S76 2014","0","0"
"P115.5.A7 P73 2012","0","0"
"PQ7081.5 .E83 2014","0","0"
"BP65.R82 V653 2009","1","0"
"PQ6422 .A2 1916","1","0"
"PG3409.5 .L48 2011","0","1"
"PG3409.5 .L48 2011","0","1"
"CR69.M6 E73 2013","1","0"
"PN1997.85 .S54 2014","5","0"
"PT167 .S56 2014","0","0"
"DJK28.L4 L466 2007","0","0"
"PQ3919.B6 J4813 2014","0","1"
"PR6029.R8 W55 2013","0","1"
"GT3274.5.I75 G36 2014","1","0"
"DC235 .P96 2012","0","0"
"JQ2947.A91 C56 2013","0","0"
"DC235 .P968 2012","0","0"
"PQ6719.I54 C46 2013","0","0"
"PS3611.E5333 B66 2014","1","0"
"PR6102.I44 B66 2014","1","0"
"PQ7618 .T73 2012","0","0"
"DC235 .P965 2012","0","0"
"JZ5675 .M68 2014","0","0"
"F1234 .B8818 2013","0","0"
"PQ7298.32.I55 H395 2012","0","0"
"DS63.2.U5 B47 2014","0","0"
"PQ7298.26.A25 D53 2014","0","0"
"P94.6 .G68 2013","0","0"
"PN5316.C26 A3 2014","0","0"
"PQ6058 .P47 2013","0","0"
"PQ6603.A7 Z57574 2012","0","0"
"DK188 .S346 2014","0","0"
"PN6231.F37 G45 2014","0","0"
"BP173.4 .V3715 2014","0","0"
"DC235 .N378 2012","0","0"
"GV417.W75 W55 2014","1","0"
"PQ4807.A79 G5365 2014","1","0"
"JC355 .G56 2013","1","0"
"PN5206 .Z45 2014","0","0"
"PS3558.I384355 M38 2014","2","0"
"DS81 .B46 2014","0","0"
"F1219.1.M55 A59 2012","0","0"
"PA4382 .P596 2014","0","0"
"LB1025.3 .L485 2014","1","0"
"PS3557.A22 W85 2014","5","1"
"BL1238.32 .H56 2014","3","0"
"CT275.C6273 G67 2014","0","0"
"PN4874.B235 A3 2014","0","0"
"DT16.E17 T36 2014","1","0"
"D550 .L44 2014","0","0"
"PN1993.5.M4 C645 2011","0","0"
"F1221.M33 T57 2013","0","0"
"PS3557.R48998 V48 2014","1","0"
"PQ6047.G34 A38 2014","0","0"
"PC3941.E84 Z75 2013","0","0"
"DG571 .C439 2014","1","0"
"BL815.P7 S33 2014","0","0"
"DK572.O38 K73 2010","1","0"
"TG86.B65 F65x 2013","0","0"
"DK510.762 .C528 2014","0","0"
"F1321 .E58 2009","0","0"
"DK781.Y4 K66 2007","0","0"
"PQ6358.A63 P56 2013","0","0"
"DK49 .L64 2013","1","1"
"HN530.7.A8 Z53 2013","0","0"
"PQ6653.A723 B45 2013","0","0"
"PH5339.S16 M3718 2013","1","0"
"PN1998.3.D958 K65 2013","0","0"
"PQ7486 .T46 2013","0","0"
"PQ7765 .A676 2006","0","0"
"BT660.H79 R364 2012","0","1"
"B3209.B834 B58 2014","0","0"
"PN1998.3.M497 T35 2014","0","0"
"DK601.2 .D755 2012","0","0"
"U22 .O74 2013","4","1"
"DS793.S62 O38 2012","1","0"
"PQ6081 .P47 2013","0","1"
"PS3556.R3338 H87 2014","1","0"
"ND699.F4 K89 2014","0","0"
"PQ7081.3 .P56 2013","0","0"
"ND813.A635 C27 2013","0","0"
"DK253 .A54 2013","0","0"
"PT2671.L8 A66 2013","1","0"
"HD1536.S65 B473 2011","0","0"
"BF371 .H694 2014","2","0"
"GR71 .P84 2013","0","0"
"D805.G3 E4344 2014","0","0"
"CS846 .R99 2011","0","1"
"DK293 .S66 2011","0","0"
"HN530.Z9 E46 2013","0","0"
"DK510.763 .I436 2012","0","0"
"BX1584 .A73 2013","0","0"
"DK510.765 .G669 2013","0","0"
"DK288 .B876 2013","0","0"
"DP236.Q85 Q85 2013","0","0"
"DK38.8 .O25 2010","0","0"
"BX493 .K67 2012","0","0"
"DP179 .G66 2013","0","0"
"PQ6659.B22 B75 2014","0","0"
"DK112.4 .B64 2013","0","0"
"DK111 .S56 2013","1","0"
"PQ6430 .K358 2014","1","0"
"DK266 .M375 2014","1","0"
"BX601 .U786 2013","0","0"
"DK510.766.M42 D67 2012","0","0"
"PC3941 .L573 2013","1","0"
"DK32 .M45 2013","0","0"
"PN56.M8 E97 2014","2","0"
"DR2087.5 .G87 2013","0","0"
"PR6102.R535 R35 2013","0","0"
"BX597.P67 S85 2013","1","0"
"UF85 .S54 2013","0","0"
"BF1078 .P29 2014","2","0"
"BM520.55 .P74 2014","0","0"
"PN56.V3 F87 2013","0","0"
"D269 .D83 2014","0","1"
"HD87.5 .F57 2014","0","0"
"PT2716.R67 G45 2013","0","0"
"PN4775 .N535 2013","0","0"
"PN1995.9.D625 B65 2014","0","0"
"PR6118.O2438 L36 2014","1","0"
"PS3503.A614 N534 2014","1","1"
"D767 .M67 2014","2","0"
"PQ7261.P59 P64 2010","0","0"
"PQ6701.L556 H66 2013","0","0"
"PQ6619.I4 Z46 2013","0","0"
"GR304.S57 S57 2011","0","0"
"GR305.5.M34 P24 2012","0","0"
"PQ6641.A47 Z7643 2013","0","0"
"GR305.5.N3 P24 2012","0","0"
"PK2198.M88 A12 2003","0","0"
"HN683.5 .C56 2000","0","0"
"G1736.E625 A85 2013","1","0"
"DS480.853 .J46 2012","0","0"
"DS480.853 .J46 2012","0","0"
"PL4659.K29 N34 2013","0","0"
"PK2099.34.H85 S57 2013","0","0"
"DS485.M28 C638 2012","0","0"
"BL1515.5.Y3 M35 2013","2","0"
"HQ1064.C17 F66 2013","0","0"
"PK2200.S185 A88 2013","0","0"
"PS3604.E2425 S77 2014","0","0"
"PK2099.32.R33 J6 2013","0","0"
"PK2103.A53 A53 2013","0","0"
"PR6068.O93 S56 2014","15","0"
"PQ4863.A3894 Z46 2014","0","0"
"PK2065 .S26 2013","0","0"
"DP269.8.P65 L36418 2013","1","0"
"DS481.G3 R2644 2012","0","0"
"HN690.T3 L46 2012","0","0"
"PN4888.W65 A33 2009","0","0"
"BD541 .B87 2014","0","0"
"KF373.H644 A53 2014","0","0"
"BQ3225.B353 K85 2013","0","0"
"TT504.6.I4 F374 2013","0","0"
"DT197.5.F8 H87 2014","3","0"
"PN6790.M483 V436 2013","1","0"
"GT120 .G47 2014","0","0"
"RA784 .A5334 2014","4","0"
"F128.68.B8 P39 2014","2","0"
"DB86.7 .A17 2013","0","0"
"HN310.Z9 S6286 2013","0","0"
"ND237.M239 A4 2013","0","0"
"PR9199.4.P553 M9 2014","0","0"
"PG5040.2.U72 C46 2014","0","0"
"PG5040.3.R47 K66 2014","0","0"
"PG5040.2.I34 D82 2014","0","0"
"DD120.P7 B65 2014","0","0"
"PG3479.7.R573 P37 2013","1","0"
"PG3491.94.E33 S74 2013","1","0"
"GR830.V3 S8 2009","1","0"
"JL966 .R656 2013","3","0"
"PG3482.8.R732 P85 2013","1","0"
"UA840 .I45558 2013","1","0"
"HN537 .K857 2012","0","0"
"PS3611.A469 A6 2014","1","0"
"PT2664.I82 D37 2014","0","0"
"HM1131 .D56 2013","0","0"
"PK2098.34 .K39 2013","0","0"
"PK2098.34 .K39 2013","0","0"
"PK2098.34 .K39 2013","0","0"
"PK2098.34 .K39 2013","0","0"
"PK2098.34 .K39 2013","0","0"
"U21.2 .S56 2013","0","0"
"PN5377.S6 S73 2013","0","0"
"PA6704.S95 E5 2014","1","0"
"B132.L6 K373 2013","0","0"
"D1053 .E8625 2014","0","0"
"HN303.5 .J394 2012","0","0"
"PT1589 .B74 2014","0","0"
"PN849.S75 J58 2013","0","0"
"DJK48.5 .R45 2012","0","0"
"PK423 .R35 2011","0","0"
"P98.5 .O25 2014","0","1"
"PK2098.P7 P73 2012","0","0"
"PR9499.4.K85 T35 2013","0","0"
"PR9499.4.K66 B36 2012","0","0"
"PR9499.4.D43 L37 2013","0","0"
"DT16.5 .D534 2012","4","0"
"PK2040 .A34 2012","0","0"
"HQ449 .S29 2011","2","0"
"U264.5.I4 P73 2013","1","0"
"PK2098.R45 M3354 2011","1","0"
"GV1693 .P35 2013","0","0"
"DS135.S55 S93 2014","0","0"
"PR9499.3.S53 U63 2013","0","0"
"DP269.15 .U78 2013","1","0"
"PK2200.M3597 Y34 2013","0","0"
"HG9399.I4 I53 2011","0","0"
"HF5429.6.I5 M87 2012","0","0"
"PK2709.5 .M48 2013","0","0"
"PK1939 .P73 2012","0","0"
"PK2201.M36 S27 2013","1","0"
"PK1931 .P73 2012","0","0"
"NC1807.C5 Y36 2013","0","0"
"JS7025.B5 B54 2012","0","0"
"NX650.P62 W56 2013","0","0"
"PK1939 .J33 2012","0","0"
"PR6112.E895 S77 2007","0","0"
"HB3532.S65 A64 2012","0","0"
"PN2316.M42 P3558 2008","0","0"
"P92.65.E85 N38 2014","0","0"
"PN1995.67.M6 E875 2012","0","0"
"HT757 .B35 2014","0","0"
"JA76 .C539 2013","0","0"
"PN6790.M483 T756 2014","0","0"
"PN1997.2 .B47 2013","1","0"
"F1219.3.S57 R44 2010","0","0"
"F1219.3.S57 R44 2010","0","0"
"HN380.7.A8 D64 2014","1","0"
"PG3491.6.E58 S83 2013","0","0"
"PG3493.48.N98 U65 2014","1","0"
"KJA147 .G48 2012","0","0"
"PN1992.77.A215 M38 2014","0","0"
"LC1091 .K43 2014","0","0"
"JZ1253 .V65 2014","0","0"
"LB1632 .A56 2015","0","0"
"VK15 .G46 2013","1","0"
"JC328.5 .C43 2013","4","0"
"LC196 .D48 2014","1","0"
"D58.H6 B744 2013","0","0"
"PR6051.L5385 A6 2013","0","0"
"PT2685.I467 W4613 2013","0","0"
"DS451.5 T57 2012","0","0"
"GN855.I4 R36 2013","1","0"
"DG247 .C28 2013","0","0"
"PN1995.75 .G37 2012","0","0"
"PR1924 .B773 2013","0","0"
"DG85 .I65 2012","0","0"
"HQ1240.5.I4 G46 2013","0","0"
"JS7009 .E47 2012","0","1"
"DS485.G9 M36 2013","0","0"
"HE3295 .J43 2013","0","0"
"DS432.M84 K466 2013","0","0"
"GN635.I4 C43 2013","0","0"
"HG1233 .G37 2013","1","0"
"DK855.8 .M85 2013","0","0"
"BL2001.2 .M57 2013","0","0"
"P94.5.W65 T75 2013","0","0"
"UA840 .D45 2013","0","0"
"F1219.1.M5 C65 2003","1","0"
"F1219.3.W6 H57 2002","1","0"
"DS744 .L27","0","0"
"DS744 .L27","0","0"
"H61.15 .J34 2014","1","0"
"PT2667.E54 L45 2014","0","0"
"F2329.22.C54 F37 2013","1","0"
"PQ8550.16.L62 M33 2013","1","0"
"NA939.V57 A3 2013","1","0"
"PQ8550.25.C56 R85 2013","0","0"
"PQ7378 .L6 2014","0","0"
"PR1368 .W55 2013","0","0"
"PN674 .P73 2013","1","1"
"PQ7390.P39428 Z46 2013","0","0"
"JN40 .T63 2014","0","0"
"PQ4829.O615 Z564 2014","0","0"
"PQ8550.413.A88 O35 2013","0","0"
"HT131 .S635 2014","0","0"
"KHW484 .A926 2013","0","0"
"PQ8550.41.C664 H55 2013","0","0"
"GV944.G7 C35 2014","0","0"
"PQ8550.416.L67 D4 2013","1","0"
"PQ8550.19.Z29 Z46 2013","0","0"
"HD69.B7 S56 2014","0","0"
"HG3916 .L69 2010","0","0"
"HB171 .M16 2014","0","0"
"PR9499.3.T34 Z86 2013","0","0"
"JC328.5 .A33 2013","0","0"
"HQ1236.5.P18 S25 2013","0","0"
"GV706.42 .W38 2014","0","0"
"HV6771.I4 F54 2013","1","0"
"HQ1061 .E44 2014","0","0"
"UG1245.I4 A84 2013","0","0"
"HC435.3 .I53 2013","0","0"
"DS134.42.B45 A3 2013","0","0"
"PQ4094 .P28 2012","0","0"
"PN56.T45 D43 2013","0","0"
"DS403 .S684 2013","0","0"
"DS403 .S684 2013","0","0"
"DS403 .S684 2013","0","0"
"DS403 .S684 2013","0","0"
"DS403 .S684 2013","0","0"
"B738.S63 U53 2014","2","0"
"DS450.P18 B46 2013","0","0"
"GV1693 .W35 2013","0","0"
"HD6190.G37 D49 2013","0","0"
"HV5801 .B65 2013","0","0"
"LB1575.5.K6 K835 2012","2","0"
"LB1575.5.K6 K835 2012","1","0"
"LB1575.5.K6 K835 2012","1","0"
"LB1575.5.K6 K835 2012","0","0"
"DS480.45 .C4573 2013","1","0"
"HV1454.2.I4 T36 2013","0","0"
"DS481.K786 A3 2013","0","0"
"F1760 .H47 2013","0","0"
"U35 .B377 2012","0","0"
"LB1575.5.K6 K84 2013","1","0"
"LB1575.5.K6 K84 2013","1","0"
"LB1575.5.K6 K84 2013","1","0"
"LB1575.5.K6 K84 2013","0","0"
"LB1575.5.K6 K84 2013","1","0"
"F1783.M38 G885 2012","0","0"
"PK1730.22.A54 L66 2013","0","0"
"PR9495.25 .A56 2013","0","0"
"F2260 .B53 2011","0","0"
"PN1821 .S65 2014","2","0"
"PN1995.9.V47 G56 2013","1","0"
"HQ792.S55 E65 2012","0","0"
"PJ5129.H28 A6 1988","1","0"
"GN776.32.I4 N46 2008","0","0"
"PN989.I5 B44 2013","0","0"
"PN2871 .M56 2008","0","0"
"PR9499.3.M28 L36 2013","0","0"
"HD38.25.I4 M577 2011","0","0"
"PN1993.5.C6 T67 2011","0","0"
"PR9499.4.V95 S55 2013","0","0"
"DS486.S28 L35 2012","0","0"
"HQ796 .O24 2013","0","0"
"PT1570 .A37 2013","0","0"
"PT2661.M14 A6 2014","0","0"
"PT9876.29.J63 .T37 2014","1","0"
"PT2662.R34 D64 2014","0","0"
"PS3610.A4282 D75 2013","2","0"
"PQ7489.2.C57 R45 2013","0","0"
"DS135.E55 L6644 2014","2","0"
"PN6790.C73 L2827 2013","0","0"
"BD438.5 .E47 2014","0","0"
"HN273.5 .B28 2006","0","0"
"F3320.1.E4 G88 2011","0","0"
"PR6003.E282 E27 2014","3","0"
"HV6453.C94 F47 2013","0","0"
"PR6003.E282 E27 2014","0","0"
"PR9499.3.B65 N66 2013","0","0"
"DB2650.C494 J25 2013","0","0"
"F3320.1.G6 C66 2008","1","0"
"HD9502.I4 D43 2013","0","0"
"GT2860 .H57 2012","0","0"
"PQ9281.A59 P6713 2014","0","0"
"GT1470.R35 M44 2013","0","0"
"UA625 .C35 2013","0","0"
"PK6562.17.A73 F3713 2013","0","0"
"PK1937 .P27 2012","0","0"
"DR73.R8 S5353 2009","0","0"
"PG5039.28.E366 B28 2014","0","0"
"HQ1075 .T36 2013","0","1"
"B5133.M3 S46 2013","0","0"
"LC165 .M35 2013","0","0"
"LC906 .R44 2014","0","0"
"B131 .C668 2013","0","0"
"B131 .C668 2013","0","0"
"DK651.R496 M375 2014","0","0"
"PT5881.23.A694 Z83 2013","0","0"
"PR9495.7 .E95 2013","0","0"
"PR9499.4.B353 S67 2013","0","0"
"JN6581 .K676 2012","0","0"
"PK1730.12.G365 A33 2009","0","0"
"PG3476.K488 A6 2014","0","0"
"PL2965.Y825 A2 2014","0","0"
"DB2107 .B97 2013","0","0"
"HD6189 .B36 2013","0","0"
"JQ247 .D373 2013","0","0"
"UG1242.A28 D44 2013","0","0"
"HG3891 .S56 2013","0","0"
"DC235.1 .S58 2012","1","0"
"HG1235 .R39 2013","0","0"
"PN1993.5.S7 M87 2014","0","0"
"PG5039.21.A64 U88 2014","0","0"
"PG5039.18.O4 V48 2014","0","0"
"PG5040.2.U46 R22 2014","1","0"
"PG5039.21.O438 W588 2014","0","0"
"PG5039.29.R357 S68 2013","0","0"
"LC4704 .J43 2013","1","0"
"PT2685.I24 K66 2014","0","0"
"PN49 .R47 2013","0","0"
"DG274.3 .P37 2014","1","0"
"B3279.H49 S46 2014","0","0"
"PS3531.O82 Z5515 2014","0","0"
"PQ2643.A26 Z557 2010","0","0"
"P49 .J67 2013","0","0"
"PQ7298.431.R54 A85 2012","2","0"
"N6832.S55 S83 2008","0","0"
"PQ7298.417.R355 C36 2014","1","0"
"PQ7298.419.R53 U48 2013","0","0"
"PQ7298.428.O2955 N56 2013","1","0"
"PG5040.12.O335 A77 2013","0","0"
"PQ7298.429.A5735 P67 2011","1","0"
"BD331 .B594 2007","0","0"
"HM477.R8 B55 2014","4","0"
"HQ76.3.R8 N2 2014","3","0"
"DS797.28.D863 Y553 2001","0","0"
"PL2717.U5 Z77 2013","0","0"
"PL2717.U5 Z77 2013","0","0"
"PN2875.GK88 S65 2013","0","0"
"HV7015.15 .V98 2011","0","0"
"PN2875.GK88 S65 2013","0","0"
"PN6054 .L57 no. 257","0","0"
"PN56.H55 K86 2013","0","0"
"BR65.O5 G4 2009 Bd. 7","0","0"
"PL2564.6.S533 C44 2013","0","1"
"PJ7538 .K4625 2013","0","0"
"BX598 .R888 2013","0","0"
"DG78 .D475 2013","3","0"
"PA3015.R5 A7 2014","0","0"
"DK651.S763 S448 2012","1","0"
"DK651.S763 S556 2010","0","0"
"D804.7.M67 F54 2014","3","0"
"B2430.F724 L38 2014","2","1"
"DA18 .L47 2014","2","0"
"BR1295.H6 N43 2014","0","0"
"PN171.D37 D54 2014","2","0"
"BL613 .R37 2013","0","0"
"BL238 .F825 2014","1","1"
"PA3873.A77 H39 2014","0","0"
"PS3539.O478 Z636 2014","2","0"
"BX4220.I8 F73 2014","0","0"
"PJ8078 .H37 2014","2","0"
"DD247.H37 P33 2013","1","0"
"F158.44 .W55 2014","1","3"
"PS153.N5 W349 2014","4","0"
"PG3488.O4 Z7665 2014","0","1"
"BR530 .B35 2014","3","0"
"PN56.V65 H39 2014","4","0"
"PS3505.A59 Z645 2014","2","0"
"BX6462.3 .M39 2014","4","0"
"DC126 .R84 2014","4","0"
"PR149.A7 W58 2014","0","0"
"E185.615 .F723 2014","1","0"
"DJ92.G45 I3813 2014","0","0"
"E184.A1 D2828 2014","3","2"
"D1058 .B67 2013","0","0"
"PG7158.N34 C4613 2014","2","0"
"TR848 .C53 2014","3","2"
"BP65.E85 D43 2013","0","0"
"F444.C6 W57 2014","2","1"
"PG3007 .G65 2014","1","0"
"PR9199.2.M65 F56 2014","0","0"
"PQ3989.2.R415 F8713 2014","0","0"
"PR4037 .W53 2014","2","0"
"PQ9697.H5 C3713 2014","1","0"
"PR9639.4.M555 L55 2014","1","0"
"PR9372.9.L65 L63 2014","0","0"
"DS63.2.B6 M54 2014","1","0"
"PS3562.E8642 A6 2013","0","0"
"F373 .D57 2014","2","0"
"BH301.P64 R63 2014","3","0"
"BT707 .J46 2014","0","0"
"PN1995.9.D6 B65 2014","2","0"
"BR517 .K34 2014","0","0"
"DS760 .L8312 2013","0","0"
"NA7771.G38 E45 2014","0","0"
"PA4232.F8 T35 2014","2","0"
"BL1945.M24 H824 2013","0","0"
"PR321 .C37 2013","0","0"
"PA8101 .M45 2014","0","0"
"DG571 .M4925 2013","0","0"
"PQ4495.D4 D68 2013","0","0"
"PQ4495.D4 D68 2013","0","0"
"PQ4495.D4 D68 2013","0","0"
"PQ4495.D4 D68 2013","1","0"
"JV6003 .H65 no 1305","0","0"
"D511 .P77 2014","0","0"
"DS731.Y5 Y495 2012","0","0"
"DF261.T6 T475 2008","1","0"
"TS183 .W64 2014","5","0"
"DS785 .L524 2014","0","0"
"PQ4063 .M583 2014","0","0"
"DAW1048 .R44 2013","0","0"
"GE160.C6 Z46 2013","0","0"
"PQ2667.R73 A2 2014","0","0"
"DS267 .B37 2006","1","0"
"PS3569.I47224 A574 2007","1","0"
"PK6420.L68 H36 2009","0","0"
"BL65.A4 A37 2007","0","0"
"DS261 .C8168 2009","0","0"
"PS3569.I47224 L5166 2007","1","0"
"PS3569.I47224 F35167 2007","1","0"
"PK6465 .B37 2008","1","0"
"PK6426.5 .M845 2010","0","0"
"PK6561.N75 Z78 2007","0","0"
"BP192.7.I8 H36 2011","1","0"
"BP188.16.C47 V55 2012","2","0"
"PQ7298.428.U418 A86 2014","1","0"
"DS779.27 .Q35 2014","0","0"
"PL2785.O3 X886 2014","1","1"
"B105.A3 A46 2014","0","0"
"PQ6665.R739 B37 2013","0","0"
"DS779.49.X53 X5638 2014","3","0"
"PQ7298.418.E8 M45 2012","0","0"
"PQ7298.413.A858 A6 2013","0","0"
"HC427.95 .Z4678 2013","0","0"
"PL2323 .B35 2013","0","0"
"PQ7298.43.E544 S54 2012","0","0"
"PQ7298.413.A9138 E8 2013","1","0"
"PQ7298.428.O37 P35 2013","0","0"
"PQ4904.O54 V4713 2014","0","0"
"N7445.2 .D47 2013","0","0"
"HV5307 .B93 2014","3","0"
"PQ7489.2.C57 C5415 2009","1","0"
"E445.L8 C47 2014","3","0"
"PS627.A35 M46 2014","1","0"
"PS3622.O85 M56 2012","2","0"
"PS3569.T8 T56 2014","0","0"
"F1271 .I44 2012","0","0"
"HD8081.M6 I23 2005","1","0"
"PN1048 .M43 2013","0","0"
"F1412 .A265 2013","0","0"
"PQ8550.29.A68 C37 2013","0","0"
"HV5840.A5 M35 2006","0","0"
"DB919.15 .V37 2014","0","0"
"PQ7489.2.C57 T53 2012","0","0"
"JL1299.Z2 M67 2012","0","0"
"F1221.M67 R36 2010","1","0"
"CS2840 .C98 2013","0","0"
"F1221.M33 B45 2007","0","0"
"DK4674 .P48 2013","0","0"
"HC340.3 .M3416 2013","0","0"
"HC340.3 .M3416 2013","0","0"
"PG7070 .Z96 2014","0","0"
"PG3482.S575 D434 2014","1","0"
"BR65 .E65 1980","0","0"
"PG7179.K33 K63 2014","1","0"
"PR9199.4.M656177 W43 2014","0","0"
"D765.2.W3 O75 2014","0","0"
"Z1073.5 .Z38 2014","0","0"
"PS3569.C672 D43 2013","0","0"
"PG5040.28.I348 N63 2014","0","0"
"PG5040.29.N48 E98 2014","1","0"
"PG5039.32.A88 H27 2013","0","0"
"N6797.M315 A9 2013","0","0"
"PG5040.2.A35 M88 2014","0","0"
"PG5040.24.O864 J44 2014","0","0"
"HC79.T4 S525 2013","3","0"
"PQ1808.A3 B48 2014","1","0"
"PN4726 .A15 2014","0","0"
"PN4726 .A15 2014","0","0"
"PT2621.R27 A6 2014","1","0"
"PS3615.S636 A6 2014","1","0"
"HQ1075.5.P7 G47 2014","0","0"
"PR6106.O74 A6 2014","0","0"
"PT2672.E89 H58 2014","0","0"
"PG7011.B7 M46 2014","0","0"
"BR67 .E358 2014","0","0"
"PG7158.I82 A4 2013","0","1"
"LA669.62 .F589 2013","0","0"
"PG6479.P6 J49 2013","0","0"
"BR956.3 .S765 2013","0","0"
"JC574 .K557 2013","0","0"
"B2430.D482 E5 2014","0","0"
"PS3607.O8845 F75 2014","2","0"
"PG3476.E55 T5 2012","0","0"
"PG3453.B2 Z68 2013","0","0"
"DC397 .A58 2014","0","0"
"PS3562.A86 P75 2013","0","0"
"PG3337.G6 Z615 2012","1","0"
"PG3021 .L535 2014","0","0"
"PG3481.A457 C44 2013","0","0"
"PG3479.4.O14 E86 2013","0","0"
"PG3357 .K37 2012","0","0"
"PG337.L46 K529 2013","0","0"
"PG3478.L344 A3 2014","0","0"
"PG3482.7.Z524 E73 2014","0","0"
"PG3229 .N6883 2011","0","0"
"PG3516 .A43 2014","0","0"
"PG3478.R95 N59 2013","0","0"
"PG3229.2.C4 N68 2012","0","0"
"JV6003 .H65 no 1306","0","0"
"JZ5675 .B36 2014","0","0"
"H61 .B678 2014","0","0"
"HV2402 .D43 2014","1","0"
"P37.5.C74 E96 2013","0","0"
"JZ5675 .K86 2014","0","0"
"P326.5.P45 C48 2014","1","0"
"HD9710.F72 I65 2014","0","0"
"HM1256 .P69 2014","1","0"
"HG6005 .S34 2014","0","0"
"HN780.Z9 C6473 2014","1","0"
"GF540 .H64 2014","9","0"
"LB2844.1.N4 F55 2014","1","0"
"JZ1318 .F727 2014","3","0"
"E98.W8 M43 2014","0","0"
"HN80.N5 H845 2014","0","1"
"JC596 .P747 2014","3","0"
"LB1050.455 .W55 2014","0","0"
"HC241 .M256 2014","1","0"
"HT169.F7 C87 2014","2","0"
"HD2952 .S55 2014","5","0"
"NA2542.35 .M37 2013","0","0"
"RA395.A3 P285 2014","4","0"
"JV7409.Z6 S357 2014","0","0"
"JL966 .P371 2008","0","0"
"JL2854 .R65 2009","0","0"
"JZ5584.C7 E58 2013","1","0"
"PQ7389.B77 A8 2012","0","0"
"LB2335.3 .A23 2014","0","0"
"LC2771 .A37 2014","2","0"
"HB501 .C242343 2014","0","0"
"HV7434.G7 K76 2014","1","0"
"JZ1480 .A93 2014","0","0"
"JV8749 .C43 2014","1","0"
"HQ1090 .M66 2014","2","0"
"HD6231 .C56 2014","0","1"
"HF3495 .C66 2014","2","1"
"HE5614 .G87 2014","0","0"
"HB75 .R68 2014","0","0"
"HV6322.7 .O48 2014","0","0"
"HD2746.5 .H37 2014","0","1"
"GR550 .S29 2014","1","0"
"KTV558 .V66 2014","1","0"
"JV6600 .U64 2014","1","0"
"HB615 .I556 2014","0","1"
"HC462.95 .P47 2014","1","0"
"HM761 .J68 2014","0","0"
"HC385 .D375 2014","1","0"
"HB615 .K56 2014","0","0"
"JZ1308 .G53 2014","2","1"
"JZ5584.E18 K58 2014","0","0"
"JF1351 .M369 2014","0","0"
"LC3734.2.P84 M33 2013","0","0"
"JL639.A15 L434 2014","1","0"
"JZ6368 .D46 2014","0","0"
"JQ1850.A91 C64 2014","5","0"
"JC423 .V53 2014","0","0"
"LB3223 .P52 2014","1","0"
"JZ5584.S72 G47 2014","4","1"
"HC428.S47 H67 2014","1","0"
"HD9502.U52 J659 2014","0","0"
"LB1571 4th .S33 2014","2","0"
"HV8970 .S64 2014","0","0"
"HB3722 .F452 2014","0","0"
"JK526 2012 .S88 2014","0","0"
"U264.5.G7 S76 2014","1","0"
"HQ792.G7 T43 2014","0","0"
"HT321 .C44 2014","0","0"
"HT166 .U7429 2014","0","1"
"BF1045.P5 D66 2014","0","0"
"PN1992.4.R48 A3 2014","6","0"
"H62 .H447 2015","6","0"
"LB3051 .A5394 2014","0","0"
"LB41 .B35 2014","3","0"
"LB2825 .C5915 2014","0","0"
"LB1738.5 .D68 2014","0","1"
"LA217.2 .C6552 2014","0","0"
"JF799 .C35 2014","1","0"
"HJ844.3 .C37 2014","0","0"
"LB1051 .I78 2014","1","0"
"HQ796 .C863 2014","2","0"
"HV640.4.A35 D57 2014","0","1"
"LC72.2 .B69 2014","4","0"
"LB1584 .E96 2014","1","0"
"BF408 .T2675 2014","0","0"
"HG186.A2 E97 2014","0","0"
"HD57.7 .R35 2014","1","0"
"LC268 .H264 2014","1","0"
"LB1778.2 .H53 2014","0","0"
"HQ759.98 .S38 2013","1","1"
"LC221 .S75 2014","1","0"
"HD1699.A357 I66 2014","0","0"
"LB1707 .I67 2014","1","0"
"LB2805 .M775 2014","4","0"
"LB1057 .Z33 2014","0","1"
"HD78 .E46 2014","0","0"
"HQ755.85 .O528 2014","0","0"
"HD38.5 .C659 2014","0","0"
"H61.28 .S25 2015","1","1"
"JZ1307 .R43 2014","0","1"
"LB2361 .R456 2014","0","0"
"HD3850 .R48 2014","0","0"
"HB501 .S95 2014","0","0"
"P40.5.L56 S39 2014","1","0"
"JV7625.2 .B56 2014","2","0"
"VK219 .S77 2014","2","0"
"HM753 .J46 2014","4","0"
"LB1050.2 .O78 2014","0","0"
"JZ1320 .T73 2014","4","1"
"LC1090 .U5 2014","0","0"
"HV6025 .M98 2014","1","0"
"LB14.7 .D38 2014","0","0"
"PN1992.3.G7 S23 2014","0","0"
"F2269.1.A28 B68 2013","0","0"
"E184.M5 V414 2011","0","0"
"F1219.1.T45 T55 2010","2","0"
"HX419 .L516 2013","4","0"
"DS779.46 .X56 2013","1","1"
"PN6790.M482 G85 2011","1","0"
"PL2478 .H66 2013","0","0"
"PR9499.4.C43 S65 2013","0","0"
"PR9499.4.S46 G86 2013","0","0"
"PR9499.4.C43 T69 2013","0","0"
"PR9499.3.D4865 T56 2009","0","0"
"PR9499.3.C435 J67 2013","0","0"
"PN1993.5.I8 C43 2012","0","0"
"JV6003 .H65 no 1304","0","0"
"DS422.W8 R64 2010","0","0"
"PN56.5.W64 H56 2012","0","0"
"B828.45 .R56 2014","0","0"
"PK2418.P344 A6 2013","0","0"
"DS485.K27 O36 2013","0","1"
"BX4705.D8664 V474 2013","0","0"
"BP80.N59 J34 2012","0","0"
"DS489.86.M35 A313 2013","2","0"
"PK2199.H87 A36 2013","0","0"
"U168 .S25 2013","0","0"
"PQ1908.S7 G89 2014","2","0"
"HD31 .B26 2013","0","0"
"DS451 .G6326 2013","0","0"
"DC396 .D637 2013","0","0"
"DS779.49.Z468 L523 2014","6","0"
"PN1590.W64 S56 2013","0","0"
"TD313.5 .H66 2010","0","0"
"RA395.I4 H43 2013","0","0"
"DS779.29.J53 J53966 2014","1","1"
"RJ506.A9 R36 2013","0","0"
"HQ1236.5.I4 N38 2010","0","0"
"DS779.46 .W368 2013","1","0"
"HQ1064.I4 K43 2013","0","0"
"HD4904.7 .I58 2011","0","0"
"PN511 .W67 2013","0","0"
"HQ1240.5.I4 A34 2013","0","0"
"PL2366 .T32 2012","0","0"
"DS436 .R68 2013","0","1"
"LA2365.V42 R65 2013","0","0"
"HC137.M46 F77 2013","0","1"
"GV1785.B57 S46 2013","1","0"
"HV1559.I4 G64 2013","0","0"
"F1419.A1 R37 2012","0","0"
"F128.9.M5 E58 2011","0","0"
"BL1218.2 .V37 2013","1","2"
"HT1076 .V46 2013","0","0"
"UA842 .K38 2013","0","0"
"KNS1750 .N374 2013","0","1"
"UA840 .A36 2012","0","0"
"DD103 .V64 2014","0","0"
"KNS3354 .A76 2013","0","0"
"PR4588 .F84 2013","0","0"
"BL1140.4.B435 P73 2013","0","0"
"D119 .G72 2013","0","0"
"DG209 .S47 2008","0","0"
"DK510.763 .Z59432 2013","0","0"
"D411 .V5 Nr. 108","0","0"
"PN56.E59 F56 2012","3","0"
"HN683.5 A25 2014","0","0"
"HQ1742 .V55 2013","0","0"
"GR305.5.O75 P37 2013","0","0"
"HV6250.4.W65 S63 2012","0","0"
"HB95 .L33 2013","0","0"
"RA771.7.I4 A93 2013","0","0"
"HQ1170 .T324 2013","0","0"
"DP192 .C44 2013","0","0"
"DS484.65 .H37 2013","0","0"
"PQ1885 2013","1","0"
"PN5377.W58 A34 2014","0","0"
"HQ1240 .W66 2012","0","0"
"PQ2672.A53 Z84 2014","0","0"
"PQ2679.I495 P37 2013","0","0"
"DS432.C36 B57 2013","0","0"
"HC79.I55 M36 2014","0","0"
"PT2631.A55 S4","2","0"
"F3429 .G653 2013","0","0"
"AS162.P281 G27 2014","0","0"
"PC3915 .V53 2012","0","0"
"PC3915 .V53 2012","0","0"
"F1231 .N676 2014","1","0"
"PQ2538 .M45 2014","1","0"
"PQ2386.R8 A6 2014","0","0"
"JS2361 .T37 2009","0","0"
"PQ2601.P6 Z74614 2014","0","1"
"DD253 .R67 2014","0","0"
"HQ1154 .T654 2014","0","0"
"DC130.L5 V47 2014","0","0"
"DC271.5 .V55 2013","0","0"
"PK1931 .G76 2011","0","0"
"PQ8180.427.U57 A75 2013","0","0"
"U55.N39 A3 2013","0","0"
"PQ8180.429.A4755 R67 2013","0","0"
"PK1931 .H56 2011","0","0"
"PQ2605.H3345 Z48 2014","0","0"
"DS450.M4 S55 2013","0","0"
"F1783.M38 T565 2012","0","0"
"PQ2605.A3734 E8336 2014","3","0"
"PS3553.L298 A64 2014","1","0"
"BH301.S65 G7513 2014","1","0"
"PR6107.O663 B35 2014","5","1"
"DS126 .R487 2014","1","0"
"DS752 .C44 2015","0","1"
"PQ8498.429.Y57 C43 2014","0","0"
"PR9570.N43 U634 2014","0","0"
"F1765 .C973 2013","2","0"
"BP190.5.T54 S76 2014","0","1"
"BP223.Z8 L57 2013","3","0"
"PR468.M85 W35 2014","0","0"
"BP173.75 .K645 2014","0","0"
"DA415 .G383 2014","1","0"
"PS648.S88 F33 2014","2","0"
"BS1199.F32 F35 2009","0","0"
"PN1995.9.W6 M3855 2014","1","0"
"E467.1.S55 O25 2014","4","0"
"PS3608.O95729 F59 2014","2","0"
"DS518.15 .H83 2014","0","0"
"E840.8.W395 A3 2014","0","0"
"DR479.E85 S55 2014","3","1"
"BS2545.I33 I57 2014","0","0"
"E185.97.T38 A3 2014","0","0"
"BP63.P2 H39 2014","1","0"
"DS135.E55 L6656 2014","0","0"
"PN2287.M69 H46 2014","1","0"
"PR2248 .S94 2014","2","2"
"PQ6669.E5117 Z89 2014","1","0"
"PN6131 .L483 2014","6","0"
"PR6023.E833 Z86 2014","0","0"
"DS119.7 .M844 2014","2","0"
"PR6056.I5 Z48 2014","0","0"
"DS247.K87 A47 2014","2","0"
"DT448.25 .M65 2014","2","0"
"BR563.N4 S56 2014","0","0"
"PS374.C57 C86 2014","1","1"
"PC4075 .S63 2014","0","0"
"BX830 1438 .S86 2014","1","0"
"BR118 .T44 2014","0","0"
"PQ4863.A545 T7413 2014","0","0"
"DK254.T6 T87 2014","1","0"
"PR6057.A319 T78 2014","2","0"
"BR127 .P57 2014","0","1"
"PS3553.A764 W37 2014","1","0"
"PR5283 .N37 2014","0","0"
"HQ1735.27 .T87 2014","0","0"
"RD93 .W6882 2014","0","0"
"PG3476.P27 D6837 2014","0","0"
"PS3604.A9765 A69 2013","1","0"
"PS3553.A7667 A6 2014","5","0"
"PS3619.C4538 A54 2014","1","0"
"BR65.E634 A7 2014","1","1"
"PR6037.P29 B3 2014","3","0"
"PS3575.O43 B56 2014","0","0"
"Z471 .G74 2014","3","0"
"PS3612.E967 A6 2014","0","0"
"PS3619.C485 B86 2014","1","0"
"HQ1870.9 .C53 2014","2","0"
"DT38.9.C5 K33 2013","1","0"
"PR9619.3.M469 C66 2014","2","0"
"PQ7798.1.I7 C6613 2014","2","0"
"PE3721 .T46 2014","9","0"
"BS2825.52 .L44 2014","0","0"
"PR9499.4.P56 E43 2014","2","0"
"PS3603.A3789 E68 2014","2","0"
"PS3611.O363 E89 2014","0","0"
"PS3620.H7855 F67 2014","1","0"
"PR6123.A41 F67 2013","1","0"
"BD311 .D58 2014","0","0"
"DS143 .E45 2014","0","0"
"PS3563.A323 G65 2014","1","1"
"D117 .S95 2014","0","0"
"BT119 .M39 2014","0","0"
"PS3562.E4934 I62 2014","0","0"
"PS3569.V53 I57 2014","0","0"
"PQ2679.C37844 D4813 2014","0","0"
"PN1997.J833 J87 2014","0","0"
"PS3619.I473 A6 2014","0","0"
"PS3552.A817 A6 2014","2","0"
"PR6118.O53 L56 2013","4","0"
"BV213 .L58 2014","4","0"
"PR821 .H88 2014","1","0"
"BS2589 .U98 2014","0","0"
"BS2585.52 .J23 2014","0","0"
"P96.D45 S36 2014","1","0"
"P96.I84 R36 2014","3","0"
"PS2387 .M34 2014","0","0"
"F2538.3 .Z53 2014","8","0"
"BT303.2 .J667 2014","0","0"
"PS3613.C441 O22  2014","0","0"
"PS3561.E3387 O14 2014","2","0"
"BQ3235.P723 M67 2014","0","0"
"B105.L45 P36 2014","0","0"
"PE1404 .A544 2014","4","0"
"PS3620.O53 A6 2013","0","0"
"PS3560.A242 A6 2014","0","0"
"PR9619.4.S86 P38 2014","1","0"
"BL65.L33 S62 2014","3","0"
"PS3604.O735 P54 2014","0","0"
"PG3476.M355 A2 2014","2","0"
"PN1969.C65 S23 2014","3","0"
"E183.8.C9 H65 2014","5","1"
"PS3618.A3785 R43 2014","0","0"
"BS744 .R43 2014","0","0"
"PS3619.C4466 R46 2014","0","0"
"BX4827.B3 D79 2014","0","0"
"BP595.S895 S379313 2014","1","1"
"BR797.N67 S43 2014","0","0"
"PN85 .D65 2014","1","0"
"PS3619.A82258 A6 2013","0","1"
"PQ2680.A63 A2 2014","0","0"
"PQ2708.U43 F6713 2013","0","1"
"PS3560.O5395 S73 2014","0","0"
"PS3619.T44836 S73 2014","1","0"
"PS3613.C3825 A6 2014","0","0"
"PS3608.E378 T33 2014","1","0"
"PS3603.R3553 T35 2014","1","0"
"PR6037.P29 T4 2014","1","0"
"BT119 .S65 2014","0","0"
"PS3601.L35358 A6 2014","0","0"
"PS3602.A97 A6 2014","0","0"
"PS3560.O885 T84 2014","0","0"
"PS3608.A375 T85 2014","1","0"
"PQ7079.2.H5 E7913 2014","0","0"
"GR268.A73 K78 2014","3","0"
"PS3602.A8462 W46 2014","1","0"
"PS3517.N265 Z955 2014","3","0"
"PR9194.5.I82 W755 2013","0","0"
"PS3603.U822 W96 2013","1","0"
"GT596 .S56 2014","2","2"
"PS3603.A84 A614 2014","1","0"
"GR305.7.D64 S53 2007","0","0"
"HG3284 .V33 2013","0","0"
"PQ2605.H34 C66 2014","0","0"
"HV6250.4.W65 M34 2012","0","0"
"PG5201 .J3 no. 26, 2009","0","0"
"PK2031 .R36 2012","0","0"
"BL1215.P65 S936 2013","0","0"
"DC206 .C64 2014","0","0"
"PG5201 .J3 no. 27, 2009","0","0"
"BD161 .H67 2012","0","0"
"BH39 .D496 2014","1","0"
"BR610.N67 H47 2013","0","0"
"PG5201 .J3 no. 28, 2010","0","0"
"DS135.S75 M3244 2013","0","0"
"BF1584.S7 A98 2013","0","0"
"CD1120 .A8 Bd. 57","0","0"
"DC373.M5 B76 2014","0","0"
"DC33.8 .E38 2013","0","0"
"PK6443 .P37 2012","0","0"
"DC611.C2 E53 2013","0","0"
"PK6443 .P37 2012","0","0"
"HC435.3 .I39 2013","0","0"
"HC435.3 .I39 2013","0","0"
"HC435.3 .I39 2013","0","0"
"PN81 .P445 2011","0","0"
"AE1 .A574 2013","0","0"
"PN2888.T36 A3 2013","0","0"
"PN2881.5 .G46 2013","0","0"
"PN6519.I4 G36 2012","0","0"
"PK6561.B433 M34 2012","0","0"
"JN8231 .A2 2014","0","0"
"PK6562.28.A44 K43 2013","1","0"
"HV9680.5 .S73 2014","0","0"
"HM621 .Z37 2000","0","0"
"HM621 .Z37 2000","0","0"
"HM621 .Z37 2000","0","0"
"PR9499.3.P425 B63 2013","0","0"
"HF1379 .A26 2013","0","0"
"DK276 .I92 2012","0","0"
"PK6562.18.U845 A86 2013","0","0"
"HF5548.85 .S752 2013","0","0"
"PK6562.28.A453 K43 2012","0","0"
"PK6562.26.U76 A43 2012","1","0"
"HT653.C94 S45 2013","0","0"
"PT6405.B55 Z83 2013","0","0"
"BX2350.3 .H3545 2013","0","0"
"PS3556.A3654 T48 2014","2","0"
"HT653.C94 B47 2013","0","0"
"GR305.5.M48 G85 2013","0","0"
"PK1939 .B49 2011","0","0"
"PS3602.A775646 R43 2014","0","0"
"F1371 .P47 2013","0","0"
"PK6562.19.Z33 R36 2013","1","0"
"HB1991 .P55 2002","0","0"
"PK1935 .H56 2011","0","0"
"PG4074.75 .K74 2013","0","0"
"BD331 .B5954 2007","0","0"
"DG429 .S9413 2014","0","0"
"ND534.5.A633 A3 2013","0","0"
"PK1931 .B43 2011","0","0"
"BX4700.C9 C9745 2013","0","0"
"PC3941.E84 Z615 2013","0","0"
"JQ247 .H54 2012","0","0"
"PR6113.U7672 S58 2013","1","0"
"PR6057.A454 T47 2013","1","0"
"DS432.N37 P87 2012","0","0"
"PK6562.19.J33 K37 2013","1","0"
"PQ8602 .R53 2014","3","0"
"PK2418.D38 R35 2013","0","0"
"PK6561 .S263 2012","1","0"
"DS432.A2 D86 2013","0","0"
"DK85 .V47 2014","0","0"
"HE199.5.F62 I53 2013","0","0"
"HQ1742 .P363 2012","0","0"
"DS436 .T375 2013","4","1"
"RB127 .W34 2014","2","0"
"GV721.5 .B668 2014","1","0"
"PK2704 .N44 2012","0","0"
"PR9499.4.B48 B55 2013","0","0"
"PK2578.2.E5 D37 2013","0","0"
"JV7433 .M45 2012","0","0"
"PL4659.S5529 Z46 2013","0","0"
"PR9499.3.R289 F67 2012","0","0"
"PQ7798.23.A854 P64 2013","1","0"
"PK1959.2 .A47 2011","0","0"
"D509 .D56 2014","0","0"
"PQ7798.23.A854 P35 2012","1","0"
"PS3609.E75 D43 2014","1","0"
"PK2098.P66 Z46 2011","0","0"
"PN5376.C43 A3 2013","0","0"
"BX9835.J3 M65 2014","1","0"
"B753.M84 M56 2013","0","0"
"DB2636 .S55 2013","0","0"
"PR9499.3.C586 B49 2011","1","0"
"PS3569.C517 A6 2014","0","0"
"PR9499.4.D43 T78 2013","0","0"
"HD5856.I4 K67 2011","0","0"
"F2327 .M37 2013","0","0"
"PT3723 .N58 2014","0","0"
"JV8752 .T445 2012","1","0"
"UG433.T36 D45 2013","1","0"
"GR290 .I27 2013","0","0"
"JV7398 .M547 2012","1","0"
"D571 .D66 2014","0","0"
"KHC2921 .G37 2007","0","0"
"BL240.3 .M34 2014","0","0"
"PN1995 .C3884 2011","0","0"
"F2329.22.C54 A5 2013","0","0"
"DG70.P7 L34 2014","0","1"
"PG3011 .A94 2014","0","0"
"JA85 .S39 2014","0","0"
"PK6495.M87 S37 2012","0","0"
"PG5040.28.Y83 J84 2014","0","0"
"PG5039.13.E67 N22 2014","0","0"
"BS1237 .G46 2014","2","0"
"JN2229.A5 K385 2014","0","0"
"GV648.C95 P75 2014","1","0"
"PG4395 .K68 2011","0","0"
"DR39 .T44 2014","0","0"
"PL4659.S685 Z78 2010","0","0"
"BL240.3 .L378 2014","1","0"
"PR448.O77 K66 2014","5","0"
"Z315.S663 S65 2014","0","0"
"DA774.5 .G538 2014","0","1"
"PN1997.B596 S53 2014","8","0"
"HD7361.A3 B67 2008","0","0"
"D16.4.G3 G47 2014","0","0"
"HM1263 .T38 2012","0","0"
"PQ8550.23.O65 D45 2013","0","0"
"PS3560.A32 L56 2014","0","0"
"PK6481.M9 S535 2012","0","0"
"PC3930.S34 C54 2010","0","0"
"PA3040 .A464 2012","3","0"
"PK2098.23.I76 Z82 2012","0","0"
"PC3942.28.I58 E78 2013","0","0"
"PN56.I64 E83 2014","0","0"
"PT2681.E593 G44 2009","2","0"
"PK6429 .M87 2013","0","0"
"HQ1236.5.I4 P36 2012","0","0"
"F1221.O86 Q49 2008","1","0"
"BS2825.52 .C74 2014","0","0"
"F2324 .A43 2013","2","0"
"PQ8180.28.O53 M44 2010","0","0"
"BP188.16.C47 V55 2012","2","0"
"PR9369.4.L689 T57 2014","1","0"
"BP188.16.C47 V55 2012","3","0"
"PQ1483.G4 P45 2013","0","0"
"PR4399.B3 Z92 2013","0","0"
"PR6112.A539 H47 2014","1","0"
"HV393 .A46 2011","0","0"
"PR6108.E12 E45 2014","5","0"
"HC37 .T365 2014","1","0"
"PK2098.S845 Z89 2012","0","0"
"F1316.C45 A3 2013","0","0"
"PK6434 .G37 2013","0","0"
"GC21 .H583 2014","3","1"
"F128.64.L6 M57 2014","3","0"
"BP130.1 .M847 2013","1","0"
"PK3799.T696 Z88 2013","0","0"
"PS3602.O8923 D79 2014","0","0"
"PN6377.B347 S27 2007","0","0"
"PN1655 .G75 2011","1","0"
"PT2647.E26 Z93 2014","1","0"
"PE1460 .H44 2014","2","0"
"BL1108.2 .S56 2012","0","0"
"DS318.84.R59 A3 2013","0","0"
"PT217 .S455 2014","0","0"
"PS3555.V2126 T67 2014","3","0"
"HQ1031 .I68 2014","0","0"
"JZ1253 .C56 2014","0","0"
"PQ7390.P52 T6 2013","0","0"
"DG576.8 .T74 2014","0","0"
"PQ7390.H3984 H57 2012","0","0"
"PG5039.21.R24 A17 2013","0","0"
"PQ4406 .V4716 2013","0","0"
"HQ1742 .B464 2012","0","0"
"PQ4902.A975 S23 2014","0","0"
"PK1939 .N56 2011","0","0"
"PQ2603 .A32 F413a","1","0"
"PN3448.L67 D52 2014","0","0"
"DS313 .D587 2013","0","0"
"DS274 .R84 2013","1","0"
"NK7307.15 .A546 2013","0","0"
"PQ4865.R285 I83 2014","0","0"
"BX4700.H5 E42 2013","0","0"
"E123 .G622 2014","2","0"
"ND2575 .A547 2013","0","0"
"GV943.9.S64 P73 2013","0","1"
"BS1199.P45 W45 2014","0","0"
"PK2653 .R28 2008","0","0"
"PR6037.P29 B29 2014","0","0"
"PQ7797.B635 A6 2012","1","0"
"BF723.E598 J43 2011","0","0"
"PS3604.R829 S54 2014","2","0"
"PK9201.A99 A423 2012","0","0"
"GN549.B3 H85 2013","0","0"
"PS3604.A43844 G74 2014","0","0"
"BP80.S4915 I74 2013","1","0"
"PF3585 .D88 2013","0","0"
"PK2040.3 .K368 2012","0","0"
"PK6233 .B38 2001","1","0"
"B753.D364 P59 2013","0","0"
"PK2098.41.D35 Z594 2012","0","0"
"PQ4155 .F463 2014","3","0"
"HN475.5 .R48 2013","1","0"
"PK2098.S7 Z873 2012","0","0"
"PK2042 .S263 2013","0","0"
"PK6501 .I8 2013","0","0"
"PK6501 .I8 2013","0","0"
"GR305.5.R3 R384 2012","0","0"
"PH5339.D4 L5 2012","0","0"
"PG3492.52.L58 D28 2013","0","0"
"PK2031 .M345 2012","0","0"
"PK6451.F4 Z864 2005","0","0"
"HV6250.4.W65 S77 2012","0","0"
"DP302.B43 D68413 2012","0","0"
"PK6561.Z375 Z8 2013","0","0"
"PK1827.5 .G373 2012","0","0"
"HC270.24 .K695 2013","0","0"
"PK1947 .M57 2012","2","0"
"DD881 .M65 2013","0","0"
"F1219.1.M55 W55 2014","1","0"
"F2279.22.P39 A3 2013","0","0"
"PG3491.97.I5 U86 2012","0","0"
"PK2596 .H563 2004","0","0"
"PK1939 .S263 2012","0","0"
"PK2098.M84 Z46 2012","0","0"
"PK541.B483 S387 2012","0","0"
"HT169.C7 U73 2009","0","0"
"HN120.Z9 M8465 2011","0","0"
"HV6453.R82 S2549 2013","0","0"
"PG3550.E18 L58 2012","0","0"
"PQ2667.A77324 Z46 2014","0","0"
"D804.3 .F736 2014","0","0"
"PK6562.29.A945 N33 2011","0","0"
"PG3476 .M355 2009","0","0"
"JV6565 .A44 2013","0","0"
"F2305 .A77 2013","0","0"
"PQ7797.B635 Z77315 2012","0","0"
"D526.5 .Q4 2014","0","0"
"PQ7298.423.O63 A94 2007","0","0"
"PQ8180.43.R58 M85 2011","0","0"
"DS292 .B37 2013","0","0"
"DK266.3 .M4544 2014","1","0"
"DC137.15 .B43 2014","1","0"
"DA585.A8 J34 2014","1","0"
"DA154.5 .N67 2013","0","1"
"DA683 .D4 2014","0","0"
"DG530 .P84 1973","1","1"
"B802 .S63 2013","0","0"
"HQ194 .M35 2014","1","0"
"PQ2712.E18 L52 2014","0","0"
"PQ2712.A677 E27 2013","0","0"
"HQ18.A9 C34 2014","0","0"
"PQ4807.E815 Z94 2014","0","1"
"PN1009.A1 M255 2013","0","0"
"QH31.S6348 A3 2013","0","0"
"DK401 .K675 zesz.140","0","0"
"PT7193.R5 B37 2014","1","0"
"HV6250.4.W65 V53 2013","2","0"
"DP257 .M56 2013","0","0"
"PK6501 .Z894 2012","1","0"
"F1787.5.B27 P33 2013","0","0"
"PC5411 .F67 2013","1","0"
"DS252.5 .D36 2012","1","0"
"DS318.83 .M87 2013","0","0"
"F1231.5 .E88 2008","0","0"
"DS318.84.K48 A5 2013","1","0"
"DS318.84.K48 A5 2013","0","0"
"KF156 .B53 2014","3","0"
"DC59.8.C5 D85 2014","0","0"
"DK511.T67 T86 2009","0","0"
"PR9199.3.H3465 S55 2013","6","0"
"HX521 .R46 2013","5","1"
"PS3611.L86 I58 2013","0","0"
"PG6074.73 .H423 2014","0","0"
"DS485.M28 E55 2012","0","0"
"D18.C223 P75 2014","2","0"
"DS481.G3 C382 2012","0","0"
"PA8360 .L55 2014","0","0"
"PK2098.41.D35 Z72 2013","0","0"
"GR305.5.U76 S27 2012","1","0"
"PK2605.K895 A46 2012","1","0"
"PK2098.13.A375 Z46 2012","0","0"
"PK2034 .H53 2010","1","0"
"NC1660.H8 E46 1998","1","0"
"JZ5584.C7 C6675 2011","0","0"
"HC455 .S53 2013","0","0"
"DS597.215.L5497 O65 2011","1","0"
"HG4551 .H69 2010","0","0"
"PQ7297.F793 Z6184 2013","0","0"
"HN700.6.A8 S63 2011","1","0"
"ND1040 .Z446 2012","0","0"
"PL5130.5 .Z39 2010","1","0"
"PQ6365.C17 A23 2012","0","0"
"PK2198.V3 Z54 2012","0","0"
"PK6481 .M6 2012","0","0"
"HJ2950.6 .T44 2012","0","0"
"BX1517 .K64 2014","1","0"
"PQ8544 .N38 2013","0","0"
"GR305.5.C46 D27 2012","0","0"
"DS764.23.H794 P36 2011","0","0"
"E99.D1 H78 2014","1","0"
"JL1860 .F67 2013","0","0"
"F1221.M67 N28 2003","0","0"
"HD7269.C452 I428 2012","0","0"
"PK6549.S57 Z7 2013","0","0"
"PG7158.J85 M52 2014","1","0"
"PR6063.A2515 D473 2014","2","0"
"PK6465 .Z8786 2012","0","0"
"PN2598.M5 W356 2014","0","0"
"PK1937 .R39 2012","1","0"
"JN6769.A45 M37 2013","0","0"
"DG254.2 .C58 2014","4","0"
"PK6217.A79 R25 2012","0","0"
"PK2098.M46 Z625 2013","0","0"
"GR305.7.A38 K88 2012","0","0"
"CC79.5.A5 T74 2014","2","1"
"B741 .G45 2012","1","0"
"PK2042 .M57 2012","0","0"
"PK1932 .V53 2013","0","0"
"HQ1745.B86 B86 2012","0","0"
"DP203 .E846 2013","2","0"
"HQ1236.5.I4 N39 2013","0","0"
"HQ1240.5.I4 S55 2011","0","0"
"HT384.V42 M473 2013","0","0"
"HQ767.5.I5 K365 2010","0","0"
"PK2101.C47 K47 2012","0","0"
"HV8247 .S27 2013","0","0"
"JC599.I4 C36 2013","0","0"
"HQ1236.5.I4 B43 2013","0","0"
"PK2030.6.T58 T75 2012","0","0"
"DD120.C95 J34 2013","0","0"
"PK2098.32.U88 Z56 2012","0","0"
"D764.3.K8 B838 2011","0","0"
"PK2098.K26 Z86 2012","0","0"
"HV6250.4.W65 G43 2010","0","0"
"E99.M47 A53 2014","5","0"
"P130.52.A358 S29 2014","0","1"
"HB145 .D87 2014","1","0"
"HG106 .A3873 2014","8","1"
"HG220.3 .M65 2014","1","0"
"JZ4841 .B68 2014","1","1"
"LC493 .P53 2014","0","0"
"BF376 .T57 2014","1","0"
"JQ1789.A15 M57 2014","2","0"
"HQ792.S72 C53 2014","0","0"
"HE6496 .L44 2014","1","0"
"JZ1570.A57 R9 2013","1","0"
"BF637.N66 F5813 2014","3","0"
"JK1118 .W346 2014","4","0"
"LB1027.23 .M24 2014","1","0"
"HM881 .A396 2014","1","0"
"LB2341 .G47 2014","1","0"
"HQ767.9 .K366 2014","5","0"
"JC571 .W3 2014","3","0"
"K231 .M88 2014","2","0"
"JF1001 .N673 2014","2","0"
"HQ767.9 .M49 2009","0","0"
"HQ767.9 .M49 2009","0","0"
"DA926.M3 M3 2011","1","0"
"DA926.M3 M3 2011","1","0"
"PG5040.29.I464 P72 2014","0","0"
"JZ5538 .C85 2014","0","0"
"DK651.P93 T727 2012","0","0"
"TX715 .F684 2014","1","1"
"DS43 .S494 2010","1","0"
"DS43 .S494 2010","0","0"
"DS43 .S494 2010","0","0"
"PG5039.2.A453 Z46 2013","0","0"
"D764.3.S7 G5886 2014","0","0"
"LA911 .C65 2013","0","0"
"DG211 .M46 2014","8","0"
"D1055 .R436 2014","4","1"
"AG104 .A5416 2013","1","0"
"PG3479.7.S48 Z463 2014","0","0"
"PR9199.3.M6 Z7855 2013","0","0"
"PZ63 .P487 2012","1","0"
"PT2681.T36428 A78 2014","0","0"
"PN1995 .R38 2014","0","0"
"P949 .E457 2014","0","0"
"BP195.I3 I23 2009","1","0"
"DS146.E85 W98 2013","0","0"
"PK2101.G85 G848 2013","0","0"
"GR305.5.B84 T58 2011","0","0"
"PL4759 .T29 2006","0","0"
"HV6433.I4 S273 2012","0","0"
"HD1537.I4 S275 2013","0","0"
"HQ238 .L36 2012","1","0"
"PG5039.16.E52 D65 2013","0","0"
"JN2229.A45 R95 2013","1","0"
"DS432.K63 G38 2012","0","0"
"PJ7741 .H57 2010","0","0"
"PK2102.H27 C369 2013","0","0"
"PK3791.B622 Z82 2013","0","0"
"JN8395.S6 D66 2013","0","0"
"PN2885.H56 H56 2012","0","0"
"JL3898.C63 L878 2012","0","0"
"F2271 .B46 2002","0","0"
"DS486.T4842 R46 2011","0","0"
"PQ4863.A777 M64 2014","0","0"
"Z106.5.I52 H55 2012","0","0"
"DT59.M8 E49 2014","0","0"
"PQ7389.V55 C4 2011","5","0"
"GV706.42 .E55 2014","1","0"
"HF1590.15.P3 S56 2012","0","0"
"F2510 .A938 2013","0","0"
"HV8249.U895 U63 2011","0","0"
"PQ4003 .P47 2013","0","0"
"HJ6690 .K37 2014","0","0"
"JQ1830.A98 M5833 2014","0","0"
"HF5387.5.U6 T87 2013","1","0"
"HC79.P55 C3487 2014","1","0"
"HV6722.C6 L36 2014","0","0"
"LC221 .C68 2014","0","0"
"JZ1308 .R85 2014","1","0"
"HD2746.55.G7 U33 2014","0","0"
"HM851 .Y37 2014","0","0"
"HX523 .D43 2014","0","1"
"JC423 .D3813554 2014","2","0"
"HC415.15 .B55 2014","0","0"
"HE5614 .J58 2014","0","0"
"HN39.G3 Z5413 2014","2","0"
"HB615 .E595 2014","1","0"
"HC240 .S39 2014","1","0"
"HQ1075 .G4586 2014","1","0"
"HT241 .A97 2014","0","0"
"HN662 .G85 2014","2","0"
"HB615 .H36 2014","3","1"
"HD9696.S44 I566 2014","2","0"
"KF2979 .C46 2014","0","0"
"PN4756 .J89 2014","1","0"
"KJV8405 .L69 2014","2","0"
"HF5548.32 .B445 2014","0","0"
"HV9638 .L66 2014","0","0"
"HD9999.L853 B63513 2014","0","0"
"HM1206 .M3874 2014","1","0"
"BF371 .S8397 2015","3","0"
"JA80 .G79 2014","4","0"
"HM651 .J64 2014","0","0"
"JC599.U5 M69 2014","0","0"
"HD9000.5 .L376 2014","2","1"
"HM851 .R367 2014","2","0"
"HC412 .H88 2014","0","0"
"JC423 .P63 2014","0","0"
"HC103 .P88 2014","0","0"
"HC103 .P88 2014","0","0"
"HC103 .P88 2014","0","0"
"HM866 .R34 2014","1","0"
"JC143.M4 H69 2014","0","0"
"JF801 .R43 2014","0","0"
"KF228.H645 B65 2014","2","0"
"JZ5330 .R65 2014","0","0"
"HV6626 .H39 2014","1","0"
"JA71 .W437 2014","1","0"
"PN1992.77.S465 O75 2014","1","0"
"HD60.5.G7 L48 2014","0","0"
"HF6146.I58 H56 2013","1","0"
"HD60 .A287 2014","0","0"
"LB1050 .C754 2014","0","0"
"HV1568 .G66 2014","5","0"
"HC435.3 .C76 2014","2","0"
"LC3715 .E378 2014","1","0"
"JZ1570 .E894 2014","0","0"
"HV6401 .L96 2014","0","0"
"RA448.4 .H39 2014","0","0"
"HE193 .G35 2014","1","0"
"LB880.F732 S65 2014","4","0"
"KF5698 .P588 2014","2","0"
"HM671 .N49 2014","0","0"
"HM449 .G76 2014","1","0"
"HM626 .P4313 2014","0","0"
"JN8341 .P38 2014","0","1"
"GN776.22.S8 L3713 20114","0","0"
"HD2963 .P46 2013","1","1"
"H61 .R567 2014","4","0"
"BF175.5.A35 P79 2014","1","0"
"BF173 .T96 2014","0","0"
"HD8388 .V57 2014","0","0"
"LB1139.225 .R45 2014","1","0"
"HB3808 .R47 2013","1","0"
"HD61 .S43 2014","0","0"
"H62 .V6228 2014","6","0"
"LC220.5 .S4586 2014","0","0"
"JC131 .B38 2014","1","0"
"LB2822.8 .S83 2014","1","1"
"LB2840 .T416 2014","0","0"
"HT384.D44 U726 2014","0","0"
"HD1698.V52 M453 2014","0","0"
"PQ7392.E83 L3 2013","2","0"
"HD8039.R462 I564 2012","0","0"
"PQ9697.V295 M38 2013","0","0"
"PM7176 .N38 2013","0","0"
"PQ9698.29.E9 A85 2012","0","0"
"PK1970.5 .S25 2012","0","0"
"GR203.19.K38 O55 2013","0","1"
"PQ4913.A86 M33 2014","0","0"
"DF221.F55 F66 2014","0","0"
"BP80.D48 R33 2013","0","0"
"PQ4390 .P47 2014","0","0"
"DS35.53 .K42 2012","0","0"
"D569.A2 F76 2014","0","0"
"DG70.V22 V35 2011","1","0"
"PK1822 .R34 2011","0","0"
"P143 .S56 2013","0","0"
"DG70.C174 C56 2012","0","0"
"PQ4862.R5717 I57 2014","0","0"
"PQ2672.A4445 R38 2013","0","0"
"PK6458 .H35 2011","1","0"
"PQ7539.2.C35 P87 2010","1","0"
"PQ4873.O993 D35 2013","0","0"
"PK6525 .T37 2012","0","0"
"GV944.B6 C68 2014","3","0"
"PQ4919.C43 Q35 2014","0","0"
"PQ7539.2.C35 P35 2010","1","0"
"PQ4715 .Z36 2013","0","0"
"PA3967 .I8 2013","0","0"
"D510 .M494 2014","0","0"
"DG70.O42 P54 2013","0","0"
"HD7108.4.E85 R345 2013","0","0"
"B753.F34 H28 2011","1","0"
"PQ4712.L4 Z459 2014","0","0"
"PN1993.5.I846 T35 2012","0","0"
"PQ7519.3.M66 S85 2013","1","0"
"CN350 .J23 2012","5","0"
"PK541.A5 J68 2011","0","0"
"DS269.Q3 T35 2013","1","0"
"PK6450.9 .S26 2013","0","0"
"GR290 .Q17 2010","0","0"
"GR290 .Q17 2010","0","0"
"GR290 .Q17 2010","0","0"
"GR290 .Q17 2010","0","0"
"DG55.A65 S63 2014","1","0"
"HN690.Z9 S6357 2013","0","0"
"TX103 .A73 2013","0","0"
"DB957.3 .B649 2006","0","0"
"F1529.M9 L67 2014","2","0"
"F1529.M9 L672 2013","1","0"
"PH3308 .S92 1954","0","0"
"PR6066.A884 A6 2014","0","0"
"DK508.12 .S648 2013","0","1"
"PS3604.O2264 B67 2014","0","0"
"G465 .C26 2013","0","0"
"F1435.3.K57 M33 2013","4","0"
"F1435.3.K57 M33 2013","2","0"
"PH2625 .M88 2002","0","0"
"PM6308.9.C48 K46 2008","3","0"
"PS3623.R536 R43 2014","0","0"
"DB2218 .H684 2014","0","0"
"F2689.2 .P37 2012","1","0"
"PK6561.T232 A83 2012","0","0"
"F1477.B5 A7618 2014","0","0"
"PL4001.M319 J844 2008","0","0"
"BP130.58 .A55 2012","0","0"
"R726 .H48 2014","0","0"
"GT4874.A2 S24 2012","0","0"
"PQ6715.C43 A85 2014","1","0"
"PG5039.21 .U243 2003","0","0"
"PG5039.21 .U243 2003","0","0"
"PG5039.21 .U243 2003","0","0"
"PG5039.21 .U243 2003","0","1"
"PG5039.21 .U243 2003","0","0"
"PG5039.21 .U243 2003","0","0"
"PG5039.21 .U243 2003","0","0"
"PG5039.21 .U243 2003","0","0"
"GR290 .A37 2013","0","0"
"PQ4864.E5498 B59 2014","0","0"
"PQ4866.O2 F54 2014","0","0"
"DG223 .S385 2014","0","0"
"PQ7499.2.A36 A6 2014","0","0"
"PK6465 .Z89378 2013","0","0"
"PQ4835.A3 Z96 2014","0","0"
"PM3576 .C863 2010","1","0"
"PK2030.2 .A53 2012","0","0"
"BP192.7.B26 A67 2012","1","0"
"HC59.3 .R63 2011","0","0"
"F1789.A1 G82 2011","0","0"
"PQ2349 .A2 2014","2","1"
"P107 .P583 2013","0","0"
"PQ7298.428.O2835 I54 2010","0","0"
"PQ7298.429.A547 F43 2012","0","0"
"PQ2613.E53 Z459 2014","0","1"
"DG52 .P37 2013","0","0"
"HC340.12 .D44954 2013","0","0"
"DC34.5.A4 B46 2013","0","0"
"PN2726.K67 S743 2013","1","0"
"PQ4004.M47 V57 2014","0","0"
"BP192.7.S28 A67 2012","1","0"
"PK6235 .F237 2013","7","1"
"BX595 .G88 2014","0","0"
"PK2098.15.U3 Z46 2010","0","0"
"HQ194 .E94 2013","1","0"
"PQ2706.E764 A44 2002","1","0"
"PK6458 .B544 2012","1","0"
"D802.F8 B637 2013","0","0"
"PQ4249.6.D45 V47 2014","0","0"
"DS299 .I74 2013","1","0"
"DS299 .I74 2013","1","0"
"DS299 .I74 2013","0","0"
"DS299 .I74 2013","0","0"
"DS299 .I74 2013","0","0"
"DS299 .I74 2013","0","0"
"DS299 .I74 2013","0","0"
"DS299 .I74 2013","0","0"
"DS299 .I74 2013","0","0"
"PK6465 .Z8726 2012","0","0"
"PA6826 .M37 2013","0","0"
"PQ2639.H13 Z549 2014","1","0"
"PK6481.M9 M57 2013","0","0"
"DS748 .L487 2014","0","0"
"PQ2668.A434 K53 2014","0","0"
"JN8399.C278 S883 2014","0","0"
"HC427.9 .R85 2013","0","0"
"DS778.Z58 Z466 2013","0","0"
"PL2658.E3 T364 2013","0","0"
"UA835 .Z436 2013","0","0"
"PQ4556.U2 R56 2013","2","0"
"PL2919.Z464 Z886 2014","1","0"
"PQ7276 .P255 2013","0","0"
"PQ3988.5.F9 L4 2014","0","0"
"PK2648.S2 Z46 2012","0","0"
"PQ2672.E9488 A987 2014","2","0"
"PQ2679.I645 N837 2014","0","0"
"PQ2674.O896 O27 2014","0","0"
"PQ2043 .P37 2014","0","0"
"PQ2631.E882 E54 2013","0","0"
"P115.25 .L57 2013","1","0"
"DS778.T896 Z436 2014","0","0"
"HV5840.G65 Z68 2013","0","0"
"DS779.4 .J85 2014","0","0"
"PL2292 .Z434 2013","0","0"
"PL2946.5.J564 D36 2014","1","0"
"BX1536.2 .M35 2014","0","0"
"PN218 .E27 2014","0","0"
"GV1051.R53 A3 2013","0","0"
"DS262.T4 T37 2013","1","1"
"TX644 .C694 2014","7","1"
"BV3215 .H36 2012","0","0"
"PS554 .S76 2013","0","0"
"PQ4913.A53 G84 2013","0","0"
"DS269.M36 S55 2013","0","0"
"BP194.185 .J34 2012","0","0"
"DS3.A2 Q891 2011","0","0"
"PQ2260 .G36 2011","0","1"
"PQ4915.N43 P75 2014","0","0"
"DS3.A2 Q892 2012","0","0"
"DG313 .R63 2014","0","0"
"PL314.A45 A6 2012","0","0"
"PR6019.O9 Z5328 2014","4","0"
"AZ791.Z7 Z433 2013","0","0"
"PQ307.S95 C477 2014","0","0"
"PQ7298.423.I53 T47 2011","0","0"
"PG1742 .B38 2012","0","0"
"PQ7298.419.Z34 N6 2011","0","0"
"GN41.8 .K652 2012","1","0"
"PQ7298.414.U74 P53 2011","0","0"
"PK6481 .M2 2013","0","0"
"PQ9698.422.I73 C76 2013","1","0"
"PQ7276.2.W65 A833 2011","0","0"
"DK509 .N56 2012","0","0"
"PQ6611.E8 L53 2013","0","0"
"PQ7298.29.A4189 M46 2013","0","0"
"CS859.D452 I66 2013","0","0"
"DS299 .J35 2013","0","0"
"PA4279.A75 A53 2011","1","0"
"P115.5.R57 M85 2012","2","0"
"B618 .S385 2006","1","0"
"PQ7298.43.R54 E52 2013","0","0"
"D805.5.T36 F76 2013","1","0"
"BL639 .C66 2013","1","0"
"BX597.K6685 Z44 2013","0","0"
"JZ1720 .T53 2013","0","0"
"PQ7390.A4358 H68 2013","0","0"
"PQ7390.A665 V566 2012","0","0"
"PQ7298.16.L54 A87 2013","0","0"
"PQ7298.412.A77 P84 2013","0","0"
"PK6413 .K372 2013","0","0"
"DS832.7.K6 K36 2013","0","0"
"PQ7297.C265 M36 2013","0","0"
"PQ8259.3.B464 M37 2013","0","0"
"DS924.T655 Y586 2013","0","0"
"PR6073.I425826 B67 2012","0","0"
"DK37.8.R6 K42 2013","0","0"
"Z186.K67 H36 2008","1","0"
"PQ6672.I488 P63 2013","1","0"
"HB178.5 .M33 2013","0","0"
"DP302.C68 C43 2013","0","0"
"PR5776 .S65 2012","1","0"
"D802.U4 S69 2013","0","0"
"PH3382.21.O78 M56 2013","0","0"
"BX4662 .N37 2014","2","0"
"F1435.3.T48 C44 2012","1","0"
"HF1558.2 .P44 2013","0","0"
"PN3500 .B38 2014","0","0"
"Z115.5.P45 S24 2011","2","0"
"PN6790.P6 T78 2013","0","0"
"PQ2189 .B32 2014","0","0"
"ND2035.B673 D86 2013","0","0"
"PK6482 .S573 2012","4","0"
"PQ1635 .B47 2014","2","0"
"PG3491.6.E552 A47 2013","0","0"
"DK511.T7 G67 2013","0","0"
"PK6561.F264 Z459 2013","0","0"
"HF3624.5 .Z48 2014","0","0"
"DK34.I53 I54 2013","0","0"
"HJ2130.7.Z7 L877 2013","0","0"
"D909 .C56 2014","3","0"
"DS907.6 .P26 2013","0","1"
"DS910.18 .C466 2013","0","0"
"DS740.5.K6 C445166 2012","0","0"
"DS751.3 .S56 2011","0","0"
"DS753.2 .M56 2011","0","0"
"DS779.49.X53 A56 2013","1","1"
"U43.C6 L58 2013","1","0"
"PL2761.S78 X56 2012","0","0"
"PL1281.H83 D835 2013","2","0"
"PL3031.T32 Z47 2013","0","0"
"BP80.I276 A43 2012","0","0"
"PQ6656.E7134 C66 2013","0","0"
"DP269.47.B7 B53 2014","1","1"
"PJ7755.A27 Z63 2010","0","0"
"DP302.B53 A97 2013","0","0"
"PQ7797.B635 F4733 2013","0","0"
"BP165.5 .B35 2010","0","0"
"KBP490.9.S53 A34 2011","0","0"
"DT92 .F58 2014","6","0"
"PN49 .P38 2014","8","0"
"DT33.7 .C66 2014","7","2"
"BR65.A6 E5 2014","4","1"
"BR65.A6 E5 2014","5","0"
"PJ5128 .E27 2014","1","0"
"PR4692.E25 C65 2014","0","0"
"BT121.3 .L69 2014","2","0"
"PR9198.2.P75 M33 2014","0","0"
"PS217.C35 B37 2014","1","0"
"F1435.3.R56 P35 2014","0","0"
"PR275.N27 M36 2014","3","0"
"DS432.P25 V57 2014","3","1"
"D839.7.H3 P43 2014","1","0"
"E449 .C567 2014","2","0"
"DF228.P4 A9613 2014","1","0"
"D790.2 .O44 2014","0","0"
"PL2275.R47 I34 2014","2","1"
"B128.H7 R58 2014","0","0"
"PL789.S8 Z4713 2014","1","0"
"DF222.2 .G37 2014","1","1"
"HQ1166 .G37 2014","5","0"
"PN1969.C65 K74 2014","3","1"
"DS117 .S48396 2014","0","0"
"E184.K6 Y756 2014","3","0"
"DS732 .H38 2014","1","0"
"E725.5.C5 M33 2014","1","0"
"HQ76.965.B42 W47 2014","2","0"
"BR1644 .G56 2013","2","0"
"DS740.5.T5 M37 2014","3","0"
"PS3619.I565 M924 2014","0","1"
"D371 .R87 2014","4","0"
"E540.N3 L85 2014","2","0"
"HQ72.8 .D43 2014","1","0"
"HV5825 .R434 2014","0","2"
"P121 .L67 2011","0","0"
"JL1866 .F53 2012","0","0"
"PJ7696 .I145 2010","0","0"
"PS3618.A3475 B57 2014","1","0"
"PR9189.6 .H86 2014","1","1"
"KBP490.62.R89 A23 2009","1","0"
"KBP490.62.R89 A23 2009","1","0"
"KBP490.62.R89 A23 2009","0","0"
"KBP490.62.R89 A23 2009","0","0"
"KBP490.62.R89 A23 2009","0","0"
"KBP490.62.R89 A23 2009","0","0"
"KBP490.62.R89 A23 2009","0","0"
"KBP490.62.R89 A23 2009","0","0"
"KBP490.62.R89 A23 2009","0","0"
"KBP490.62.R89 A23 2009","0","0"
"KBP490.62.R89 A23 2009","0","0"
"KBP490.62.R89 A23 2009","0","0"
"KBP490.62.R89 A23 2009","0","0"
"KBP490.62.R89 A23 2009","0","0"
"DT60 .C35 2014","0","0"
"PS3613.E425 A6 2014","3","1"
"DT397.3 .T76 2014","0","0"
"PR3349.C85 Z54 2014","0","0"
"BM176 .A58 2014","0","0"
"PN56.A73 H85 2014","0","0"
"D1056.2.B55 H66 2014","1","0"
"PR428.B6 F74 2014","1","0"
"PG2975 .Z67 2014","0","1"
"E184.C5 L622 2004","4","0"
"D621.C7 R38 2014","1","0"
"PQ3980.5 .P37 2014","0","0"
"PN1993.5.J3 D43 2014","2","1"
"BL1840 .E56 2014","0","0"
"D810.S8 S378 2014","0","0"
"PS3614.G83 E94 2014","28","1"
"BL2747.8 .B325 2014","2","0"
"PS3564.E428 A6 2014","0","0"
"HQ1236 .G46 2014","0","0"
"DR435.A7 A65513 2014","0","0"
"E851 .B83 2014","1","1"
"PN2287.G6753 A3 2014","1","0"
"BX8495.W5 C86 2014","0","0"
"DA448 .W55 2014","0","0"
"PR9199.4.R834 L58 2014","0","2"
"PR2045 .A77 2014","2","0"
"DT515.45.H38 C56 2014","2","0"
"BL2120.J3 L35 2014","1","0"
"HQ1767 .N49 2014","2","0"
"PR9499.3.R39 N6 2014","0","0"
"PR3109.A9 G33 2014","0","0"
"PR2807 .C69 2014","2","0"
"DS36.77 .P65 2014","1","0"
"DD801.S65 A37 2014","0","0"
"BP173.66 .W56 2014","0","0"
"PN1997.3 .P37713 2014","1","0"
"PR6057 .A623  2014","1","0"
"PL1065 .S74 2014","2","0"
"DS99.M3 M54 2014","0","0"
"PN1998.2 .H425 2014","1","0"
"PS3552.U723 W39 2014","4","0"
"DC158.1 .F87 2014","1","0"
"PN1998.3.P4575 W66 2014","2","1"
"DF221.P63 O47 2014","5","0"
"DS128.2 .S85 2014","0","0"
"PS3554.O8213 A6 2014","0","0"
"PN241 .S742 2014","1","0"
"PQ4480 .A67 2014","2","1"
"PS3609.R453 A77 2014","2","0"
"BR65.A9 S25 2014","2","0"
"PS3561.E3852 B37 2014","1","0"
"E476.52 .B55 2014","0","1"
"BL410 .G77 2014","0","0"
"PS3619.P5376 B57 2014","0","0"
"BS2825.52 .H44 2014","1","0"
"PS3616.L33 B69 2013","1","0"
"PS3616.L33 B69 2013","1","0"
"PS3616.L33 B69 2013","2","1"
"PS3606.R572 B75 2014","1","0"
"PR6103.O35 C4 2013","1","0"
"BS2651 .O775 2014","1","0"
"PN1998.3.T358 B73 2014","2","0"
"BX9189.C5 B932 2014","0","0"
"PT2708.A17 K613 2014","1","0"
"PR6037.P29 C6 2014","0","0"
"PS3566.A674738 C66 2014","0","0"
"PS3569.Z38 C66 2014","2","0"
"PN1993.5.A35 P73 2014","2","0"
"PS3558.O34726 D38 2014","0","0"
"PS3562.E8537 D43 2014","0","0"
"PS3564.O36 D78 2014","1","0"
"BT701.2 .B3413 2014","0","0"
"BR129 .W55 2014","0","0"
"PS3602.A5842 F55 2014","18","1"
"B2430.L484 V45 2014","1","0"
"E279 .M28 2014","1","0"
"PN98.C6 T35 2014","2","0"
"PT8865 .A31 2013","3","0"
"PR6116.L33 G57 2013","2","0"
"PR6102.E14 G8 2013","0","0"
"PQ3919.2.T798 G8913 2014","0","1"
"B3279.H49 G86 2014","0","0"
"B3279.H49 W625 2014","0","0"
"PS3619.I493 J36 2014","0","0"
"PR1272.2 .L4 2013","2","0"
"BT764.3 .H84 2013","1","0"
"PS3562.E8537 L68 2014","0","0"
"PR2065 .L5 2013","0","0"
"PR6106.O44 M33 2013","2","0"
"PS3569.H387 M37 2014","1","0"
"PS3601.V468 M68 2014","1","0"
"D805.U5 M37 2014","1","0"
"PQ6267.E6 N49 2013","0","0"
"PR9199.4.B694 N69 2014","0","0"
"PR6123.A446 O3 2013","3","1"
"PS3619.T53549 O53 2014","3","0"
"CT1888.H874 A3 2014","1","0"
"PS3552.Y66 A6 2014","0","0"
"BS2795 .G794 2013","0","0"
"BX5008.5 .D75 2014","0","0"
"PN1997.D533 Q46 2014","4","0"
"BP131.13 .A45 2014","0","0"
"E185.615 .R28 2014","2","0"
"BS511.2 .R384 2014","0","0"
"BL263 .C53 2014","1","0"
"BR110 .C355 2014","0","0"
"PR9199.3.S835 R47 2014","0","0"
"PS3576.I576 R48 2014","0","0"
"PS3613.C35726 A6 2014","1","0"
"PS3616.E538 S34 2014","1","0"
"PR6120.H43 S4 2013","2","0"
"DK37.8.R6 F37 2014","0","0"
"PS3554.I625 S45 2014","1","0"
"PR6120.A847 S66 2013","1","0"
"PS3606.R4866 S67 2014","2","0"
"PS3604.A95558 S85 2014","1","0"
"PQ2672.O78485 E6313 2014","0","0"
"PR6112.E8927 A6 2014","0","0"
"PR6052.A762 T36 2014","1","0"
"PS3557.R3729 T68 2014","1","0"
"PS3563.U358 T73 2014","1","0"
"B2430.B43 L38 2014","1","0"
"PR6120.U66 W65 2013","2","0"
"HQ1236.5.D44 W65 2014","2","0"
"BS1199.E27 B74 2014","0","0"
"PS3613.A3255 Y67 2014","2","0"
"PH3152 .V47 2013","0","0"
"PQ9939.V545 R56 2012","0","0"
"DK511.C2 T57 2013","0","0"
"HV5840.M4 E58 2012","2","0"
"GR203.19.T9 S67 2013","0","0"
"PQ7276 .A44 2013","2","0"
"JA85 .F74 2013","0","0"
"PQ6660.I6 R48 2013","0","0"
"B105.R27 T35 2014","0","0"
"CT25 .U84 2013","0","0"
"DP187 .M37 2014","0","1"
"PN56.M95 B73 2013","0","0"
"DA16 .H86 2014","2","0"
"HQ1236.5.A34 J35 2014","0","0"
"PS3551.U77 C5833 2014","0","0"
"PQ6485 .I97 2013","0","0"
"PJ6805 .S57 2014","1","0"
"BX6276 .W37 2014","0","0"
"B105.C455 B383 2014","1","2"
"PN6505.H8 B373 2013","0","0"
"DB47 .S75 2014","1","0"
"HM1211 .I577 2013","0","0"
"DS786 .V64 2014","1","1"
"KKT129 .M37 2014","0","0"
"DC36.98.F44 A5 2013","0","0"
"PQ6707.A342 V65 2013","0","0"
"PK6465 .Z883 2013","0","0"
"PK6465 .Z883 2013","0","0"
"PK6465 .Z883 2013","0","0"
"PK6465 .Z883 2013","0","0"
"PK6465 .Z883 2013","0","0"
"BJ1451 .K76 2014","0","0"
"DP48 .D5312 2011","0","0"
"B753 .M81 2010","0","0"
"B753 .M81 2010","0","0"
"B753 .M81 2010","0","0"
"B753 .M81 2010","0","0"
"PS3612.A28 T45 2014","4","2"
"JC359 .M57 2013","0","0"
"PK6402 .D37 2012","0","0"
"PK6402 .D37 2012","0","0"
"PK6402 .D37 2012","0","0"
"PK6402 .D37 2012","0","0"
"PK6402 .D37 2012","0","0"
"Z992 .A413 2013","0","0"
"PQ3949.3.M38 E54 2014","0","0"
"BX4915.3 .R96 2014","1","0"
"DB2180 .B58 2013","0","0"
"BS2555.52 .E84 2014","0","0"
"HV6960.3 .S57 2014","0","0"
"DR2049 .E78 2014","0","0"
"PQ6702.E487 C58 2013","0","0"
"PS3602.O8977 S83 2009","1","0"
"GN475.8 .M47 2012","0","0"
"PS3615.S48 S46 2013","3","0"
"PQ6703.A47415 A88 2013","0","0"
"PS3623.I55676 L63 2014","2","0"
"D843 .Z65 2014","0","0"
"PQ6605.H28 C37 2013","1","0"
"PQ6149 .G37 2014","0","0"
"PQ6046.M56 M67 2013","0","0"
"PQ6032 .M26 2014","0","0"
"P35 .A415 2014","0","0"
"PQ7204 .H57 2013","0","0"
"Z820.R68 V695 2013","0","0"
"PQ8180.26.O85 B34 2013","1","0"
"DK651.S84 A395 2013","0","0"
"PQ6633.I79 A6 2013","0","0"
"DK511.Y2 S773 2013","0","0"
"PQ6635.A362 Z46 2014","0","0"
"BX494.V53 N68 2013","0","0"
"BX494.V53 N68 2013","0","0"
"Z115.5.R8 K54 2011","0","0"
"PQ6666.A7676 V43 2013","0","0"
"D797.R82 L58 2013","1","0"
"PQ6663.O7215 E88 2013","0","0"
"PQ7298.423.A77737 V46 2012","0","0"
"HD977.Z63 D57 2014","2","0"
"PQ6055 .O29 2014","1","0"
"DK697.2.T67 H37 2014","0","0"
"PQ7298.417.O5933 E88 2012","0","0"
"JN6693.5.R43 S68 2013","0","0"
"BX2177.5 .D48 2014","0","0"
"DK32 .R88 2014","0","0"
"DK32 .R88 2014","0","0"
"DK32 .R88 2014","0","0"
"DK32 .R88 2014","0","0"
"DK32 .R88 2014","0","0"
"DK32 .R88 2014","0","0"
"PD1713 .E54 2014","0","0"
"E184.H95 G65 2013","0","0"
"PN1995.5 .C75 2014","0","0"
"PS3566.O6718 W46 2014","3","0"
"PS3620.A886 A43 2014","1","0"
"D548 .B3285 2013","1","0"
"LB1033.5 .B78 1996","0","0"
"PN2671 .N53 2013","0","0"
"PQ4390 .Z34 2013","0","0"
"PQ6058 .V4 2013","0","0"
"Z997.2.I82 B654 2014","1","0"
"CS39 .Z352 2013","0","0"
"PN2688.L65 G38 2014","0","0"
"PL2833.A36 W69 2014","0","0"
"PL2947.5.U356 T53 2014","2","0"
"PL2840.Y484 C48 2014","0","0"
"PL2969.Z43 Y45 2014","3","0"
"PL2307 .G366 2013","0","0"
"PL2653 .X7176 2014","1","0"
"PL2653 .X7176 2014","1","0"
"HV555.C6 W36 2014","0","0"
"PL2950.7.N47 S58 2013","0","0"
"HM1111 .Y36 2013","1","0"
"PL2275.G72 S55 2013","0","0"
"PL2958.A548 S58 2014","0","0"
"HQ1767 .N664 2013","0","0"
"PL2977.7.H83 S26 2014","0","0"
"PL2976.R85 C48 2013","0","0"
"PL2801.N18 H8 2014","0","0"
"PL2938.U38 A15 2014","0","0"
"DS19 .G66 2014","0","0"
"DS778.M3 T36 2014","0","0"
"PL2801.N18 L85 2014","0","0"
"ND1049.D56 H83 2013","0","0"
"HX418.5 .L55 2013","0","0"
"PL2909.I284 D85 2013","1","0"
"PL2929.5.N434 Q256 2014","0","0"
"PL2843.P5 K36 2013","2","0"
"PL2941.Y86 Y36 2014","0","0"
"PL2801.N18 X53 2014","3","0"
"PL2914.N537 X84 2013","0","0"
"PL2930.5.N77 Y68 2013","0","0"
"PL2941.K46 Y86 2014","0","0"
"DS712 .H454127 2014","1","0"
"TT507 .W8 2014","3","0"
"PL2965.Y369 Y83 2014","0","0"
"PL2801.N18 F46 2014","0","0"
"PL2929.7.O583 J85 2013","0","0"
"PL2302 .D87 2014","1","0"
"DS737 .D87 2014","1","0"
"PL2928.K8 T564 2014","2","0"
"PL2969.5.E76 Z45 2014","1","1"
"PL2939.A593 Y84 2012","0","0"
"PL2862.I34626 X536 2014","0","0"
"PL2932.A596 B536 2013","0","0"
"PL2966.U78 Y86 2014","0","0"
"PL2949.5.N45 H83 2014","0","0"
"PL2958.A55 C446 2014","0","0"
"PL2947.Z44 Y555 2014","0","0"
"PL2833.5.E459 T536 2014","0","0"
"PL2977.W46 K87 2014","0","0"
"PL2946.L536 Y5 2014","0","2"
"PL2976.A34 T536 2014","0","0"
"PL2949.7.O286 C446 2014","0","0"
"PL2942.F86 M655 2014","0","0"
"PL2971.C45 M363 2014","0","0"
"PL2945.A55 J56 2014","1","0"
"PL2937.5.O558 X536 2014","0","0"
"PL2935.A557 S5 2014","0","0"
"PL2937.E586 Y36 2014","0","0"
"PL2918.N26 S5364 2014","0","1"
"DS797.32.S546 T36 2013","0","0"
"PL2929.7.O585 B35 2014","0","0"
"PL2939.A558 Q25 2014","0","0"
"R705 .L58 2013","1","0"
"BF1779.F4 L57585 2014","0","0"
"DS795.9.A2 G68 2013","0","0"
"PL2966.U35 D36 2014","0","0"
"PL3032.Z425 Z43 2013","0","0"
"PL2865.J59 C466 2013","0","0"
"PL2960.U95 Y57 2014","1","0"
"PL2960.U95 Y57 2014","1","0"
"PL2960.U95 Y57 2014","1","0"
"PL2960.U95 Y57 2014","1","0"
"PL2862.I31713 Z85 2014","0","0"
"RA527 .X53 2013","0","0"
"PL2910.Z65 D86 2013","0","0"
"PL2264 .Z68 2014","0","0"
"PL2307 .H363 2013","0","0"
"PL2868.I2485 D36 2013","0","0"
"N7346.X56 Z86 2013","0","0"
"N7346.X56 Z436 2013","0","0"
"GT1555 .A38 2013","0","0"
"NK1069.X56 X565 2013","0","0"
"ND1046.X56 L8 2013","0","0"
"ND2849.K6 Y36 2013","0","0"
"N7346.X56 S55 2013","0","0"
"N7291 .P83127 2013","0","0"
"N5310.5.C6 S833 2013","0","0"
"DS793.S62 Z436 2013","0","0"
"NK1483.A3 X56 2013","0","0"
"NK1069.X56 W45 2013","0","0"
"NK2883.A3 X56 2013","0","0"
"NK9283.A3 X56 2013","0","0"
"ND2069.X56 H4 2013","0","0"
"GT1555 .L68 2013","0","0"
"NK3634.A18 C446 2013","0","0"
"PQ2260.G36 Z6625 2014","1","0"
"DG671.6.M53 F37 2014","0","0"
"D802.I8 E88 2014","0","0"
"JV7398 .C634 2013","0","0"
"N8050 .B33 2014","3","0"
"PQ4843.O53 G33535 2014","0","0"
"PQ6168 .L58 2013","1","0"
"PQ1791.Z5 T46 2014","0","0"
"PT2533.S3 Z75 2014","0","0"
"TX723.5.S7 D49 2003","1","1"
"DC434 .S66 2014","0","0"
"PQ2678.A229 M46 2014","0","0"
"DC342.8.J6 P67 2014","1","1"
"PQ1141 .A67 2013","0","0"
"PQ3949.3.V47 C66 2013","0","0"
"DP270 .N67 2013","0","0"
"DC373.Z44 A3 2014","1","0"
"PC3552 .C65 2014","0","0"
"BS2745.53 .S64 2014","0","0"
"D522.23 .C66 2013","1","0"
"HD76 .M37 1992","0","0"
"JN8399.C25 S835 2014","1","0"
"PR275.E66 S49 2014","2","1"
"PQ6615.E57 Z634 2011","0","0"
"DG577.5 .A98 2013","0","0"
"PS3612.E92345 U53 2013","3","1"
"PQ7298.1.V5 T36 2013","0","0"
"JF1001 .M275 2014","0","0"
"HN80.S4 R69 2014","0","0"
"KF228.M316 S67 2014","0","0"
"CC77.S5 C85 2014","1","0"
"HC244 .H554 2014","3","0"
"JL2054 .C28 2014","0","0"
"JS437 .C86 2014","1","1"
"LB2822.8 .H33 2014","0","0"
"JZ6369 .E74 2014","2","0"
"U21.2 .F874 2014","2","0"
"HD7287.82.U6 D53 2014","2","0"
"HB615 .S696 2014","2","2"
"HD30.3 .M3445 2014","1","0"
"JK1764 .B89 2014","3","0"
"PS3619.E4257 F36 2014","1","0"
"PQ7298.428.A215 S86 2014","1","0"
"GE80 .P474 2013","0","0"
"RC199.6.P6 A44 2014","0","0"
"RC455.4.E8 G65 2014","2","0"
"DC431 .M35 2014","1","0"
"DC121.8.L89 F66 2014","0","0"
"PL2969.5.E445 Y8 2012","0","0"
"PL2932.A682 T36 2013","0","0"
"PL2969.5.E445 S56 2013","0","0"
"PL2932.A682 S54 2013","0","0"
"PL2938.E29 H83 2013","0","1"
"PL2885.A6395 H45 2012","0","0"
"PL2969.5.E445 C48 2013","0","0"
"DS755 .C85 2014","0","0"
"PL2958.E54 L58 2012","0","0"
"PL2889.U2 A6 2010","0","0"
"PL2889.U2 A6 2010","0","0"
"PL2889.U2 A6 2010","0","0"
"PL2889.U2 A6 2010","0","0"
"PL2889.U2 A6 2010","0","0"
"PL2835.Y83 H36 2013","0","0"
"PL2857.A6352 T83 2013","1","0"
"PL2937.5.U98 Y89 2013","0","0"
"PL2958.I22 W66 2013","0","0"
"BQ962.O683 W324 2012","0","0"
"PL2955.E5 Y36 2013","0","0"
"PL2833.A5 Z42 2014","0","0"
"PL2841.L43 G86 2007","0","0"
"PL2919.M39 Z44 2013","1","0"
"PL2919.M39 Z44 2013","1","0"
"PL1709 .Q36 2013","0","0"
"DS755 .Z3676 2012","1","0"
"PL2930.5.Y5 G83 2011","0","0"
"PL2946.S55 G427 2013","1","0"
"PL2862.I1215 A6 2013","0","0"
"PL2303 .C4364 2013","0","0"
"PL2939.O996 N59 2013","0","0"
"PL2965.5.G86 N33 2013","0","0"
"HB3654.S664 D56 2014","0","0"
"PL2885.A6395 R36 2012","1","0"
"PL2661.Z5 H45 2014","0","0"
"PL2922.C43 S26 2013","2","0"
"PL2302 .W83 2013","0","0"
"PL1201 .X88 2013","0","0"
"PL1201 .X88 2013","0","0"
"PL1201 .X88 2013","0","0"
"PL1201 .X88 2013","0","0"
"PL1201 .X88 2013","0","0"
"PL1201 .X88 2013","0","0"
"PL1201 .X88 2013","0","0"
"PL1201 .X88 2013","0","0"
"DS610.4 .P36 2014","0","0"
"PN879.C6 Z43 2013","1","0"
"DS777.488.C35 X84 2013","0","0"
"PL2705.E59 A6 2013","0","0"
"PL2262 .Z4648 2014","0","0"
"PL2321 .O95127 2014","0","0"
"DS795.3 .X84 2014","1","0"
"PL2687.C64 Z64 2013","0","0"
"PL2942.3.A445 C48 2013","1","0"
"PL2303 .X8 2014","0","0"
"PL2303 .J565 2013","0","0"
"DS777.488.C5 T39127 2012","1","0"
"PL2938.E29 X56 2012","2","0"
"PL2932.A682 W824 2012","0","0"
"PL2942.3.A53 W63 2013","3","0"
"PL2886.O1684 Z667 2014","0","0"
"PL2303 .W367 2013","0","0"
"PL2513 .K4 2005","0","0"
"PL2930.5.Y5 H85 2013","1","0"
"PL2880.U24 D57 2012","0","0"
"PL2833.N65 J53 2013","0","0"
"PL2946.C44 C45 2012","0","0"
"PL2954.3.J56 P56 2013","0","1"
"PL2977.5.E54 N824 2012","1","0"
"PN2875.J53 L56 2014","1","0"
"PL2919.Z555 J53 2013","0","0"
"PL2861.A6639 A6 2011","0","0"
"DS796.C53 D46127 2012","0","0"
"PL2336 .Z468 2014","0","0"
"PL2976.Y5 D68 2013","0","0"
"HN733.5 .T664 2013","0","0"
"BP187.65.C6 G36 2013","0","0"
"PL2754.S5 Z968 2013","1","0"
"PL2928.C566 A6 2013","0","0"
"PL2919.J539 T32 2013","1","0"
"PL2891.U155 A6 2013","0","0"
"PL2910.Z65 A6 2013","0","0"
"DS797.77.F855 H47127 2012","2","0"
"JQ1516 .L58 2014","1","0"
"PL2936.3.U5 Z85 2013","0","0"
"PL2415 .C446 2013","0","1"
"PL2653 .J536 2013","0","0"
"PL2840.J57 A6 2012","0","0"
"DS796.H757 Z429 2013","0","0"
"PL967.4 .B35 2013","0","0"
"PL2860.U585 T35 2013","0","0"
"ND2849.X56 Z468 2013","0","0"
"ND2849.X56 Z469 2013","0","0"
"ND2849.X56 Z473 2013","0","0"
"ND2849.X56 Z475 2013","0","0"
"ND2849.X56 Z477 2013","0","0"
"ND2849.X56 Z472 2013","0","0"
"ND2849.X56 Z482 2013","0","0"
"DC417 .J33 2014","0","0"
"PQ7298.41.B46 E73 2013","0","0"
"PQ1455 .A6 2014","0","0"
"PQ2668.O255 M43 2014","0","0"
"PN56.H57 R47 2014","1","0"
"B2799.O5 G38 2014","0","0"
"PR9199.4.M666 T45 2013","0","0"
"PQ2702.E36 A63 2014","0","0"
"HE8700.79.S7 M37 2013","1","0"
"PQ2702.I547 A8 2014","0","0"
"DB36.3.H3 F534 2014","3","2"
"PQ3919.2.M665 I533 2014","1","0"
"PQ2712.A49 P37 2014","0","0"
"PQ1275 .C596 2007","1","0"
"F1230.C835 M38 2013","0","0"
"PR9369.4.M648 C33 2013","1","0"
"PQ2704.A38 E44 2013","0","0"
"DP622 .C36 2014","2","1"
"DS779.47 .G65 2014","1","0"
"PQ7084 .G38 2013","0","0"
"PQ6325.Z5 M34 2013","0","0"
"F1435.3.W75 E7718 2013","0","0"
"DK771.K67 H84 2014","3","0"
"U35 .Z47 2014","0","0"
"HV875.58.S7 G66 2014","0","0"
"CB351 .W47 2014","2","0"
"DP143.6 .R62 2013","1","0"
"PN3448.A8 G46 2013","2","0"
"PQ6670.U8 Z67 2014","1","0"
"PN1998.3.C415 F64 2014","0","0"
"PR6065.X5 A6 2014","0","0"
"HQ800.3 .G37 2014","0","1"
"PQ6706.U453 P56 2013","0","0"
"PQ6055 .M367 2014","0","0"
"PR6056.A55 S77 2014","0","0"
"DP143.2.J83 V55 2014","2","0"
"E20 .E88 2010","0","0"
"DK4121 .G35 2014","1","0"
"PR9199.4.R675 P58 2014","0","0"
"GT4873.5.A2 C45 2014","0","0"
"JK1764 .U55 2014","0","0"
"PQ4904.A5845 B74 2014","0","0"
"PR6073.A823 B9 2014","0","0"
"DS134.52 .J3613 2014","1","0"
"PR6113.C315 A848 2014","1","0"
"DC101.5.A2 C66 2014","1","0"
"PC2211 .V54 2014","0","0"
"PQ2607.U8245 Z9353 2014","0","0"
"PQ2635.O117 I528 2012","0","0"
"PQ2676.L22 Z53 2014","0","0"
"PQ155.D53 L67 2013","0","0"
"DC434 .A43 2014","0","0"
"B3286.L44 A76 2014","0","0"
"BF441 .P54 2014","0","0"
"PG3365.V65 A88 2013","0","0"
"HQ1236 .A95 2014","0","1"
"CS959.P59 V37 2013","0","0"
"PQ4437 .S47 2013","3","0"
"D283.5 .P39 2013","0","0"
"PQ4876.A7412 U48 2014","0","0"
"GA231 .S34 2013","0","0"
"PJ7852.A37 Z58 2009","0","0"
"NX549.Z9 O7523 2013","0","0"
"KBP524.72 .D37 2010","0","0"
"DS715 .C524 1985","0","0"
"PQ3984 .A48 2014","0","0"
"K3240 .F746 2014","0","0"
"DG70.A3 A342 2013","1","0"
"JZ1242 .I5766 2012","1","0"
"BP10.J383 M34 2010","1","0"
"DT266.94 .O94 2011","0","0"
"GN778.2.N87 S275 2014","0","0"
"DG70.R43 T73 2014","0","0"
"PJ7507 .M56 2013","0","0"
"DG575.B66 G68 2014","0","0"
"PQ6116 .U55 2014","0","0"
"KKT2101 .C66 2013","0","0"
"PQ2207.C64 J33 2013","0","0"
"CN753.I85 C37 2014","0","0"
"JN8221 .Q34 2014","1","0"
"HG3184 .S343 2013","0","0"
"F1410 .B434 2014","1","0"
"DP269.5 .F47 2014","0","0"
"DK769.O55 A3 2014","0","0"
"BP130.2 .N39 2011","0","0"
"PQ2635.E34 Z674 2014","0","0"
"PQ2707.O48 I675 2014","1","0"
"PJ6161 .A14 2010","0","0"
"JQ3892 .H36 2011","0","0"
"PH3308 .K57 2013","0","0"
"HN583 .C48 2013","1","0"
"B105.J87 F66 2014","3","0"
"PQ283 .W55 2013","0","0"
"E895 .A417 2009","0","0"
"PR9619.3.T786 B37 2014","1","0"
"PQ2605.A3734 Z767 2014","1","0"
"HQ1507 .A34 2011","4","0"
"PN3503 .E84 2014","2","0"
"PR6053.R3748 T47 2014","0","0"
"PJ6696.Z5 R4526 2011","0","0"
"PH2063 .S94 2013","0","0"
"BP190.5.R4 R38 2012","0","0"
"BX1428.3 .E93 2014","0","1"
"D182 .S27 2006","0","0"
"PR6063.C67 F577 2014","0","0"
"DT157.672 .K477 2005","0","0"
"R512.A1 N48 2013","0","0"
"PQ4919.E7733 A798 2014","0","0"
"PR6106.R46 M53 2014","0","0"
"PS3611.O7492 T44 2014","0","0"
"KQG3627.A311976 A4 2012","0","0"
"PJ3721.U7 L436 2013","1","0"
"PS3558.A28 D53 2014","1","0"
"PQ4873.A956 D53 2014","0","0"
"PR6066.O88 W564 2014","0","0"
"PL2576 .Q564 2013","0","0"
"PL2576 .Q564 2013","0","0"
"PL2576 .Q564 2013","0","0"
"PL2576 .Q564 2013","0","0"
"PL2576 .Q564 2013","0","0"
"PL2576 .Q564 2013","0","0"
"PL2576 .Q564 2013","0","0"
"PL2576 .Q564 2013","0","0"
"PL2576 .Q564 2013","0","0"
"PL2576 .Q564 2013","0","0"
"E103 .N64 2013","0","0"
"GN409 .C48 2013","0","0"
"BJ1289.3 .G36 2013","0","0"
"ND623.T7 C443 2013","0","0"
"PQ4874.O774 A65 2013","0","0"
"PT1589 .D87 2014","1","0"
"PQ1107 .R46 2014","0","0"
"BL1800 .I58 2012","0","0"
"BL1800 .I58 2012","0","0"
"CB430 .T54 2014","1","0"
"PQ4075 .H39 2014","0","0"
"D764.7.T85 L47 2014","0","0"
"PR6019.O9 Z6285 2014","1","0"
"RA395.Z33 L445 2012","0","0"
"PG7170.A54 Z88 2014","0","0"
"HN190.Z9 E42 2013","0","0"
"DT295 .R3 2007","0","0"
"PM3889.Z5 T54 2013","0","1"
"DA3.B67 A3 2014","0","0"
"PQ6672.A43 L38 2013","0","0"
"HQ1170 . H245 2011","0","0"
"B126 .Y8178 2014","1","0"
"PC3942.13.A25 S46 2013","0","0"
"PN2401 .E875 2012","0","0"
"PQ6653.A723 A6 2013","0","0"
"PN53 .C37 2013","0","0"
"PQ8550.22.O64 S65 2013","0","0"
"DR1302 .C845 2014","0","0"
"PN4973.M37 A25 2013","0","0"
"PG1231 .P57 2013","0","1"
"GR260.2.S44 S28 2013","0","0"
"DK215.3 .D39 2014","1","0"
"PN1993.5.S7 L55 2014","0","0"
"PN1650.W3 B39 2013","0","0"
"PQ7087.E5 F78 2011","1","0"
"F1412 .A63 2013","0","0"
"BP135.A3 I39 2010","0","0"
"D640.A2 B76 2014","0","0"
"B4842 .P73 2011","1","0"
"PG1419.29.R335 M35 2013","0","0"
"PA3875.T5 C48 2014","1","0"
"DS134.64 .P47 2014","0","1"
"DS109.93 .A64 2014","1","0"
"PA8518 .E73 2014","0","0"
"PR6035.U8 Z85 2014","0","0"
"DU624.7.J3 O377 2014","0","0"
"BX1795.B63 K8713 2014","1","0"
"B751.I62 E5 2014","0","0"
"PR9369.3.C58 Z99 2014","1","0"
"B105.L54 L57 2014","4","0"
"DA957 .D86 2014","0","0"
"E475.56 .M87 2014","1","0"
"PQ2631.R63 Z6113 2014","1","0"
"PJ5008 .G46 2014","5","0"
"PS3501.U8 A6 2014","0","0"
"PA4408.E5 R39 2014","8","0"
"D639.C38 S53 2014","0","0"
"D769.85.P4 M37 2014","1","0"
"BX8962 .H36 2014","2","0"
"PS3509.L43 Z872456 2014","3","0"
"BQ693 .R36 2013","2","2"
"PR6003.E282 Z62115 2014","1","0"
"B430 .C36 2014","5","2"
"E664.W83 R53 2014","3","0"
"PS3613.A3473 L48 2014","1","0"
"PS3562.I434 L63 2014","0","0"
"PR9205.05 .R33 2014","0","0"
"PN56.M36 T83 2014","4","2"
"DS28.M87 M63 2014","0","0"
"PA6558 .A2 2014","2","0"
"PS3569.E19 S63 2014","0","0"
"E302.6.B9 D74 2014","1","0"
"DT447 .M69 2014","5","0"
"PQ4878.A73 N66 2014","0","0"
"DT554.59 K52 2011","0","0"
"PR9080.5 .M38 2014","0","0"
"PN1650.E58 T54 2011","0","0"
"PQ2664.U6648 H65 2014","0","0"
"CT1457.S47 S67 2013","0","0"
"PS3602.U838 T73 2014","1","0"
"PR9199.4.A8814 W49 2014","0","0"
"HC240.25.R8 C58 2013","0","0"
"HX914.7.K7 S25 2014","0","0"
"DK254.A7 K76 2014","0","0"
"BX493 .B49 2013","0","0"
"HQ638.2.Z9 K3722 2013","0","0"
"PG2742 .S47 1988","0","0"
"DK511.C5 D495 2014","0","0"
"HX280.5.A6 T55 2014","0","0"
"PN1993.5.A1 M365 2014","0","0"
"PN1998.3.G635 O58 2013","0","0"
"HQ1061 .A42953 2014","1","0"
"LC46.3 .C57 2014","1","0"
"KF4550 .H86 2014","0","0"
"HV6505 .B69 2014","1","0"
"K3289 .S63 2014","0","0"
"JV151 .S53 2014","2","0"
"LB2838 .D47 2014","1","0"
"LB1631 .M3995 2014","0","0"
"HC240 .B64457 2014","0","0"
"HD9773.U74 V38 2014","7","0"
"JC273.F36 A74 2014","1","0"
"HM741 .F76 2014","2","0"
"HM741 .F76 2014","2","0"
"HV5825 .D354 2014","0","0"
"HF1414 .G4644 2014","0","0"
"HC79.E5 G668 2014","0","0"
"HV9104 .H757 2014","0","0"
"GN380 .I3466 2014","1","0"
"HF5548.8 .I52325 2014","0","0"
"HB3717 2008 .P96 2014","0","0"
"HG3881 .U34 2014","0","0"
"HG179 .M31165 2014","4","0"
"PN5144 .I74 2014","2","0"
"HD5706 .V4713 2014","0","0"
"K346 .A75 2014","0","0"
"BF76.6.L65 M33 2014","1","0"
"P306.2 .M43 2014","2","0"
"LC3736.A2 M55 2014","1","0"
"JZ6405.W66 M65 2014","2","0"
"BF698.5 .M85 2014","1","1"
"HD2755.5 .M85 2014","0","0"
"HD2755.5 .A63 2014","0","0"
"HV7419 .P63 2014","0","0"
"JF1525.P6 Z58 2014","0","0"
"HC336.26 .G45 2014","0","0"
"P299.R44 R46 2014","2","0"
"PN1992.4.P68 G37 2014","0","0"
"HV6542 .S56 2014","0","0"
"KUQ4077 .R47 2014","0","0"
"JK692 .S73 2014","0","0"
"HV6322.7 .V68 2014","0","0"
"JZ1318 .I24 2014","0","0"
"HF5549.5.S47 S49 2015","2","1"
"BF76.6.S56 S555 2014","1","0"
"JA76 .B627 2014","0","0"
"HE327 .S63 2014","1","0"
"HC79.I5 L646 2015","0","0"
"HF5415.2 .S52 2014","1","1"
"LB2395.7 .K35 2014","2","0"
"HQ613 .U53 2014","0","0"
"H62.5.E8 H36 2014","0","0"
"HF5549 .W482 2014","2","0"
"K5250 .A954 2014","0","0"
"HQ799.2.V56 R68 2015","1","1"
"HT393.N7 A38 2013","1","0"
"LB2332.3 .A55 2014","3","1"
"HC254.5 .T75 2013","1","2"
"HF5429.4.M7 D39 2014","0","0"
"LB2805 .D354 2015","0","0"
"GN347 .E97 2014","1","0"
"HD9502.A2 T694 2014","2","0"
"HT241 .S67 2015","0","0"
"LC1100 .H37 2014","0","0"
"JN30 .Z54 2014","1","0"
"GT1560 .M55 2014","10","0"
"E98.R3 N54 2014","0","0"
"HV9955.M6 M57 2014","0","0"
"HD191 .E77 2014","0","0"
"JV6021 .M88 2014","1","0"
"LB1567 .H43 2014","0","0"
"HQ27 .P67 2014","2","0"
"E99.P9 W34 2014","3","0"
"HB501 .K4689 2014","0","0"
"JZ6009.M628 R437 2014","1","0"
"JC251.S8 R46 2014","0","0"
"BF199 .N37 2015","0","0"
"H62 .R4667 2014","0","0"
"HD5324 .B818 2014","1","0"
"HD4918 .B45 2014","7","2"
"HD30.3 .T395 2014","0","0"
"BF378.A33 W67 2015","1","0"
"DG576.8 .N53 2014","0","0"
"TA139 .M34 2014","0","1"
"PQ4904.A83 S87 2014","0","0"
"DU122.C5 Y36 2014","1","0"
"GV427 .L56 2014","0","0"
"PL2687.L8 Z7515 2014","0","0"
"PL2687.L8 Z7515 2014","0","0"
"PQ4903.E78 Z46 2014","0","0"
"DG551 .V46 2014","0","0"
"PJ553 .M45 2003a","0","0"
"HD38.25.H6 C44 2014","0","0"
"PQ4863.A3894 P57 2014","0","0"
"PA8040 .C67 2014","1","0"
"DS777.55 .S4725 2013","1","1"
"PS201 .I584 2013","0","1"
"PN1998.2 .S485 2013","0","0"
"PR6126.U33 O4 2014","1","0"
"PR1272 .F57 2014","0","0"
"PQ4620 .A24 2014","0","0"
"PQ4087 .B43 2014","1","0"
"BR1720.C5 A6 2013","0","0"
"BJ1409.5 .S74 2014","1","0"
"PA3131 .C37 2013","0","0"
"DS779.49.X53 N3537 2014","5","2"
"HJ2105 .G68 2013","1","0"
"PQ6653.E62 L4913 2014","0","0"
"JZ5538 .L35 2013","1","0"
"BR67 .R488 2013","0","0"
"PQ4904.U77 J87 2014","0","0"
"LC383 .S87 2013","0","0"
"PN1993.5.C6 X53 2013","0","0"
"DG848.112.F4 S76 2014","0","1"
"PQ4909.O74 S48 2014","0","0"
"D521 .C67 2014","1","0"
"PQ4913.A86 L44 2014","0","0"
"GT3031 .Y36 2014","1","0"
"PN1995.9.G63 C69 2014","0","0"
"PN2595.13.E97 R48 2013","0","0"
"DK511.S3 N55 2013","0","0"
"PQ4918.O28 H58 2014","0","0"
"PQ2662.A698 N68 2014","0","0"
"PN171.O55 C37 2014","2","0"
"PN171.O55 C37 2014","4","0"
"PQ4906.R86 C36 2013","1","0"
"PR6111.I63 W35 2014","9","1"
"PQ4863.A7198 M66 2014","0","0"
"PA3133 .D53 2013","2","0"
"PA3133 .D53 2013","2","0"
"JN6529.I6 Z48 2014","0","0"
"B765.T54 W45 2014","1","0"
"DT157.675 .B37 2011","0","0"
"HT1322 .A26 2013","4","0"
"DT346.S7 A938 2007","0","0"
"DT346.S7 A938 2007","0","0"
"PN1993.5.G3 C46 2014","0","0"
"DF234 .A673 2014","2","0"
"PS3606.R3826 A79 2014","0","0"
"PS310.J39 B57 2014","1","0"
"PS3556.A3625 A6 2014","1","0"
"F316.23.G74 G64 2014","0","0"
"BP64.N5 A45 2014","0","1"
"BT82.7 .C48 2014","1","0"
"PS338.I58 S37 2014","0","0"
"PN56.P92 C666 2014","0","0"
"BX4700.C6 D415 2014","3","0"
"PN2960.I75 S53 2014","0","1"
"PN55 .M66 2014","0","0"
"PR1933.D74 L46 2014","1","0"
"DA152 .H274 2014","0","0"
"BT114 .E28 2014","1","0"
"PQ9571 .M375 2014","1","0"
"PT115 .G48 2014","2","0"
"DF78 .V33 2014","1","0"
"B821 .B245 2014","1","0"
"DB99.2 .R35 2014","0","0"
"PN1995.9.I573 T83 2014","0","0"
"BL2270 .J49 2010","4","1"
"DF261.C65 D48 2014","1","0"
"E743.5 .L56 2014","2","0"
"DR603 .M357 2014","4","0"
"D15.R3 S84 2014","0","0"
"E169.Z83 W55 2014","1","0"
"DF221.C8 L37 2014","2","0"
"E856 .N59 2014","6","0"
"PR9199.3.T36 N69 2014","0","0"
"PS3602.R64446 P35 2014","2","0"
"PN2270.H57 G68 2014","1","0"
"PN1590.P76 T74 2014","0","0"
"PL923 .K44 2014","0","0"
"D760.8.C5 C37 2014","0","0"
"BL60 .R38 2014","0","0"
"BD181.7 .D66 2014","1","0"
"PQ648 .F69 2014","0","0"
"PS1351.C4 Z86 2014","0","0"
"BS2615.52 .A43 2014","0","0"
"PL8014.S6 S77 2014","0","0"
"BP166.7 .T63 2014","2","0"
"DS649.7 .J67 2014","1","0"
"PT2070 .L44 2014","0","0"
"BP173.J8 H36 2014","2","0"
"HN786.A8 S5513 2005","0","0"
"PS3569.I445 A53 2014","1","0"
"PR9199.4.T353 A34 2013","0","0"
"PS3626.A6279 A36 2014","0","0"
"G246.F68 A43 2013","0","1"
"PS3618.A946 Z46 2013","0","0"
"B105.A55 A53 2014","0","1"
"PR9199.3.M3225 A75 2013","1","0"
"PR9199.3.N4976 A77 2014","0","0"
"PS3602.E375 A88 2014","0","0"
"BX1793 .A24 2014","0","0"
"BS511.3 .Y83 2014","0","0"
"PR9199.4.H3583 B76 2014","0","0"
"PS3570.O4275 B89 2014","2","0"
"P91.3 .I53 2013","0","0"
"PR9387.9.A3 Z58 2014","0","1"
"PS3601.R356 C65 2014","0","0"
"PE1404 .C345 2014","0","0"
"PS3561.A7778 D3 2014","2","0"
"F1410 .P787 2013","0","0"
"BT701.3 .D47 2014","2","0"
"BT732.5 .R63 2014","1","0"
"BT736.2 .N64 2014","0","0"
"PR9619.3.H3325 D68 2013","1","1"
"PS3621.L97 D75 2014","0","0"
"PR6037.P29 D7 2014","0","0"
"PR9387.9.S6 Z57 2014","2","0"
"PS3562.A242 F37 2014","1","0"
"E296 .R35 2014","0","0"
"PS3603.H3566 G53 2014","1","0"
"PQ6708.I45 B8413 2014","2","0"
"PR6058.A69455 G66 2013","2","0"
"PS3569.H387 G73 2014","1","0"
"PR9619.4.B878 H54 2014","2","0"
"E517 .E79 2014","0","0"
"E477.52 .K583 2014","2","1"
"PR9199.3.R5319 I29 2014","0","0"
"BJ1191 .G87 2014","0","0"
"PS3561.A6993 A6 2014","1","0"
"DS79.76 .C668 2014","0","0"
"BR165 .F77 2014","11","0"
"PR9470.9.M53 L3713 2014","3","0"
"PG3456.A13 D735  2014","0","0"
"PS3563.C388 A6 2014","0","1"
"PR9619.4.A22 N6 2013","1","0"
"PR9199.4.D44 O74 2013","0","0"
"DG581 .S3613 2014","0","0"
"PS3616.A7545 P4 2014","0","1"
"PS3555.L94 P58 2014","0","0"
"PQ7539.2.D3 A6 2013","0","0"
"PS305 .S34 2014","1","1"
"PN3014.2 .M49 2014","0","0"
"BS680.E9 R48 2014","0","0"
"PL2862.I1674 S2513 2014","1","0"
"PR9199.4.C46 S43 2013","0","0"
"E472.25 .W66 2014","0","1"
"PN1995.9.M56 S56 2014","1","0"
"BD511 .U55 2014","2","0"
"PS3603.A482284 A6 2014","1","0"
"PN2053 .B595 2014","2","1"
"BR148 .R35 2014","0","0"
"PR9199.4.B8768 W56 2013","0","0"
"PR888.W6 P48 2014","1","0"
"PG7178.O67 A2 2014","0","0"
"PQ2682.O436 E2713 2014","0","1"
"PS3569.I4128 Z46 2014","0","0"
"PN4714 .P54 2014","1","0"
"DG259 .G36 2014","1","0"
"DS35.74.E85 E92 2013","0","0"
"HE316.C6 C36 2014","0","0"
"HQ734 .L3933 2014","0","0"
"CN1015.M5 S27 2014","0","0"
"PQ2683.E355 V54 2014","0","0"
"DC147.8 .K35 2014","0","0"
"HC340.12 .D376 2013","0","0"
"DS38.4.U45 U43 2013","0","0"
"DK511.M587 F436 2014","0","0"
"Z115.1 .T75 2010","0","0"
"LF665 .O74 2013","0","0"
"DK221 .S83 2014","0","0"
"DK221 .S83 2014","0","0"
"PS3562.E353 Z765 2014","4","0"
"KF4850 .U54 2014","6","1"
"PS3537.T4753 T45 2013","0","0"
"PS648.S5 R64 2014","5","1"
"JQ1519.A5 Z4665 2013","0","0"
"PR9199.4.L579 A53 2014","1","0"
"PQ2676.E337 Z46 2014","0","0"
"PQ8180.13.A35 Q413 2014","1","0"
"BF39.3 .C645 2014","1","0"
"PS3503.R167 Z816 2013","0","0"
"PA6568 .P8 1895a","0","1"
"HG3942.8 .C75 2010","0","0"
"PS3566.A822 I58 2014","2","0"
"NX556.A1 P456 2014","0","0"
"B105.H36 L46 2013","2","0"
"DS119.7 .S53 2013","0","0"
"JN521 .B79 2014","0","0"
"PJ7521 .S88 2012","0","0"
"PQ2260.G36 P34 2014","0","0"
"PQ3949.3.B375 C37 2014","0","0"
"BL477 .A524 2013","2","0"
"D767.6 .C76 2014","6","0"
"PQ2682.I3866 E88 2014","0","0"
"PS3602.R739 B33 2014","1","0"
"B785.F433 Z9 2003","0","0"
"BP166.14.M3 M37 2011","0","0"
"BX6237 .M46 2014","1","0"
"BP184.25 .S49 2009","0","0"
"PG3479.4.U565 K64 2014","0","0"
"DK510.13.P7 P67 2013","0","0"
"KBP542.32 .A85 2012","0","0"
"PS3558.O89 S43 2014","1","0"
"DK651.R283 O27 2013","0","0"
"DD287.7.H34 P38 2014","0","0"
"KBP184.9.V64 F872 2011","0","0"
"B4267 .L63 2013","0","0"
"BP173.4 .S495 2010","0","0"
"BP135.8.S34 H37 2010","0","0"
"DK268.K675 A431 2013","0","0"
"DK106.5 .S454 2014","0","0"
"DS779.49.Z469 Y36 2013","1","0"
"PL384.I9 A77 2013","0","0"
"BP166 .A73 2011","0","0"
"BS2825.52 .S74 2014","0","0"
"BP135.A2 S275 2012","0","0"
"BP135.A2 S275 2012","0","0"
"DK507.33 .T73 2013","0","0"
"TR659 .L58 2014","2","0"
"DS528.8.U6 K86 2014","2","0"
"HV6722.T5 W37 2013","3","0"
"PN5178 .A52 2014","1","0"
"DG214.5 .P655 2013","0","0"
"PR728.M4 T66 2014","1","0"
"JL27 .M426 2004","0","0"
"PR9369.3.C58 Z7824 2011","3","0"
"PR428.E43 D74 2012","0","0"
"PA3061 .H69 2012","1","0"
"PN56.L6 P56 2009","1","0"
"PN56.T7 T68 2012","1","0"
"PS374.G4 E493 2014","0","0"
"F317.P2 B47 2014","0","0"
"DS134.93.W65 A3 2014","0","0"
"DT157.67 .I27 2012","0","0"
"PN3383.P64 N37 2014","1","0"
"DT156.3 .S39 2011","0","0"
"PA6205 .B63 2013","0","0"
"PJ7914.N83 N34 2011","0","0"
"DS779.49.X53 C47 2014","0","1"
"PJ7958.U98 N29 2013","0","0"
"JK511 .H47 2014","0","1"
"PJ7862.H173 S55 2009","0","0"
"PJ7976.U87 H33 2012","0","0"
"DG235 .V47 2014","1","0"
"PL1281 .H4258 2013","0","0"
"PL1271 .Y83 2013","0","0"
"PL1071 .Y368 2013","0","0"
"PL2456 .G36 2013","0","0"
"PL1103 .B35 2013","0","0"
"PL1281 .X8293 2013","0","0"
"PL2733.A57 Z94 2013","0","0"
"HC428.Y3 S48 2013","0","0"
"BQ6345.S892 H36 2013","0","0"
"GR72.3 .L582 2013","0","0"
"Z462.3 .C446 2013","0","0"
"BQ4040 .R45 2013","0","0"
"LG51.P28 R46 2007","0","0"
"HC427.6 .L5235 2012","0","0"
"B2798 .Y48 2013","0","0"
"DS518.1 .L52 2013","0","0"
"GN855.C6 H823 2013","0","0"
"DS796.S257 C56 2012","0","1"
"AZ791 .Y354 2013","0","0"
"CT3990.C4 C35 2013","0","0"
"HD9736.C63 Y388 2013","0","0"
"PL2333 .S86 2013","0","0"
"DS797.88.N564 Z468 2013","0","0"
"DS797.88.N564 Z468 2013","0","0"
"AM5 .Z468 2013","0","0"
"AM5 .Z468 2013","0","0"
"AM5 .Z468 2013","0","0"
"NA9265 .Z57 2013","0","0"
"PL2978.S454 S67 2013","0","0"
"DS712 .Z4788 2013","0","0"
"PJ7962.H35487 B58 2012","0","0"
"E175.8 .A447 2014","1","0"
"PA6686 .W477 2014","1","0"
"PQ2662.A7177 S87 2014","0","0"
"JN900 .B33 2014","0","1"
"DG279 .D35 2014","0","0"
"PL2387 .Q25 2012","0","0"
"PL2387 .Q25 2012","0","0"
"PR6003.U36 Z62 2013","0","0"
"PR6066.H587 W438 2014","0","0"
"PA4218.Z5 B593 2014","0","0"
"PS3569.L275 C67 2014","3","0"
"HQ73.3.A45 F36 2014","0","0"
"PN1995 .K476 2013","3","0"
"TX649.G53 A3 2014","4","0"
"DB2188.7 .H57 2014","0","0"
"PQ9929.O53 A9613 2014","0","0"
"PQ3949.3.B34 L83 2014","0","0"
"DS135.R9 K31 2014","0","1"
"PQ1275 .H67 2013","0","0"
"PG7178.O58 P6 2013","0","1"
"AS911.A2 S73 2013","0","0"
"PT169 .C68 2014","0","0"
"PJ5055.34.I825 E4713 2014","0","0"
"PS3562.O8765 T78 2014","0","0"
"DG214.5 .C36 2005","0","0"
"PG2932.L68 L68 1995","2","0"
"DK18.7 .I8825 2012","1","0"
"DK268 .S8 2013","0","0"
"DG552.6 .S88 2014","0","0"
"PR6103.A457 A6 2014","0","0"
"UH723 .C44 2013","0","0"
"PS374.W35 I56 2014","0","0"
"PT9877.12.A32 M3613 2014","31","0"
"PJ7842.U54 S64 2014","0","0"
"HV5805.P434 A3 2013","0","0"
"PQ2678.O345 D36 2014","0","0"
"BD26 .P66 2014","0","0"
"BP65.G7 B69 2014","0","0"
"BX495.5 .K45 2014","0","0"
"D285.8.C4 F73 2014","1","0"
"DB919.2.G3 M55 2014","0","0"
"PS3558.O67 I58 2013","0","0"
"PQ3989.2.M426 P48 2011","0","0"
"DS259.2 .Z57 2013","0","0"
"PM7854.S41 C496 2013","1","0"
"BX4700.H5 H56 2014","0","0"
"PJ7958.I24 B33714 2011","0","0"
"DC242 .C67 2014","2","0"
"PJ7846.I8 A63 2010","0","0"
"PJ7876.A953 H85 2013","0","0"
"JQ1850.A91 A336 2013","1","0"
"HQ1762 .B375 2014","4","0"
"RA651 .D53 2014","0","1"
"RA651 .D53 2014","2","0"
"PJ7860.A226 K28 2013","0","0"
"PS3602.O65645 R83 2014","11","0"
"PL8747 .M65 2008","0","0"
"PL8747.1 .M67 2012","0","0"
"PJ7940.A947 A74 2010","1","0"
"PR9387.6 .P64 2014","0","0"
"PJ7804.H34 Q24 2010","0","0"
"PJ7964.A28 H39 2013","1","0"
"P92.T34 M43 2010","1","0"
"PL8747.4 .C65 2012","0","0"
"PJ7946.A897 A84 2013","0","0"
"HD9787.C944 B3847 2014","0","0"
"PR9199.3.M452 S43 2014","0","0"
"PG3447.V5 Z578 2014","0","0"
"PL2869.O128 Z55768 2014","0","0"
"PL1129.E5 H824 2013","0","0"
"PL1129.E5 H821 2012","3","0"
"PL1129.E5 H822 2007","3","0"
"PL1129.E5 H823 2008","2","0"
"BT70 .E965 2013","0","0"
"BS1182.3 .P37 2014","1","0"
"BX1529 .H55 2014","0","0"
"PJ7904.M867 B35 2010","1","0"
"PJ7946.A345 R25 2010","0","0"
"PQ6623.A3 Z548 2012","0","0"
"HV4075.R53 S525 2012","1","0"
"PG5038.J5 B72 1929","1","0"
"PG5038.J5 B72 1929","1","0"
"PG5038.J5 B72 1929","1","0"
"GV1692.F83 H836 2013","0","0"
"HC428.S47 P566 2014","0","0"
"D766.99.A4 D37 2014","0","0"
"BS2595.6.S55 S73 2014","0","0"
"E505.5 39th .P55 2012","0","0"
"JQ1850.A91 M827 2014","0","0"
"PS3623.E4273 G74 2014","2","0"
"DA670.S9 S87 v. 57","1","0"
"PT2685.O36 A9513 2014","0","0"
"BR115.L32 K75 2014","0","0"
"PJ7874.A423 Z93 2010","0","0"
"KBP454 .B39 2011","0","0"
"HQ1762 .B375 2014","2","0"
"KF808 .R25 2013","1","0"
"PQ6652.E248 M54 2014","0","0"
"GV199.44.C32 C69 2012","0","0"
"PR4857 .S39 2013","0","0"
"BP133.7.A27 M88 2011","0","0"
"BF311 .G692 2013","3","0"
"BP75.2 .T87 2012","0","0"
"DT1432 .P397 2014","1","0"
"BF575.L3 B38 2014","4","1"
"D116 .W578 2013","4","0"
"PR6029.W4 P68 2014","1","1"
"PG3476.B78 T4313 2014","2","1"
"RB155 .M58 2014","0","0"
"PR9199.3.G767 M3 2013","0","0"
"GT2853.U5 T87 2014","2","0"
"HC427.6 .D35 2013","0","0"
"UB271.R92 P435 2014","11","0"
"BF109.F74 P485 2014","1","0"
"PN2598.B6385 A3 2013","3","0"
"JN8118 .P33 2013","3","0"
"PH3441.E3 S87 2014","0","0"
"PR8719 .P56 2014","0","0"
"PN1993.5.C4 Z564 2010","0","0"
"PN678 .U56 2013","0","0"
"F1435.3.E37 C487 2013","1","0"
"PG3476.B28635 M6 2000","0","0"
"PL2794.U3 Z556 2012","0","0"
"DK268.E7 A3 2006","0","0"
"PQ6257 .C8143 2014","1","0"
"PS169.P79 M36 2014","2","0"
"BP172 .H73 2012","0","0"
"HQ1170 .N23 2009","0","1"
"PN2037 .J8 2008","0","0"
"DT107.87 .A39 2011","0","0"
"HB119.A2 D6","5","0"
"BP64.A38 U28 2011","0","0"
"BP131.5 .H554 2010","0","0"
"BP131.5 .H554 2010","0","0"
"PR6115.R45 I58 2014","0","0"
"HQ1532 .R63 2013","0","0"
"PJ7862 .H937 2008","0","0"
"PJ7862 .H937 2008","0","0"
"PR6066.U42 S46 2014","0","0"
"DS149.5.I75 A53 2014","1","0"
"PS3515.E288 Z82 2010","1","0"
"BP130.4 .I2 1969 Index","0","0"
"BP130.4 .I2 1969 Index","0","0"
"PR6102.E19 D37 2014","0","0"
"BP195.I3 M85 2008","0","0"
"BP195.I3 M85 2008","0","0"
"PR255 .E88 2014","1","0"
"PR6066.A2739 L43 2014","1","0"
"PQ6629.A7 M312 2014","0","0"
"PR6052.I7965 H54 2014","0","0"
"PR9086 .G56 2013","2","0"
"HD62.7 .R535 2013","0","0"
"DC342.8.J4 L35 2014","0","0"
"PR9198.2.N4 B73 2012","0","0"
"QH541.5.M4 L485 2014","2","0"
"DC148 .R487 2014","0","0"
"PN3377.5.R45 G58 2014","1","0"
"PQ4866.A4 Z63 2014","0","0"
"BP188.9.A573 I267 2011","0","0"
"BP188.9.A573 I267 2011","0","0"
"BP188.9.A573 I267 2011","0","0"
"BP188.9.A573 I267 2011","0","0"
"BP188.9.A573 I267 2011","0","0"
"BP188.9.A573 I267 2011","0","0"
"HB615 .A683 2012","1","0"
"DC55 .H37 2013","0","0"
"DT107.87 .H369 2012","0","1"
"F1488.5 .S244 2013","1","0"
"PQ4570 .S67 2013","0","0"
"DT236 .U73 2012","0","0"
"DC611.C826 C67 2014","0","0"
"DT107.87 .A2188 2012","0","0"
"DT107.87 .K478 2012","0","0"
"DD866 .P66 2014","2","0"
"HT653.S7 N58 2013","0","0"
"PR6045.A16 Z65 2014","0","0"
"PJ7946.A346 T89 2011","0","0"
"DT107.87 .M338 2011","0","0"
"DA501.M87 W45 2014","0","0"
"NA9198.P2 J355 2013","0","0"
"DC34 .K43 2013","0","0"
"DC611.C835 G55 2013","0","0"
"DH471 .D39 2013","0","0"
"DC251 .F87 2014","0","0"
"PQ2605.H34 Z46 2014","0","0"
"HQ1090.7.F8 C644 2013","0","0"
"DS135.S92 B48 2014","0","0"
"DS113.8.R87 B66 2014","0","0"
"DF261.E9 T73 2013","0","0"
"PN1995.9.E96 R55 2014","0","0"
"B105.I44 S2513 2013","2","0"
"PN2287.C5 A48 2014","5","0"
"PC4101 .P76 2014","0","0"
"PQ7390.C79 Q46 2013","0","0"
"PS3611.I7555 W37 2013","0","0"
"PQ7392.P4387 N35 2013","0","0"
"PQ7392.R85 E88 2013","0","0"
"PQ4873.A42 M364 2014","0","0"
"PQ4331.5 .C668 2012","1","0"
"PQ7390.V375 P35 2013","1","0"
"PQ7390.F426 J84 2013","1","0"
"PM6082.Z77 C37 2013","1","0"
"PR6101.L444 S22 2014","0","0"
"PG3347 .A2 2014","1","0"
"TX716.Y83 S74 2014","3","0"
"F2679.2.M34 B64 2012","2","0"
"BL820.P7 A5313 2014","3","0"
"HD1698.P182 H35 2013","3","0"
"HB172.5 .M68 2014","2","0"
"JC153.H66 E87 2014","1","1"
"KF4754.5 .F73 2014","2","0"
"KZ6718 .S53 2014","0","0"
"E99.M6815 R34 2014","0","0"
"HQ535 .H37 2014","1","1"
"HC79.E5 C445 2013","0","0"
"JZ6385 .C39 2014","0","0"
"HM741 .M59 2014","5","1"
"E99.P6 W55 2014","0","0"
"JK468.P64 B724 2014","0","2"
"HQ766 .S87645 2013","2","0"
"HM851 .T44 2014","0","0"
"LB3325.C5 T49 2014","1","0"
"QC903 .B87 2014","5","0"
"HQ799.2.P6 Y656 2014","2","0"
"PQ7298.416.L687 T53 2013","0","0"
"PQ7298.29.A41485 G35 2011","1","0"
"PQ7298.423.U74 S63 2012","0","0"
"GV943.9.F35 D86 2014","1","1"
"GV706.5 .S66 2014","1","0"
"GV583 .M28 2015","0","0"
"GE70 .T69 2013","0","0"
"PQ7298.429.O787 P37 2012","0","0"
"DR427 .S835 2013","0","1"
"PR6037.P29 A6 2014","0","0"
"DS796.S243 S536 2013","0","0"
"GR111.A75 A8 2014","2","0"
"HT243.U6 B359 2014","2","0"
"HE9762 .A375 2006 v.4","3","0"
"HM851 .R67 2014","4","0"
"JC328.7 .H679 2014","0","0"
"GT1100 .F37 2014","2","0"
"JS3000 .F57 2014","0","0"
"HD4854 .P5388 2014","1","0"
"JZ1318 .L3578 2014","0","0"
"G530.J37 S53 2014","11","0"
"HD2755.5 .I58 2014","0","0"
"LB2338 .L37 2014","0","0"
"KF9730 .S56 2014","3","1"
"JQ1510 .B76 2014","0","0"
"HT690.C55 T73 2014","3","0"
"JC233.M299 R83 2014","0","1"
"HG173 .F726 2014","0","0"
"HC412 .P5993 2014","0","0"
"HG230.3 .R63 2014","0","0"
"HM701 .R68 2012","0","1"
"HD1691 .Z54 2014","0","0"
"H61.15 .R64 2014","0","0"
"JZ1308 .L66 2014","1","0"
"HN59.2 .D84 2014","3","0"
"HM571 .R47 2014","0","0"
"HF5549.5.R44 J64 2014","0","0"
"HD8081.A5 M57 2014","2","0"
"HD7391 .A44 2014","2","0"
"HD8039.R12 U696 2014","2","0"
"LA217.2 .S355 2014","1","1"
"KMK1750 .N382 2014","0","0"
"KGL5548 .O27 2014","1","0"
"LB2322.2 .K55 2015","2","0"
"JA66 .D53 2014","0","0"
"HN28 .R87 2015","1","1"
"LB2332.3 .D83 2014","1","0"
"LC1201 .M85 2014","0","0"
"BF432.5.W424 R35 2014","5","0"
"JZ5588 .B883 2014","1","1"
"HT166 .E97 2014","3","0"
"HQ734 .R117 2014","0","0"
"HG187.C6 F566 2014","0","2"
"BF173 .S5763 2015","1","0"
"JZ5584.L29 I57 2013","0","0"
"JC143.M4 B575 2014","1","0"
"P118 .M396 2014","0","0"
"HN90.R3 B76 2014","0","0"
"HB139 .A73 2014","1","1"
"HG179 .N324 2014","3","1"
"JZ5584.C7 S65 2013","1","0"
"LB2331.63 .S97 2014","0","0"
"HJ4120.U55 A53 2014","0","0"
"GN395 .C658 2014","5","0"
"PS3604.A376 D368 2014","0","0"
"PS3608.A8614 T66 2014","0","0"
"E99.C5 R33 2010","0","1"
"E99.C5 R33 2010","0","1"
"E99.C5 R33 2010","0","1"
"E99.C5 R33 2010","0","1"
"E99.C5 R33 2010","0","1"
"PS3602.R363 S6 2014","1","0"
"PQ7276 .S59 2013","0","0"
"PS3602.R363 S24 2012b","0","0"
"PQ7298.29.A463 A83 2013","0","0"
"F3310 .G37 2014","2","0"
"PS3557.O424 G3 1983","1","0"
"PS3553.O5155 E93 2000","2","0"
"DT554.83.W855 A3 2012","0","0"
"PQ7298.432.A979 D53 2013","1","0"
"NA9170.B6 A37 2011","0","0"
"GR133.C7 M67 2011","1","0"
"DK4600.P775 P76 2014","0","0"
"GE320.B5 M67 2010","0","0"
"PQ9523.B57 A98 2011","1","0"
"PA6156 .T25 2006","3","0"
"HG5837.A3 S29 2011","1","0"
"PN6099 .M986 2014","0","0"
"DT156.7 .T344 2012","0","0"
"PQ4283.A4 V47 2014","0","0"
"PS3515.A9877 A6 2014","0","0"
"DA916.3.F58 A87 2014","1","0"
"PR5366 .A462 2014","0","0"
"DS632.M4 S56 2014","0","0"
"E855 .H83 2014","0","0"
"F67.H982 H88 2014","0","0"
"DS269.A75 Y24 2014","2","0"
"F75.A1 K67 2014","2","0"
"DA965.A49 F73 2014","0","0"
"PS3601.P67 G74 2014","0","0"
"B2792 .K36 2014","1","0"
"BX2435 .M65 2014","2","0"
"PR9619.3.C35 A3 2013","1","0"
"BR1642.M6 N88 2014","0","0"
"BL2015.P57 C44 2014","1","0"
"BQ5612 .S535 2014","4","0"
"PQ8098.12.O38 Z55 2014","0","1"
"BQ8720 .C55 2014","1","0"
"BX4705.C7788 A36 2014","0","0"
"BQ8920 .S56 2014","2","0"
"PS3511.I9 T36 2014","0","0"
"DG508.5 .V58 2014","0","0"
"PG3026.E98 W45 2014","0","0"
"D767.2 .P47 2014","5","4"
"AC8 .P658 2014","0","0"
"BS2397 .B49 2014","4","0"
"BQ6160.I4 S373 2014","1","0"
"E185.97.K5 K37 2014","1","0"
"PS3612.E338 A6 2012","0","0"
"DS559.8.S6 K54 2014","3","0"
"F1035.A1 F67 2014","0","0"
"DS571 .P26 2014","3","1"
"PS3569.M537914 A6 2014","0","0"
"B105.A55 W56 2014","1","1"
"BT695.5 .Y675 2014","2","0"
"D781 .B47 2014","2","1"
"PQ6085 .S55 2014","1","0"
"DS522.2 .C68 2014","0","0"
"PN85 .F794 1997","0","0"
"BL2525 .R4565 2014","5","0"
"HQ76.3.U5 R633 2014","5","0"
"DS559.5 .S395 2014","0","0"
"PR6063.A79 K63 2014","0","0"
"DT31 .S85 2012","1","0"
"PJ5055.12.G5938 Y3 2014","0","0"
"DT159.9.O43 I74 2009","1","0"
"DT554.57 .M87 2000","1","0"
"PJ5055.17.L82 M34 2014","0","0"
"PS3569.M5376 Z54 2014","3","1"
"DS126.6.M39 A3 2014","0","0"
"PJ8310 .S575 2010","0","0"
"PJ5055.4.A94 B4 2014","1","0"
"PR9199.3.M4237 P35 2014","1","0"
"PQ4730.P78 Z93 2014","0","0"
"PT2553.W47 D66 2014","0","0"
"DB36.1 .H23 2012","0","0"
"PS3552.R236 A66 2014","0","0"
"PM5468.2 .G84 2013","0","0"
"HD2346.B6 T27 2012","0","0"
"F3327 .Q578 2013","0","0"
"PS3570.H453 N6 2014","1","0"
"PS3570.H453 J84 2014","0","0"
"PQ7079.3.L49 P54 2013","0","0"
"PM6082 .P47 2013","0","0"
"PQ7820.M548 Z85 2013","0","0"
"PQ2672.A966 T36 2013","0","0"
"PR9450.9 .G86 2014","0","0"
"PK7065.D2 P474 2013","0","0"
"PQ7298.418.A24 Y2 2013","0","0"
"PJ5055.26.L524 A78 2014","1","0"
"PN4400 .E68 2014","0","0"
"PJ5054.B324 E44 2014","0","0"
"GT3250 .K37 2013","0","0"
"BP130.4 .R24 2011","0","1"
"BP130.4 .R24 2011","0","0"
"DS135.G4 L694 2014","0","0"
"PJ5055.22.U55 L4 2014","0","0"
"PQ7298.432.A53 P74 2013","0","0"
"PR9510.9.R26 H84 2010","0","0"
"DS37.2 .T36 2012","0","0"
"PJ5055.21.L47 O85 2013","0","0"
"PQ7276 .H68 2014","0","0"
"DT103 .I27 2012","0","0"
"PQ7298.422.E552 T54 2013","0","0"
"PJ5055.5.E4284 Y35 2014","0","0"
"F2510 .S49 2012","0","0"
"PQ7390.R534 E88 2013","0","0"
"HC183.C6 C634 2014","0","0"
"PN4193.P6 A23 2012","0","0"
"F1789.S7 F727 2013","0","0"
"F3320.1.G6 C66 2012","0","0"
"PJ7510 .A418 2011","0","0"
"PJ7507 .S56 2011","0","0"
"HN273.5 .L3724 2013","1","0"
"BP136.48 .I24 2009","0","0"
"HT1126 .G84 2012","0","0"
"KRM3036.5.D45 S45 2011","0","0"
"DR432 .B37 2014","0","0"
"BP191 .I2 2009","0","0"
"PJ7924.U233 M46 2012","0","0"
"PQ2436 .D494 2014","0","0"
"Z701.3.D54 D544 2014","0","0"
"PT2642.R22 Z758 2013","0","0"
"HQ1137.A355 A53 2013","0","0"
"DT107.6 .Q26 2011","0","0"
"PQ7392.M36465 V47 2013","0","0"
"PQ7386 .C6645 2013","0","0"
"HQ1236.5.A65 K43 2005","0","0"
"K3241 .T37 2009","0","0"
"PJ5055.34.A873 S54 2014","0","0"
"TX725.T8 S698 2008","1","0"
"PJ5054.L3155 A83 2013","0","0"
"DR479.M54 A538 2012","1","0"
"PJ5055.23.A315 K67 2014","0","0"
"HQ18.E852 S49 2005","4","0"
"PQ7392.E24 N67 2013","0","0"
"PQ6257 .R456 2006","2","0"
"PJ5055.28.R39 A75 2012","0","0"
"PQ8098.423.U55 Y6 2013","0","0"
"HQ1665.7 .K459 2008","1","0"
"QC903.2.B5 C363 2013","0","0"
"PJ5054.K326 M35 2014","0","0"
"HC192 .D45 2014","0","0"
"PQ7298.25.J43 B35 2013","0","0"
"HM671 .E43 2014","0","0"
"PQ9698.412.E77 A794 2011","0","0"
"PQ7298.428.I9378 A86 2013","1","0"
"F1419.N4 M37 2013","0","0"
"PJ5055.34.E57 M37 2013","1","0"
"RC281.C4 S46 2013","0","0"
"DJK49 .L68 2014","0","0"
"HJ7046 .A59 2012","1","0"
"HV6773.3.I4 T93 2013","1","0"
"PK423 .S26 2013","1","0"
"HV800.I52 H37 2013","1","0"
"HQ1236.5.B5 S83 2013","1","0"
"PQ7298.23.E538 Z545 2013","0","0"
"RS165.C5 S45 2013","0","0"
"HM1236 .M437 2012","0","0"
"HG5352 .A844 2012","0","0"
"PQ9607.A46 G36 2013","0","0"
"DT107.8 .H55 2011","0","0"
"PN56.3.I6 O45 2013","1","0"
"DT199 .B555 2012","1","0"
"DT295.652.N34 T39 2011","1","0"
"DT107.87 .H396 2012","0","0"
"PR6069.W37 G66 2014","1","0"
"BP80.A1915 S855 2011","0","0"
"P306.8.S7 D38 2012","0","0"
"HV887.E3 S55 2011","0","0"
"BR1608.N2 M37 2014","0","0"
"PJ7846.A46 K4836 2008","1","0"
"PJ7846.A46 Z557677 2012","1","1"
"PQ4867.O43 R58 2014","0","0"
"P90 .W618 2015","0","0"
"PJ7828.F483 N64 2012","0","0"
"P90 .W618 2015","0","0"
"PR6061.E32 M94 2014","1","0"
"PQ4922.A44 V65 2014","0","0"
"PJ7826.H232 A3 2013","0","0"
"PQ4862.A6735 S25 2014","0","0"
"PA3026 .A58 2014","0","0"
"HM131 .R46 v. 41","1","0"
"KPG41.A58 .P39 2012","0","0"
"PN1998.3.K87 S85 2014","0","0"
"PA6411 .H28 2014","1","0"
"PL5139.A7155 E34 2012","0","0"
"PJ5077 .A95 2008","2","0"
"PJ5077 .A95 2008","1","0"
"PJ5077 .A95 2008","1","0"
"PQ4902.A33 Z46 2014","0","0"
"HD850.Z63 K64 2012","1","0"
"DS115 .D58 2014","0","0"
"PQ673 .B52 2012","0","0"
"HN652.5 .S638 2012","0","0"
"PQ4634.S226 R67 2013","0","0"
"HC445.5 .N4165 2013","0","0"
"DS597.215.F37 S95 2012","0","0"
"PT553 .V66 2014","0","0"
"DT107.87 .D338 2012","1","0"
"PQ2673.I454 Z46 2014","0","0"
"PQ4923.E24 S46 2014","0","0"
"PQ2613.I2 Z6157 2014","0","0"
"DK4252 .P64 2013","0","0"
"DT107.828.A235 A612 2010","1","0"
"PR9797.M35 R422 2011","0","0"
"PR9797.M35 R422 2011","0","0"
"PQ4863.O423 V65 2014","0","0"
"PQ4863.U217 M35 2013","0","0"
"PT1231.A5 D24 2013","0","0"
"HM131 .R46 v. 42","0","0"
"DT107.828.I263 A827 2011","0","0"
"DS480.853 .G87 2013","0","0"
"DS485.P87 G36 2013","1","0"
"PR9499.4.S93 A43 2014","0","0"
"PS3606.E3866 A78 2014","1","0"
"PN54 .D53 2014","2","0"
"PS3603.A78 B33 2014","1","0"
"CT275.T6416 A3 2014","1","0"
"PR6113.C4775 B66 2014","2","0"
"DA566.7 .B667 2014","1","0"
"F2169 .T44 2014","0","0"
"E887 .H35 2014","1","0"
"PR6039.O32 Z62285 2014","1","0"
"DS54.8 .R36 2014","0","0"
"PS3563.E944 D57 2014","0","1"
"DS80.55.D78 H39 2014","0","0"
"DC718.A44 R64 2014","0","0"
"DS371.33.A99 M84 2014","1","0"
"BS2555.52 .T835 2014","0","0"
"PS3620.H787 G57 2014","5","0"
"DS843 .A335 2015","1","0"
"PS3613.A36 H85 2014","8","1"
"PT8951.16.O735 J4413 2014","3","0"
"DT658.22 .K46 2014","0","0"
"PS3572.A473 Z66 2014","5","0"
"BM755.L33 W45 2013","0","0"
"PS3618.O85557 L37 2014","2","0"
"PS3557.O669 L63 2014","2","0"
"PS3535.O787 M47 2014","1","0"
"PR260 .M53 2014","2","0"
"E860 .D385 2014","3","0"
"U31 .O84 2014","2","0"
"NA109.I7 H45 2014","0","0"
"BL619.P5 P533 2014","0","0"
"PR9489.6 .M46 2014","0","0"
"DT2996 .B73 2014","0","0"
"PS3603.O5322 P73 2014","1","0"
"DA685.P75 S54 2013","0","0"
"DG811 .R625 2014","2","0"
"PS2066 .W35 2014","0","0"
"DS244.63 .T46 2014","1","0"
"PR461 .W37 2014","0","0"
"PS3610.A356415 S57 2014","6","0"
"BS2555.52 .K56 2014","12","0"
"BX8129.C69 Y63 2014","0","0"
"PS3619.W48 T66 2014","2","0"
"DE94 .J33 2014","0","1"
"BP135.A2 N334 2014","3","0"
"B2430.D454 U53 2014","3","0"
"E661 .W65 2014","0","0"
"PS3558.I2297 U59 2014","0","0"
"PS508.N3 V65 2014","6","0"
"D521 .P475 2014","3","0"
"DF787.T8 W54 2014","1","0"
"DA125.S57 W75 2014","0","0"
"E184.K6 Y76 2014","3","0"
"E176 .U43 2014","0","0"
"PQ4829.O62 A6313 2014","0","0"
"PR9199.3.A176 A67 2014","0","0"
"PR9199.3.M472 A45 2014","0","0"
"F1410 .P787 2013","1","0"
"PN56.T5 N69 2014","0","0"
"BS1245.52 .K87 2013","1","0"
"PS3620.I87 A89 2014","0","0"
"PS3619.O3736 B46 2014","1","0"
"PS3619.A394 A6 2014","0","0"
"PS3569.I5747 B47 2014","1","0"
"PR111 .G73 2014","0","0"
"PS3612.Y32 B56 2014","1","1"
"D21.3 .B67 2014","5","2"
"PS3562.O218 B79 2014","0","0"
"DA589.8 .B58 2015","0","1"
"PR9199.4.A9845 B76 2014","0","0"
"BT265.3 .M33 2014","1","0"
"BT60 .C49 2015","0","0"
"PN1042 .C86 2014","0","1"
"E895 .G74 2014","3","0"
"PQ8097.G6 D413 2014","0","1"
"BL715 .M38 2014","3","0"
"PS3607.E566 D54 2014","1","0"
"BS635.3 .B39 2014","3","0"
"PR6057.E515 D8 2013","1","0"
"HQ1233 .M53 2014","6","0"
"PS3611.E43 E47 2014","0","0"
"PE1498 .E55 2014","0","0"
"PN2071.A92 J64 2013","1","1"
"DD247.H5 R67 2014","5","0"
"PR9199.4.S536 F35 2014","1","0"
"BT50 .F346 2014","1","0"
"DC59.8.I73 F73 2014","0","0"
"HQ1155 .V35 2014","8","0"
"PJ7914.L586 A2 2013","2","0"
"P96.S5 R53 2014","6","0"
"PS3558.I356 Z63 2014","0","0"
"HQ146.A98 Z46 2014","0","0"
"PS3515.E37 Z584626 2014","1","0"
"PR9199.4.M32257 H57 2013","0","0"
"F1436.7 .D35 2013","0","0"
"PL853.K33 A2 2014","1","0"
"PS591.G38 J69 2014","0","0"
"BX4700.D77 H84 2014","1","0"
"BS2545.L3 S69 2014","0","0"
"PL871.E54 A2 2014","0","1"
"PR9619.4.C46 L66 2014","0","0"
"BM602 .V45 2013","0","0"
"D157 .C474 2014","6","0"
"PN3448.D4 M958 2014","1","0"
"PR6073.A9273 A6 2013","1","0"
"PG1039.36.A35 Z46 2014","0","0"
"PS3606.E3883 N63 2014","1","0"
"PN2748.C38 A3 2014","0","0"
"PN1590.A9 H55 2014","1","0"
"PS3569.P674 P57 2014","1","0"
"HQ76.3.U52 W182 2015","1","0"
"PQ3959.D3 Z776 2014","0","0"
"DK263 .R87 2013","1","1"
"PR9199.4.C87 S36 2014","0","0"
"BR516 .L87 2014","0","0"
"PR9199.4.A9845 S48 2014","0","0"
"PS3619.T23265 S64 2014","0","0"
"PN1771 .S74 2014","0","0"
"PR9199.4.K368 S76 2014","0","0"
"BT732.7 .R525 2014","1","0"
"PR9199.3.M6 T35 2014","1","0"
"PS3573.A4769 A6 2014","1","0"
"PR9199.3.M452 T47 2014","0","0"
"PA5130.T4 A56 2011","0","0"
"PR9199.3.A558 T44 2014","0","0"
"PN2071.G4 I4513 2014","2","0"
"B3376.W563 T7313 2014","6","0"
"PS3561.A5577 A6 2014","0","0"
"PT2603.E455 Z693 2014","4","0"
"BR65.A9 K395 2014","1","0"
"PR9619.3.G58 W57 2013","0","0"
"BT30.I5 R48 2013","0","0"
"HN690.Z9 C6 2013","0","0"
"DS480.842 .K33 2013","1","0"
"JA66 .S87 2014","0","0"
"DS384 .K75 2013","0","0"
"DG62 .F38 2014","0","0"
"DS432.M35 Y33 2013","0","0"
"PN5378.B52 T43 2014","0","0"
"B5134.M65 B63 2013","0","0"
"PQ4901.R75 P47 2014","1","0"
"BL1147 .C35 2013","0","0"
"RC265.6.S256 S68 2013","0","0"
"DS486.M2 L35 2013","0","0"
"HD5718.C65222 I46 2013","0","0"
"DS450.S72 L66 2013","0","0"
"DS449 .C43 2008","0","0"
"DT157.5 .N33 2010","1","0"
"DS480.84 .P265 2013","0","0"
"PQ6503.B3 T35 2014","1","0"
"PR13 .E4 n.s., v. 67","0","0"
"GE160.I4 E58 2010","0","0"
"PK2418.D577 D47 2012","0","0"
"DP215 .R36 2014","1","0"
"PQ6337 .F84 2014","2","0"
"BR115.T42 S53 2014","2","0"
"PR9499.4.T43 E44 2012","0","0"
"PQ9469.2.D37 B67 2013","0","0"
"PR9499.4.T43 M84 2012","0","0"
"PR6063.O483 T74 2013","1","0"
"PS3602.E274 I32 2014","0","0"
"DG583.5 .F87 2014","1","0"
"JZ5675 .L45 2013","0","0"
"PJ7862.A55718 Z53 2011","0","0"
"BS680.P4 S77 2014","1","0"
"UA840 .C43 2013","0","0"
"PS3603.O5635 T56 2014","0","0"
"PS3602.E7555 W66 2014","1","0"
"PA8477.B877 A58 2013","0","0"
"PQ4841.C482 V56 2014","0","0"
"DS135.E55 S348 2014","0","0"
"PR9199.3.T74 B66 2014","0","0"
"PS3553.H15 Z66 2012","2","0"
"E169.Z8 S8337 2012","1","0"
"PE131 .H644 2012","1","0"
"F279.C457 L66 2014","0","0"
"PJ7862.A564 M26 2010","1","0"
"HT917.M4 L65 2013","0","0"
"PM6082.Z77 D46 2013","0","0"
"PJ7542.W3 S53 2011","1","0"
"KHD3813 .C37 2013","0","0"
"PQ8498.13.H87 Z745 2013","0","1"
"DD240 .M46 2013","0","0"
"DP302.C68 T674 2013","1","0"
"JC421 .S328 2013","0","0"
"DG223.7.P67 P68 2014","2","0"
"F1419.C3 L66 2013","0","0"
"DT16.B58 G84 2010","0","0"
"PJ7832.U859 Z53 2011","1","0"
"D640.A2 M63 2014","0","0"
"BT1103 .S57 2014","1","0"
"PS3613.A766 F57 2014","0","0"
"PS3612.U84 D47 2013","3","0"
"PQ7298.35.E5 R43 2012","0","0"
"PQ7298.423.I722 A6 2013","0","0"
"PJ7846.U288 Z84 2012","0","0"
"PA3341 .C674 2008","0","0"
"PQ7298.41.N368 O5 2012","1","0"
"PQ7298.419.C39 A85 2012","1","0"
"PQ7298.422.A72358 D57 2012","0","0"
"PQ7298.429.A39 E53 2012","0","0"
"BP178 .K45 1990","1","0"
"HC440.P6 K43 2013","0","0"
"PQ7298.1.L92 Z845 2013","0","0"
"HM585 .J35 2013","0","0"
"PQ7291.C52 I34 2010","0","0"
"BJ1291 .K46 1998","1","0"
"GN635.I4 T75 2013","0","0"
"PK6561 .B3 2012","1","0"
"PN710 .C267 2014","0","0"
"BP182 .I84 2013","0","0"
"DS485.B4512 G46 2013","0","0"
"HM683 .N38 2011","0","0"
"HD6250.I43 K48 2013","0","0"
"HD6054.2.I4 W66 2013","0","0"
"DS481.G2 F47 2013","0","0"
"DS450.P35 G855 2009","0","0"
"PA4276 .K78 2014","4","0"
"PN1997.2.S28 S28 2013","0","0"
"PR9499.4.D44 P37 2013","0","0"
"PN1995.3 .W67 2013","0","0"
"DS481.B6 C57 2013","0","0"
"BF632 .G38 2013","1","0"
"HC437.I5 P83 2013","0","0"
"PR9499.4.P35 S66 2012","0","0"
"PB1399.D39 A2 2014","0","0"
"DS422.C3 W35 2013","1","0"
"GV1785.D46 B33 2013","0","0"
"BP130.4 .N35 2013","1","0"
"HX391.5 .G57 2013","0","0"
"HQ1064.I4 S73 2013","0","0"
"B5134.G42 B37 2011","0","0"
"GN855.M65 A48 2013","0","0"
"BP188.9 .S94 1996","0","0"
"BV1609 .S66 2009","1","1"
"BP173.J8 D36 2014","0","0"
"BP134.S3 G85125 2008","0","0"
"PQ7298.14.E5 R44 2013","0","0"
"PS3569.I4725 M66 2008","0","0"
"DS924.T655 T66 2013","0","0"
"BP365 .K37 1965","1","0"
"HT720 .H37 2014","0","0"
"PQ7297.R386 Z56 2013","1","0"
"PQ7298.15.S6357 D46 2011","0","0"
"UG635.I4 J37 2013","0","0"
"DS913.37 .T66 2013","0","0"
"PQ2663.A8473 R37 2013","0","0"
"DS731.K6 S53164 2013","0","0"
"JZ1737.A55 I53 2013","0","0"
"PQ9698.24.E64 B3618 2012","0","0"
"DS318.81 .K868 2011","0","0"
"HC440.C3 M57 2013","1","0"
"PQ4903.U83 N68 2014","0","0"
"PR6119.K54 L54 2013","0","0"
"DS422.C3 L54 2013","1","1"
"HF5415.5 .K8636 2013","0","0"
"PQ4902.I12 D38 2014","1","0"
"HG295.I4 M65 2014","0","0"
"DS56 .I56 2012","3","0"
"DS56 .I56 2012","0","0"
"DS56 .I56 2012","0","0"
"HD8686 .P65 2011","0","0"
"F1760 .A583 2013","1","0"
"PQ4873.U99 R53 2014","0","0"
"PQ7298.428.A469 I53 2012","1","0"
"PQ2668.E657 B48 2014","0","0"
"BL1138.27 .L353 2013","1","0"
"PQ2702.O86 N68 2014","0","0"
"JQ220.S8 S56 2013","1","0"
"BL1238.52 .K86 2013","1","1"
"KBP440.65 .P57 2013","0","0"
"DX115 .R47 2014","0","0"
"DC715 .V57 2014","1","0"
"BM645.P64 N5713 2013","1","0"
"DS450.C6 D37 2013","0","0"
"HD45 .S54 2013","0","0"
"RG133.5 .Q2 2010","1","0"
"B5073.K56 K48 2013","0","0"
"DC430 .H33 2014","0","0"
"CS629.W552 H47 2013","0","0"
"HC440.E44 M36 2010","0","0"
"PS3551.T49 F67 2014","3","0"
"DC59.8.E39 F38 2014","0","0"
"PR9199.3.B4164 I58 2014","1","0"
"DC33.9 .B67 2014","1","0"
"PR6073.R52 O54 2014","0","0"
"PQ3919.3.M39 M4713 2014","0","0"
"BP189.4 .H54 1937","2","0"
"DC203 .B74 2014","0","0"
"PN56.I64 P74 2014","1","0"
"PN1892 .D483 2014","0","0"
"BR115.A8 V54 2014","1","0"
"BJ1725 .S83 2015","1","0"
"BJ1725 .S83 2015","2","0"
"PS3565.B75 J85 2014","4","0"
"PS3601.R745 W53 2014","2","0"
"PG3286 .M67 2013","0","0"
"PR6056.Y47 G65 2014","2","0"
"PR9199.4.M555 M67 2014","0","0"
"PQ7798.29.A314 P3613 2014","1","0"
"PS3563.U397 N54 2014","1","0"
"PR6113.O94 O54 2014","9","0"
"PN3169.G32 D74 2014","0","0"
"PR6123.I575 C37 2014","6","0"
"PS3561.O55 C58 2014","0","0"
"DS910.2.J3 I43 2013","0","0"
"DA415 .L57 2014","1","1"
"CR782 .T34 2008","0","0"
"DS924.U45 U45 2012","0","0"
"PG3415.R4 O8","3","0"
"PG3415.R4 P6","3","0"
"PG3415.P5 I8","4","0"
"PQ6352 .C378 2013","0","0"
"BJ1409.5 .K73 2011","0","0"
"DP233.5 .I58 2014","0","0"
"DS38.2 .M85 2010a","0","0"
"PQ7298.412.E49 C83 2014","1","0"
"PK6495.K55 T84 2009","1","0"
"PQ6656.O43 H67 2013","0","0"
"BJ1012 .S34 1992","3","0"
"PE1408 .V48 2006","0","0"
"HN90.M3 K46 2011","1","2"
"DS318.825 .F39 2008","1","0"
"DS318.825 .F39 2008","0","0"
"HD9114.B74 E54 2012","0","0"
"PL8381 .R67 2013","0","0"
"BP166.94 .I84 2013","0","0"
"G87.P9 R56 2013","0","1"
"HA1107 .B97 2014","0","0"
"BP88.G43 A2 2009","2","0"
"HB3562.L3 E53 2011","0","0"
"F3091 .D87 2013","0","0"
"DS262.J57 H36 2008","0","0"
"F2659.J5 P58 2012","0","0"
"HC167.A5 C656 2011","0","0"
"BS1515.52 .O89 2014","2","0"
"D767.92 .A795 2001","1","1"
"F1221.N3 C663 2009","1","0"
"PS3616.L866 B36 2007","0","0"
"PR9199.3.O98 D475 2014","0","0"
"F249.H2 M695 2008","1","0"
"F1221.N3 C6632 2012","1","0"
"PQ1799.G8 S68 2014","1","0"
"PQ8497.V35 Z616 2011","1","0"
"F1221.N3 C6633 2012","1","0"
"LB3013 .W382 2003","2","0"
"PR9199.3.B44 Z48 2014","1","0"
"CS857.D65 K66872 2014","1","0"
"CS857.D65 K668722 2014","1","0"
"PM4068.9.F56 T53 2012","1","0"
"PM4068.9.F56 T525 2012","1","0"
"PG3410 .S87","3","0"
"B753.S234 S239 2013","0","0"
"BL1215.C76 H56 2013","0","0"
"PK6413 .K372 2013b","0","0"
"GE42 .E58 2012","0","1"
"B132.V3 Y64 2013","1","0"
"JC571 .D43 2013","0","1"
"BP80.K49275 A38 1984","0","0"
"HG3284 .D33 2013","0","0"
"BL625 .I58 2011","0","0"
"HF5813.I4 R36 2013","0","0"
"HD2346.I4 I54 2013","0","0"
"PM4068.9.F56 T525 2012","1","0"
"DS481.M785 A32 2013","0","0"
"HB2099 .M34 2013","0","0"
"U43.I4 D37 2013","1","0"
"PG7158.S2942 S345 2012","0","0"
"PR9499.4.D37 O84 2013","0","0"
"PN2888.B43 B35 2013","0","0"
"DS316.32 .L35 2013","0","0"
"DS481.A93 I85 2014","0","0"
"DS486.B7 F45 2013","0","1"
"PG3337.L42 L47 2014","0","0"
"DS432.B25 H65 2013","0","0"
"PK2200.F333 K3513 2013","1","0"
"PK2418.G616 T9313 2013","0","0"
"PQ4866.O43 B666 2014","0","0"
"DS486.D8 T75 2013","0","0"
"PG5039.23.E7 Z468 2014","0","0"
"PQ4259 .N68 2011","0","0"
"PT8119 .B526 2014","0","0"
"PR4036 .H89 2013","0","0"
"PR6103.L54 H57 2014","0","1"
"BP605.R33 S575 2013","1","0"
"PN6727.U55 L46 2014","2","0"
"DS779.49.Z468 Z86 2014","2","0"
"HQ1742 .A27 2013","0","0"
"D116.7.I26 A43 2013","2","0"
"DS779.48 .L86 2014","2","0"
"DS480.853 .R355 2013","1","0"
"PQ4259 .G78 2014","0","0"
"PQ2663.E69 M66 2014","0","0"
"PK6549.S44 G8357 2013","1","0"
"G540 .B26 2014","2","0"
"DS779.46 .W369 2014","2","0"
"PN2287.R55 A3 2014","4","0"
"PS3604.O3419 W57 2014","0","0"
"DS316.9.M34 A3 2013","1","0"
"PR6058.A72 O73 2014","1","0"
"JQ1509.5.C6 Z467 2014","0","0"
"PS3608.E7687 M36 2014","1","0"
"NA9050 .M48 2013","0","0"
"PK6420.W35 F354 2013","1","0"
"DP302.C4 S76 2014","0","1"
"NK3840 .P69 2014","4","0"
"PG5039.26.R6336 B55 2014","0","0"
"PL2976.M36 Y34 2013","0","0"
"DS432.B456 C43 2013","0","0"
"B131 .R3335 2013","0","0"
"PR6057.A639 B4 1998","4","0"
"PN6231.E295 S83 2013","0","0"
"HD5710.85.I4 S55 2013","0","0"
"JQ1509.5.C6 C43 2014","2","3"
"NA1033.P7 B66 2014","0","0"
"PR9499.3.A465 T86 2013","0","0"
"DS485.K25 J33 2013","3","0"
"PR701 .C43 2013","0","0"
"RC48 .M85 2013","1","2"
"PQ2665.N55 F33 2014","0","0"
"HQ1236.5.I4 S53 2013","0","0"
"PR6053.O115 T86 2014","0","1"
"PG5039.12.O63 P68 2013","0","0"
"U43.I5 B37 2014","1","0"
"PQ3989.2.B63 P74 2014","0","0"
"PQ2666.O78 C44 2014","0","0"
"GT2130 .F54 2012","0","1"
"DS448 .F595 2013","0","0"
"DA591.J46 C35 2014","0","0"
"PR6106.O78 S53 2014","0","0"
"LF4695 .P74 2012","1","0"
"VA68.G8 G66 2013","0","0"
"HN110.5.A8 S265 2013","1","0"
"F3327 .M57 2013","0","0"
"BP166.3 .A728 2013","0","0"
"PQ6601.T4 I55 2014","0","0"
"PK6546 .M87 2013","0","0"
"PQ8497.A65 Z525 2013","0","0"
"GT4874.A2 G85 2012","1","0"
"PK6409 .H37 2011","0","0"
"HN350.Z9 C68 2012","0","0"
"DS324.G5 S255 2011","1","0"
"BH301.L3 J845 2014","0","0"
"PQ4866.O74 V63 2014","0","0"
"GA1123.3.A1 P35 2013","1","0"
"BD435 .J84 2011","0","0"
"UG743 .C43 2013","0","0"
"PQ1979 .S69 2012","0","0"
"DS313 .F37 2007","0","0"
"PQ2673.I188 E67 2013","0","0"
"B2137 .S73 2012","0","0"
"KNQ2370 .W44 2014","0","0"
"PN5084.L56 M665 2013","0","0"
"PQ3949.3.C488 R33 2014","0","0"
"F3619.B55 V354 2013","0","0"
"PR6101.L47 B74 2014","1","0"
"HN110.5.A8 A397 2014","0","1"
"JN30 .M53514 2012","0","0"
"PQ8098.26.O163 E87 2014","0","0"
"KHC2202 .A987 2012","0","0"
"DA566.9.C5 R649 2014","0","0"
"DB2040 .K275 2013","0","0"
"PS3563.U7635 T45 2014","3","0"
"PQ7392.C694 C38 2013","0","0"
"PS2384.B7 R49 2011","0","0"
"LC32 .V65 2011","0","0"
"PK2903 .S87 2013","0","0"
"PN5053.L67 M37 2011","0","0"
"Z658.B7 A73 2013","0","0"
"KJP5607.A31992 G47 2013","0","0"
"BP10.J386 L44 2013","2","0"
"DC20.3 .M44 2012","0","0"
"LB2343 .S87 2013","0","0"
"HC427.95 .L256 2014","1","0"
"HV9069 .M395 2014","0","0"
"PR2977 .M37 2012","0","0"
"PL3032.H62 X462 2011","0","0"
"LB2336 .S8645 2013","1","0"
"PL2837.E35 Z9358 2013","1","0"
"DS485.G882 M6344 2014","0","0"
"DS461 .K35 2013","0","0"
"PQ8180.417.U85 D66 2012","0","0"
"LF1545 .J274 2014","1","0"
"DS485.G26 H87 2013","0","0"
"PQ8098.41.L26 C34 2014","0","0"
"LE36.S34 R63 2013","1","0"
"DS485.B49 B31313 2013","0","0"
"F2631 .B27 2011","0","0"
"HN18 .P38 2013","0","0"
"PR9499.4.B494 L66 2013","0","0"
"PK1569.S3156 O53 2013","0","0"
"PN989.I5 H37 2013","0","0"
"PR6118.O2324 M68 2014","0","0"
"PQ2191.Z5 B66 2011","0","1"
"HN690.A5 R87 2012","0","0"
"DS480.84 .I6133 2013","0","0"
"PN2888.U88 M85 2013","0","0"
"PR6107.A735 I59 2013","0","0"
"DS480.85 .D367 2013","0","1"
"PK6561.A4 S3 2009","0","1"
"BL1214.72 .M35 2013","1","0"
"BT303.2 .C3653 2014","11","0"
"HQ1742.5.J35 P73 2013","0","0"
"PR9499.4.K756 N49 2013","0","0"
"PK6561.A4 R3 2008","0","0"
"PK6561.A4 M8 2007","0","0"
"PK6561.A223 A3 2013","0","0"
"DK169.C44 A54 2013","0","0"
"JQ1850.A58 R44 2014","1","0"
"DS135.F85 L456 2014","5","0"
"CD1875.N3 C37 2013","0","0"
"PR6110.E78 B66 2014","0","0"
"TR647 .B877  2014","0","0"
"BT83.597 .T46 2014","0","1"
"PN701 .L58 2014","0","0"
"D810.P7 G3322 2014","0","0"
"BP133 .H374 2007","0","0"
"BP133 .H374 2007","0","0"
"BP133 .H374 2007","0","0"
"BP133 .H374 2007","0","0"
"BP133 .H374 2007","0","0"
"BP133 .H374 2007","0","0"
"BP133 .H374 2007","0","0"
"BP133 .H374 2007","0","0"
"BP133 .H374 2007","0","0"
"BP133 .H374 2007","0","0"
"BP133 .H374 2007","0","0"
"BP133 .H374 2007","0","0"
"BP133 .H374 2007","0","0"
"BP133 .H374 2007","0","0"
"BP133 .H374 2007","0","0"
"BP133 .H374 2007","0","0"
"BP133 .H374 2007","0","0"
"BP133 .H374 2007","0","0"
"BP133 .H374 2007","0","0"
"BP133 .H374 2007","0","0"
"BP133 .H374 2007","0","0"
"BP133 .H374 2007","0","0"
"BP133 .H374 2007","0","0"
"BP133 .H374 2007","0","0"
"BP133 .H374 2007","0","0"
"BP133 .H374 2007","0","0"
"BP133 .H374 2007","0","0"
"BP133 .H374 2007","0","0"
"BP133 .H374 2007","1","0"
"BP133 .H374 2007","1","0"
"BP133 .H374 2007","1","0"
"BP133 .H374 2007","0","0"
"BP133 .H374 2007","0","0"
"PN1993.5.S428 Z43 2013","0","0"
"PQ2712.E77 R54 2014","0","0"
"PQ2713.A3643 C46 2013","0","0"
"PR9265.9.T38 W38 2014","1","0"
"JZ1649 .A94 2011","1","0"
"BX494.I37 A68 2011","0","0"
"PR6119.U64 B66 2014","1","0"
"PQ1184 .C68 2014","0","0"
"PN1356 .C67 2014","1","0"
"PS2127.W37 H46 2014","0","0"
"PL2754.S5 Z8364 2014","1","0"
"DB2650.P49 W28 2014","1","0"
"JA85.2.F7 C33 2013","0","0"
"PQ2664.E16 M66 2012","0","0"
"JC573.2.R8 E34 2014","0","0"
"PQ8498.428.E96 R85 2013","0","0"
"BM501 .T53 2012","0","0"
"BM501 .T53 2012","0","0"
"BM501 .T53 2012","0","0"
"PK1725 .T34 2013","0","0"
"DS79.9.M6 M39 1991x","0","0"
"DS79.9.M6 M39 1991x","0","0"
"DS79.9.M6 M39 1991x","0","0"
"DS79.9.M6 M39 1991x","1","0"
"PQ86 .N45 2014","0","0"
"DS436 .P38 2013","0","0"
"DR73.G7 S74 2014","0","0"
"DK90 .K38 2014","0","0"
"UG626.2.L38 L38 2013","0","0"
"F3619.B55 P74 2013","0","0"
"PR9499.4.S57 K56 2013","0","0"
"PQ7804 .M86 2013","0","0"
"DS418 .D37 2014","0","0"
"PJ7842.U54 Z46 2012","1","0"
"PJ7842.U54 Z46 2012","1","0"
"PJ7842.U54 Z46 2012","1","0"
"P561 .C37 2013","0","0"
"DS480.853 .H355 2013","0","0"
"BP173.4 .A1119 2009","1","0"
"BP173.4 .A1119 2009","0","0"
"BX4917 .K23 2013","0","0"
"CJ1391 .F45 2011","0","0"
"JN2228 .C47 2013","0","0"
"PK513 .B43 2013","0","0"
"BP136.48 .S567 2011","0","0"
"BP136.48 .S567 2011","0","0"
"PR9499.4.D3514 B76 2013","0","0"
"HN303 .M57 2011","0","0"
"DK505.69.R8 T45 2013","0","1"
"F1488.3 .D65 2013","0","0"
"GR305.5.O75 A73 2012","1","0"
"PT2625.U8 M3322 2014","1","0"
"KBP543.953 .A47 2011","0","0"
"PR9499.4.N54 N56 2013","0","0"
"DS855 .N545166 2013","0","0"
"DS855 .N545166 2013","0","0"
"DS855 .N545166 2013","0","0"
"PR6116.E77 G86 2014","0","0"
"GN20 .J47 2013","1","0"
"BX485 .P375 2012","1","0"
"DR38.3.T9 T87 2013","1","0"
"BP189.5 .S53 2012","0","1"
"PA5629.I7 R66 2014","1","0"
"PS3619.W352 A85 2014","1","0"
"BP189.7.M4 O53 1977","1","0"
"KBP1424 .B3 2012","0","0"
"F2651.S29 J575 2012","0","0"
"F2659.J5 C35 2013","0","0"
"DS777.488.C5 C464255 2013","0","0"
"PR6121.N795 A68 2014","3","0"
"KBP184.4 .H37 2012","0","0"
"BP170 . B373 2011","0","0"
"DP48 .C5935 2012","0","0"
"R575.C944 C427 2014","0","0"
"DA767 .H46 2014","0","0"
"D224.5 . Y5 2012","0","0"
"DP86.M4 M48 2013","0","0"
"PL2878.A594 K83 2014","2","0"
"GV1785.C85 A33 2013","0","2"
"PL2965.X55 S58 2014","0","0"
"DS109.8.J45 A24 2013","0","0"
"DS109.8.J45 A24 2013","0","0"
"LA628 .U46 2014","0","0"
"PQ4390 .C74 2014","1","0"
"DB2035 .K85 2013","0","0"
"RA776.9 .K56 2013","1","0"
"BX4705.Y495 A3 2013","0","0"
"PK9201.A99 G3854 2013","0","0"
"AS284 .U7 1906:1","0","0"
"DR435.G8 K37 2014","0","0"
"G480 .Y566 2005","1","0"
"PN56.J68 Z36 2013","0","1"
"PA3089.P64 P64 2012","0","0"
"BH39 .Y3634 2008","1","0"
"BH39 .Y3634 2008","0","0"
"PQ4390 .I43 2014","0","0"
"PL992.415.S94 H93 2004","0","0"
"PQ9607.R43 L58 2013","0","0"
"DS109.9 .S45 2011","1","0"
"PN2785.C4 D86 2014","0","0"
"BS521.7 .K36 2014","1","0"
"DB855 .W37 2014","1","0"
"BR115.C8 Y35 2014","0","0"
"DG70.M52 L358 2014","0","0"
"PN1995.9.M86 H47 2014","2","0"
"B5310 .M66 2014","0","0"
"DS134.64 .B74 2014","1","0"
"E185.625 .R68 2014","3","0"
"BT761.3 .G725 2014","0","0"
"PS2246.L8 K55 2014","1","0"
"F1435.1.A37 L54 2014","1","0"
"B553 .M38 2014","0","0"
"E185.61 .S34 2014","0","0"
"F855 .R47 2014","2","0"
"PS3505.A58 Z88 2014","0","0"
"BL570 .B828 2014","0","0"
"PR2995 .P35 2014","2","0"
"PS508.A67 T38 2014","1","0"
"HQ76.3.U5 G483 2014","0","0"
"E183.8.I8 M57 2014","2","0"
"PN1995.9.W6 F86 2014","0","0"
"E161 .S95 2014","2","0"
"HQ1735.6 .D68 2014","0","0"
"B721 .C355 2014","2","0"
"B721 .C355 2014","0","0"
"PR9639.4.H37 C59 2014","1","0"
"BT83.57 .G655 2014","2","0"
"PR9340.5 .C35 2014","1","0"
"PS3554.A5635 E34 2014","0","0"
"B945.V353 E95 2014","2","1"
"PN1998.3.D745 W66 2014","1","0"
"PN3000.M85 I87 2014","3","0"
"PN75.J36 W44 2014","0","0"
"PM217 .M66 2014","0","0"
"E476.33 .J66 2013","1","0"
"PS3511.R94 Z7635 2014","2","0"
"DS523.4.Y36 J65 2014","0","1"
"PR9381.9.I36 S757 2014","0","0"
"PS3553.O5548 T47 2014","2","0"
"E184.S75 635 2014","1","1"
"PN56.W3 W37 2014","0","0"
"HX13.A3 T78 2013","0","0"
"BP189 .M46 2007","0","1"
"PJ7526 .Y893 2009","1","0"
"R127.2 .M422 2013","0","0"
"HC335.2 .B38127 1977","1","0"
"GN296.5.I4 S63 2013","0","0"
"GN296.5.I4 S63 2013","0","0"
"BX601 .I893 2013","1","0"
"DS740.5.R8 K47 2013","0","0"
"DK651.P8 P7878 2012","0","0"
"DQ48 .G37 2013","0","0"
"HG4521 .C257 2014","0","0"
"LB2326.3 .R56 2014","0","0"
"JZ1318 .G799 2014","1","0"
"LC268 .C775 2014","0","0"
"HV551.2 .I72 2014","0","0"
"JC599.G7 C87 2014","1","0"
"HM1027.L7 A27 2014","0","0"
"HQ1075.5.U6 A68 2014","1","1"
"HF5821 .A2846 2014","1","1"
"JK1759 .F85 2014","1","0"
"HM548 .J67 2014","1","0"
"HQ798 .T45 2014","1","0"
"JQ231 .G44 2014","0","0"
"HT147.C48 T66 2014","0","0"
"K346 .K56 2014","0","0"
"DT551.5 .K66 2013","0","0"
"F2659.G3 M44 2013","0","0"
"DS38.5 .S93 2010","0","0"
"PG3001 .K728 2013","0","0"
"PJ7527 .K488 2012","0","0"
"PT2611.U86 Z67 2013","0","0"
"PG5039.18.R2 Z65 2014","0","0"
"PT2663.Z46 Z44 2014","0","0"
"BP133.7.M67 S53 2013","0","0"
"P119.32.B7 P65 2013","0","0"
"JL2281 .C85 2012","0","0"
"PT2666.R3532 W45 2013","0","0"
"PG3333 .H62 2014","2","2"
"PJ7572.D47 T34 2008","1","0"
"PR6063.A2176 Z72 2014","0","0"
"GV1125 .H65 2014","3","0"
"GV721.4.G7 J44 2014","0","0"
"GV1727 .M68 2014","0","0"
"GV1543.3.U6 W57 2013","0","0"
"GV776.N742 C876 2014","0","0"
"GV863.C2 N35 2014","0","0"
"GV1785.D82 K37 2014","3","0"
"D16.163 .S56 2014","4","0"
"PR1309.S5 B46 2014","0","0"
"PR6107.E84 W43 2014","1","0"
"E741 .R67 2014","0","0"
"D639.W7 S45 2014","2","0"
"DS126.5 .H45 2014","1","0"
"BP80.A52 M84 2013","0","0"
"LG51.F8 P46 2013","0","0"
"PJ8210 .A934 2010","0","0"
"PT2666.R3532 Y423 2013","0","0"
"KBP632.35 .A87 2012","0","0"
"CT3990.L55 X86 2013","0","0"
"BP192.7.B26 B33 2011","1","0"
"PT2671.L38 Z46 2013","0","0"
"KKT2101 .C48 2014","0","0"
"F1786 .G37 2013","0","0"
"Z115.1 .M34 2013","0","0"
"CT3990.L55 D86 2013","0","0"
"F1788.22.V55 A3 2013","0","0"
"TR849.F539 A4 2013","0","0"
"PR6007.E327 Z67 2014","1","0"
"DP203 .T74 2013","0","0"
"DP203 .T74 2013","0","0"
"CT3990.L55 L86 2013","0","0"
"CT3990.L55 L86 2013","0","0"
"F1414.3 .A436 2013","0","0"
"PQ2719.T416 V54 2014","0","0"
"PR4937 .K43 2013","0","0"
"F1916 .P33 2014","2","1"
"BR65.J473 E6813 2013","0","0"
"PR6060.O433 D79 2014","0","0"
"PR8711 .J44 2014","0","0"
"D524.7.G7 G68 2014","1","1"
"PQ7297.S438 O53 2013","0","0"
"PM6082.Z77 D44 2013","2","0"
"Z240.A1 Z36 2012","0","0"
"PM6082.Z77 P64 2013","1","0"
"BP52.5 .B85 2010","0","0"
"F3319 .V57 2013","0","0"
"PJ7846.A46 Z739 2012","0","0"
"PQ8098.28.U22 A628 2014","0","0"
"PJ7521 .A446 2013","0","0"
"HT129.B5 S64 2013","0","0"
"HB615 .B536 2013","0","0"
"F3327.M67 A3 2014","0","0"
"CS209 .H472 2012","0","0"
"PJ7810.D87 A6 2011","0","0"
"E183.8.P4 R466 2013","0","0"
"DS23 .S577913 2008","0","0"
"PJ7631.A23 Q348 2011","0","0"
"PQ8497.H32 Z6694 2013","1","0"
"JQ1850.A91 T39 2013","0","0"
"F3446 .H354 2013","0","0"
"G76.5.I5 J36 2012","0","0"
"BP10.J383 W346 2007","0","0"
"BP194 .Y875 2011","0","0"
"JL960 .P76 2013","1","0"
"PQ7392.D838 D36 2013","0","0"
"PC3941.A716 K3 2013","0","0"
"F3095 .C66 2014","0","0"
"PQ2663.H432 Z75 2013","0","0"
"PQ3989.3.M843 A6 2014","0","0"
"PQ2708.I77 A93 2013","0","0"
"PS3606.U55 O58 2014","1","0"
"PQ2673.I3366 A6 2013","0","0"
"B1901.P43 R32 2013","0","0"
"BX1795.C85 B43 2014","1","0"
"PQ2670.U56 G73 2013","0","0"
"PR6056.U445 O53 2014","0","0"
"PQ145.1.E65 D47 2013","0","0"
"DS776 .K85 1988","0","0"
"BR1720.M375 K58 2009","1","0"
"BP173.44 .M36 2012","0","0"
"HV7936.P8 K47 2014","0","0"
"HF5630 .A463","0","0"
"HD8038.U5 B76 2014","0","0"
"HN766.A8 H2943 2014","3","0"
"HG1615 .C51946 2014","0","0"
"HV4999.3.I2 C65 2014","0","0"
"HD2745 .L297 2014","0","0"
"HD2368.U6 H88 2014","0","0"
"LB1025.3 .G74 2014","6","0"
"HD2756.2.C35 B85 2014","0","0"
"HG6024.A3 C64 2014","0","0"
"K346 .G87 2014","1","0"
"JC423 .M45 2014","0","0"
"JZ1570 .D38 2014","0","0"
"HM1271 .E91563 2014","0","0"
"BF199 .H33 2014","0","0"
"HQ756 .G583 2014","2","0"
"HD9576.C52 E236 2014","0","0"
"LC67.6 .N56 2014","0","1"
"JC233.H46 G66 2014","1","0"
"HD5764.5.A6 Z37 2014","0","0"
"HD58.8 .D3698 2014","0","0"
"JF1525.E8 H83 2014","1","0"
"HV8073.3 .N35 2014","0","0"
"HC106.84 .I893 2014","0","0"
"HB3714 .S56 2014","1","0"
"LB1631 .N45 2014","0","0"
"HM479.E38 N653 2014","0","0"
"HD593 .H68 2014","0","0"
"LC1551.I53 O47 2014","1","1"
"HT867 .A73 2014","3","0"
"HC240 .P34 2014","1","0"
"GN407 .W66 2014","3","2"
"HD8748.5 .H6 2014","0","0"
"HD30.2 .D54 2014","4","0"
"HV6535.N8 B36 2014","1","0"
"E99.A6 S29 2014","0","0"
"HC905.Z9 P55 2014","0","0"
"HF3230.5.Z5 R627 2015","0","0"
"HD8778.5.C5 C45 2014","0","0"
"BF121 .C485 2006","3","0"
"HQ1058 .T76 2014","0","0"
"HV6252 .R68 2015","0","0"
"LB1590.3 .R636 2015","0","0"
"HM821 .H57 2015","0","0"
"HD5708.55.U6 S57 2014","3","0"
"JF60 .R674 2015","1","0"
"LC1090 .G595 2014","1","0"
"LC1095 .Z54 2015","0","0"
"JF801 .M67 2014","1","0"
"E97 .I44 2014","1","0"
"JK468.E7 W355 2014","2","0"
"LB1050 .O46 2014","0","0"
"HB501 .S62 2014","8","0"
"GR110.M3 B55 2014","0","0"
"LB1060 .M3383 2014","0","0"
"LB1716.M4 K65 2014","0","0"
"HV6431 .H667 2014","2","0"
"JZ1570 .H69 2014","3","0"
"HD69.S8 S7734 2014","0","0"
"HD7288.82 .B73 2014","0","0"
"HV3198.A2 T73 2014","0","0"
"HF5549.5.M63 B97 2015","2","1"
"JK1726 .G57 2014","3","0"
"E99.A13 K46 2014","0","0"
"HV5801 .M3224 2014","6","1"
"H62 .N56 2014","0","0"
"KBP529.6 .A23 2010","0","0"
"PQ2670.O926 R86 2014","1","0"
"PQ2011.L6 G35 2013","0","0"
"PJ7577 .N26 2010","1","0"
"D395 .R35 2014","0","0"
"HQ1412 .M466 2014","2","0"
"PJ7846.A46 Z653 2014","1","0"
"P96.E862 B68 2015","1","0"
"B2948 .R383 2014","1","0"
"DP44 .A6944 2014","1","0"
"DB86.7 .F75 2014","0","0"
"DU122.A35 N38 2014","1","0"
"PR9619.4.M67 B54 2014","28","0"
"PN1995.9.M275 C65 2014","2","0"
"P96.P75 K67 2015","1","0"
"PN849.C3 M347 2014","1","0"
"PQ6147.B55 T48 2014","1","0"
"PS1442.S58 M36 2014","2","0"
"PN56.F34 B86 2014","0","0"
"DS119.76 .P64 2014","0","0"
"BL458 .F56 2014","0","0"
"DS266 .M69 2014","2","0"
"DC59.8.G7 W55 2014","1","0"
"PR6060.O93 G57 2013","1","0"
"DC96 .C67 2014","1","0"
"DG734.23 .K425 2014","1","0"
"D767.25.H6 H334 2014","8","1"
"PN56.E75 H57 2014","2","0"
"PN56.E75 H57 2014","1","0"
"PS3561.U55 H57 2014","1","0"
"AZ182 .J38 2014","5","0"
"DT1971 .S55 2014","0","0"
"HQ1170 .Z46 2014","1","0"
"DS113.3 .I97 2014","0","1"
"BS2615.53 .J644 2014","0","1"
"B2799.V5 S87 2014","0","1"
"PS3625.A679 L36 2014","3","0"
"PS3572.O395 A6 2014","1","0"
"PS3602.L3252424 L54 2014","2","0"
"HQ1744.J36 K53 2014","0","0"
"PS374.E95 H83 2014","3","0"
"PN45.5 .L3 2014","0","0"
"PN1995.9.R675 K45 2014","0","0"
"PS3553.H15 Z75 2014","2","0"
"D847 .W44 2014","11","0"
"DT1603 .M54 2012","1","0"
"PR9619.3.F525 N37 2014","14","0"
"F869.L89 N364 2014","1","0"
"PS3601.K54 P36 2014","2","0"
"PR6045.O53 Z48 2014","1","1"
"BQ9399.E594 K4513 2014","0","0"
"BP603 .G36 2014","3","0"
"F2169 .R45 2014","1","0"
"PR881 .D73 2014","1","0"
"PN1993.5.C4 W29 2014","0","0"
"PS3545.R815 Z8163 2014","1","0"
"E183.8.T8 A838 2014","1","0"
"N8253.T5 C64 2014","2","0"
"DJK23 .T73 2013","0","0"
"PN56.M55 U56 2014","2","0"
"BS1286 .A73 2013","0","0"
"DA47.9.T8 R53 2014","2","0"
"PR275.W36 F35 2014","0","0"
"BJ1291 .G413 2013","0","0"
"E476.87 .B89 2014","0","0"
"E476.7 .V47 2014","0","0"
"BS2650.52 .B49 2014","0","1"
"F334.B69 N465 2014","1","1"
"PQ3919.2.H87 D36 2014","0","0"
"PN2080 .K68 2015","1","1"
"F73.44 .B47 2014","0","0"
"BQ840 .B83 2014","3","0"
"E600 .H35 2014","6","0"
"PN1922 .S78 2014","1","1"
"BL480 .D47 2014","1","1"
"P96.T42 G55 2014","2","0"
"PR9369.4.S583 A6 2013","0","0"
"PR6029.N56 Z675 2014","2","0"
"PR6063.C363 F67 2014","0","0"
"PR6106.I75 F76 2013","1","0"
"PR9199.3.D523 G63 2014","0","0"
"BP80.I2 A67 2014","3","0"
"BR115.C3 B64 2014","2","0"
"PN2085 .H64 2014","2","0"
"PQ3913 .L36 2014","0","0"
"PR9619.3.M76 L54 2013","2","0"
"PS3612.I532743 A2 2014","0","0"
"E474.39 .S249 2014","0","0"
"PS3603.H5745 M37 2014","0","0"
"PG3485.A8686 D4513 2014","0","0"
"PS3622.E43 M39 2014","0","0"
"PQ6555 .M513 2014","0","0"
"B2637.M52 E5 2014","2","0"
"PJ4551 .B48 2014","0","0"
"PQ7298.15.L54 M8413 2014","0","0"
"PS3565.K33 N6 2014","5","0"
"Z81 .N68 2014","0","0"
"BR600 .G675 2014","0","0"
"PQ3919.3.L435 O65 2013","0","0"
"PN2075 .C77 2014","0","0"
"PR9619.3.L49 P53 2014","6","0"
"F279.C7 E38 2014","0","0"
"PN1995.9.T95 S37 2014","0","0"
"DS33 .M29 2014","0","0"
"E476.66 .O84 2014","0","0"
"BR115.C45 S54 2014","1","0"
"PE1404 .S73 2014","0","0"
"PS3570.A255 A6 2014","0","0"
"PN6071.P293 T73 2014","1","0"
"PS3608.O555 A6 2014","8","0"
"E185.86 .H328 2013","10","0"
"E512 .F55 2014","0","0"
"E786 .H225 2014","0","0"
"BS2555.52 .V58 2013","0","0"
"PL849.N4 S4913 2014","0","0"
"HQ1240.5.A35 K56 2014","0","0"
"PS374.S445 K44 2014","1","1"
"PS648.S3 V45 2013","0","0"
"DT72.C7 S83 2010","0","0"
"BP88.H876 A2 2013","1","0"
"F3448 .E53 2013","0","0"
"PQ7298.22.O56715 A6 2013","0","0"
"PL528 .K365 2013","6","2"
"CT25 .O78 2014","0","0"
"PL528 .K366 2013","3","0"
"PL528 .K366 2013","2","0"
"PQ7298.23.O686 Z77 2012","0","0"
"G289.D54 A3 2013","0","0"
"PQ9469.L6 Z94 2012","0","0"
"PL913 .Y654 2012","4","0"
"PQ6663.A445 T48 2014","1","0"
"PQ4914.I34 Q56 2014","0","0"
"PQ6707.O42 D66 2014","0","0"
"DS135.I85 R625 2013","0","0"
"PQ4293.L4 C36 2014","0","0"
"PR6104.O555 T46 2014","2","0"
"PR6116.E165 B47 2014","0","0"
"TR28 .M49 2013","0","0"
"NK2516 .C35 2013","0","0"
"PN2587 .P47 2014","0","1"
"PR881 .H67 2014","1","0"
"UG1123 .A67 2013","1","0"
"PQ6605.E7 P64","1","0"
"BF582 .M63 2013","0","0"
"PQ4874.A757 M88 2014","0","0"
"PQ4880.A24 Z46 2013","0","0"
"PR478.V57 T75 2013","0","0"
"PT123.T8 P38 2013","1","1"
"PT2615.A238 J34 2013","0","0"
"G2283.G6E73 I5 2013","0","0"
"G2283.H5E73 I5 2013","0","0"
"G2283.K3E73 I5 2013","0","0"
"G2283.M2E73 I5 2013","0","0"
"G2283.P6E73 I5 2013","0","0"
"BJ1401 .P54 2014","0","0"
"PR647 .E35 2014","0","0"
"PR9348 .G66 2014","1","0"
"BT15 .M65 2014","1","0"
"BT83.59 .K83 2014","0","0"
"BS680.F6 B92 2014","0","0"
"B4378.C5 B37 2014","1","0"
"PN4738 .P38 2014","0","0"
"PS3625.A68 L37 2014","1","0"
"DS63.18 .I58 2013","0","0"
"PS3601.D399 S25 2014","1","0"
"DT1971 .R36 2013","1","1"
"D621.A3 S74 2014","0","0"
"HD30.28 .M97 2014","0","0"
"PN1993.5.T8 C58 2014","0","0"
"R725.59 .I85 2010","0","0"
"BL1212.74 .G88 1991","1","0"
"PM4466.Z77 C78 2005","1","0"
"DK99 .B674 2014","0","0"
"DT107.827 .A33 2011","1","0"
"DT107.87 .H3625 2012","0","0"
"PJ8410 .B355 2011","0","0"
"BX133.3 .M865 2010","0","0"
"PJ8510 .M838 2012","0","0"
"KMU48.3 .A974 2006","1","0"
"DS59.K86 A964 2011","0","0"
"BP80.B25 B39 2011","0","0"
"DT164 .W334 2013","0","0"
"BM538.E8 R88 2014","0","0"
"PL2274.2.K6 S56 2010","2","0"
"PL994.415.Y5 T87 2012","1","0"
"BP190.5.H44 M87 2010","0","0"
"BP133.7.J67 A23 2013","1","0"
"PR9199.4.B623 C65 2014","0","0"
"PL994.17.H34 N624 2011","0","0"
"HA4587.U8 C48 2011","0","0"
"HA4587.U8 C48 2011","0","0"
"HA4587.U8 C48 2011","0","0"
"HD9660.P7 C328 2014","0","0"
"HA4587.K47 C462 2011","0","0"
"PL994.78.K96 S27 2009","0","0"
"HV4010 .B36 2014","0","0"
"PQ2613.I2 C413 2014","0","0"
"PL994.18.C44 I44 2011","1","0"
"PL994.29.C48 P34 2010","1","0"
"JF1061 .P38 2014","3","0"
"NE1300.8.G72 K444 2006","1","0"
"HD38.5 .O558 2014","0","0"
"JC573.2.C3 C37 2014","0","0"
"LB1028 .N46 2014","0","0"
"KBP442 .H245 2010","0","0"
"HM1271 .G76 2014","0","0"
"PR6068.O655 P45 2014","0","0"
"DS135.F89 Z93 2014","2","0"
"BP165.7 .T36 2013","0","0"
"BF637.H4 P67 2014","1","0"
"HN18.3 .R85 2014","0","1"
"DS38.4.W34 A45 2009","1","0"
"PR468.I45 P53 2014","0","0"
"PR6053.R73 T56 2014","1","0"
"PT2688.E47 S73 2013","0","0"
"PR6056.R275 B66 2014","0","0"
"PR6027.E53 R66 2014","0","0"
"F2329.22.M33 A5 2014","0","1"
"PR6052.A6488 Z78 2014","3","0"
"PQ8549.B3 Z757 2013","0","0"
"HC79.E5 U3424 2014","1","0"
"HT1048 .P74 1979","6","1"
"LB2376.6.G72 P47 2014","0","0"
"HT388 .R44 2014","1","0"
"PG5040.3.U345 V9436 2013","1","0"
"JV6035 .R45 2014","0","0"
"HD8008.A1 P8 no. 57","0","0"
"LB2326.3 .E68 2014","0","0"
"HD38.5 .S26 2014","2","0"
"HV6773.55.T9 T8713 2009","0","0"
"DR486 .F766 2014","1","0"
"BL2747.8 .B3913 2009","0","0"
"PR4708.G2 Z5 1833","1","0"
"HN280.Z9 C63695 2013","1","0"
"DS508 .M95 2005","0","0"
"PL2978.S454 W77 2013","0","0"
"HX418.5 .Z5897 2014","0","0"
"HN110.5.A8 P637 2013","0","0"
"HB2099 .S63 2013","0","1"
"HD9574.V42 C66 2013","0","0"
"HC125 .K372 2008","0","0"
"DS98.6 .U846 2012","0","0"
"DS63.1 .M79425 2012","0","0"
"DT107.828.B373 A63 2012","0","0"
"DS734.97.A8 L58 2014","0","0"
"KRM41.M83 T43 2013","0","0"
"HC130.P6 Z53 2010","0","0"
"PQ7389.B77 Z48 2012","0","0"
"DS799.816 .H778 2014","0","0"
"F2329.22.C54 A5 2013","0","0"
"PJ7950.U8782 M83 2013","0","0"
"PQ3989.3.P3 B54 2006","1","0"
"PR9390.9.M8 B73 2013","0","0"
"UA835 .J54 2014","0","0"
"HV1146 .S53 2014","0","0"
"JV9021.4 .D53 2008","0","0"
"RA395.C53 P45 2014","0","0"
"PQ3989.3.M3364 E36 2012","0","0"
"HC187 .C37 2014","1","0"
"GN478 .I53 2014","3","0"
"DT551.84 .K448 2014","3","0"
"DK557 .L68513 2014","1","0"
"DS798.5 .Z58 2014","0","0"
"DT551.8 .T67 2013","1","0"
"DS450.C6 L52 2014","0","0"
"DB2042.G4 H25 2013","0","0"
"PK231 .G36 2013","0","0"
"HQ777 .C37 2013","0","0"
"DS518.45 .S82 2014","0","0"
"KNS2095 .T47 2012","0","0"
"HV801.M423 G374 2013","0","0"
"HD6060.5.S6 G53 2009","1","0"
"DS784 .C42 2014","0","0"
"PJ7852.A5325 Z54 2013","0","0"
"HV40.32.M36 M35 2012","0","0"
"DS63.2.U5 D334 2012","0","0"
"DT107.88 .B39 2013","0","0"
"HD8039.T22 S383 2013","1","0"
"BJ122 .A53 2008","1","0"
"DT236.Q26 A234 2012","0","1"
"PQ3989.3.D583 L37 2013","1","0"
"DT107.87 .R385 2013","0","0"
"PR1125 .C66 2014","1","1"
"HV8055 .W66 2014","1","0"
"DT107.87 .F372 2012","0","1"
"HQ73 .R43 2012","1","0"
"BP189.7.M4 D86 2006","2","0"
"GT3913.83.A2 A235 2013","0","1"
"HV6197.I53 D64 2013","1","0"
"GV848.4.C2 R36 2014","2","0"
"PK423 .I53 2008","0","0"
"PN5450.5.S68 M33 2011","1","0"
"N6820 .S86 2013","0","0"
"RJ506.A9 M45 2014","0","0"
"BJ47 .M67 2012","2","0"
"DT551.84 .M354 2013","0","0"
"PK2579.D3535 A6 2013","0","0"
"PQ3989.3.D5314 M35 2013","1","0"
"P92. A35 T47 2013","1","0"
"PQ8550.429.A53 E97 2013","0","0"
"KST297.4 .T44 2012","0","0"
"PQ8550.26.E59 T54 2013","0","0"
"PK6561.B433 M34 2012","1","0"
"PL8181 .D535 2005","1","0"
"PQ8550.428.O426 R46 2013","1","0"
"PQ3989.3.C675 N37 2011","0","0"
"PQ8550.423.U56 O45 2013","1","0"
"PQ3989.2.K66 N53 2014","0","0"
"PR3537.O74 N37 2012","0","5"
"PQ3989.2.T725 P68 2012","0","0"
"F394.S59 B55 2014","1","0"
"PQ6613.A763 Z73413 2014","0","0"
"PJ7910.D65 S25 2010","0","0"
"PQ6605.A17 Q54 2014","0","0"
"PQ6703.A85 S46 2014","1","0"
"GA66.G7 O55 2014","0","1"
"PQ6701.L675 S55 2014","1","0"
"HQ1201 .R42 2012","0","0"
"PJ7932.U773 S28 2010","0","0"
"PQ3989.3.D4969 N34 2013","0","0"
"PJ7826.H226 U43 2011","0","0"
"PN2551 .H47 2013","0","0"
"DT551.84 .R46 2012","0","0"
"RS180.C5 L45 2003","0","0"
"RS180.C5 L45 2003","0","0"
"RS180.C5 L45 2003","0","0"
"RS180.C5 L45 2003","1","0"
"RS180.C5 L45 2003","1","0"
"RS180.C5 L45 2003","0","0"
"JC571 .O64 2013","0","0"
"HM1126 .T73 2013","1","0"
"PR9372.9.N385 G46 2013","1","0"
"PQ3989.3.D524 S37 2011","1","0"
"PQ6666.A48 L37 2014","1","0"
"PQ3989.3.S546 S5 2013","1","0"
"PQ3989.3.D4982 A99 2013","1","0"
"DT551.9.T55 M64 2013","1","0"
"PQ8550.43.O75 C36 2013","0","0"
"DT551.9.T55 H353 2013","0","0"
"PJ7677 .A13 2013","0","0"
"PR9378.9.N45 V65 2000","1","0"
"PQ3989.3.G853 G68 2013","0","0"
"HM1264 .F65 2014","2","0"
"PG3447.V4 Z64 2012","0","0"
"PJ7962.A35 U74 2010","0","0"
"PA6029.I59 D83 2013","0","0"
"LC4019.7 .N66 2014","0","0"
"F2341.C457 H57 2013","0","1"
"PJ7938.Z966 I34 2010","0","0"
"PQ8549.P382 Z93 2013","0","0"
"DG297 .R65 2013","0","1"
"JV6225 .U53 2014","1","0"
"PJ7820.A16 Q26 2010","2","0"
"PL994.62.C583 T36 2012","3","0"
"DK49 .S5467 2014","0","0"
"BV3290.T7 L5413 2013","0","0"
"GE170 .H42 2014","0","0"
"P53.457 .S63 2014","0","1"
"HV1421 .S42 2014","0","0"
"PL980.6 .A16 2009","0","0"
"DR64.2.C9 J25 2013","0","0"
"PS3612.E927175 S66 2014","0","0"
"F2329.22.C54 H37 2014","0","0"
"PJ7824.A923 L393 2008","0","0"
"PT2653.W4 A6","1","0"
"PT2653.W4 A6","1","0"
"PT2653.W4 A6","1","0"
"PT2653.W4 A6","1","0"
"PT2653.W4 A6","1","0"
"HB501 .A636 2014","0","1"
"DS797.52.T536 Y36 2013","0","0"
"DS797.72.L536 L536 2013","0","0"
"DS922.42.P344 C46216 2013","1","0"
"PL2848.H8 K8 2012","0","0"
"DS797.88.Y86 W36 2013","0","0"
"B945 .F464 2013","0","0"
"TR101 .N32 2013","1","0"
"T27.C5 J47 2014","0","0"
"DS748.13 .H354 2013","0","0"
"HD9213.C43 B6 2013","0","0"
"CC101.C6 Z4664 2012","0","0"
"DS793.N6 S5 2011","0","0"
"ND1040 .S58","0","0"
"TR101 .L46 2013","1","0"
"PN2876.B4 L5892 2013","0","0"
"BQ9262.9.C6 H834 2012","0","0"
"BQ9262.9.C6 H834 2012","0","0"
"PN2874 .L57 2013","0","0"
"DS777.8 .N54 2011","0","0"
"DS799.9.I43 Y828 2012","0","0"
"DS748.18 .W363 2013","0","0"
"JS7365.H46 Y8 2013","0","0"
"PL2695.Z5 N36 2012","0","0"
"DS797.77.Y45 J58 2013","0","0"
"DS797.77.Y45 J58 2013","0","0"
"N7346.X56 56 2013","0","0"
"PL2354 .Q328 2013","0","0"
"N7345 .Z48 2013","0","0"
"JV6035 .Y55","0","0"
"HN740.D864 C424 2013","0","0"
"PL2677 .G664 2013","0","0"
"DS773.55.Z445 L525 2013","0","0"
"DS776 .L623 2012","0","0"
"DS753.6.Z47 Z478 2013","0","0"
"PN2876.P4 J564 2013","0","0"
"PN2876.P4 J564 2013","0","0"
"PN2876.P4 J564 2013","0","0"
"PN2876.P4 J564 2013","0","0"
"PS153.C45 Q58 2011","1","0"
"HQ684 .Q25 2012","0","0"
"HQ1767 .H8364 2013","0","0"
"HD8039 .X8 2012","1","0"
"PL2277 .C446 2012","0","0"
"PL2868.I254 Y364 2013","0","0"
"N6494.E27 Z4364 2013","0","0"
"DS721 .Z86 2013","2","0"
"DS414.2 .Q25 2013","0","0"
"CN1161.X5 D36 2013","0","0"
"CN1161.X5 D36 2013","0","0"
"DS734.97.U6 L829 2013","0","0"
"PL2840 .M6 Y36 2013","1","0"
"BL1945 .M25 2013","0","0"
"PL2275.B8 L5 2012","0","0"
"HN733 .X84 2013","0","0"
"DS797.82 .P5 2013","0","0"
"HQ1206 .D664 2013","0","0"
"TG365 .C446 2013","0","0"
"PJ7964.A934 M234 2010","1","0"
"PJ7914.M74 R58 2012","0","0"
"PQ6712.O6474 E87 2014","0","0"
"PH5339.U645 K6318 2013","1","0"
"PQ6669.A6258 P37 2013","0","0"
"PJ7952.A25 K37 2011","0","0"
"PJ7862.I34 Y29 2011","0","0"
"HQ792.E2 V45 2013","1","0"
"PJ7962.A756 W24 2012","0","0"
"PJ7916.U443 T39 2010","0","0"
"DK511.K433 Z56 2012","0","0"
"BX601 .S477 2013","0","0"
"PT9877.21.I52 O2813 2011","0","0"
"PQ3989.M38 A93 2013","1","0"
"PQ3989.3.M366 C63 2012","0","0"
"PQ3989.3.R359 C48 2013","1","0"
"DR477 .H57 2011","0","0"
"DA20 .S9 v. 30","5","0"
"DA20 .S9 v. 53","1","0"
"DA20 .S9 v. 45","4","0"
"DA20 .S9 v. 79","5","0"
"DA20 .S9 v. 106","1","0"
"BP597.W44 S4513 2014","0","0"
"HN313.5 .S45 2011","3","0"
"HN313.5 .S45 2011","1","0"
"HN313.5 .S45 2011","1","0"
"HN313.5 .S45 2011","1","0"
"HN313.5 .S45 2011","1","0"
"HN313.5 .S45 2011","1","0"
"HN313.5 .S45 2011","2","0"
"HN313.5 .S45 2011","1","0"
"PJ7864.A4719 Q35 2012","3","0"
"D530 .B848 2014","6","1"
"PJ7852.A253 T35 2012","0","0"
"HM511 .P82 2014","0","0"
"PJ7916.R55 F54 2013","0","0"
"HB173 .C6313 2014","0","0"
"PJ7814.W265 M877 2013","0","0"
"HV8738 .K69 2014","1","0"
"PJ7940.U648 H28 2014","0","0"
"P121 .V6 2013","0","0"
"PJ7976.A9968 N39 2012","0","0"
"P37.5.S65 T54 2014","1","0"
"BL975.F8 K66 2013","0","0"
"PJ7946.A5713 Q73 2012","0","0"
"JZ5540 .G677 2014","2","0"
"DT107.87 .S2227 2012","1","0"
"PG3470.R77 Z95 2014","0","0"
"RC537 .D46 2014","2","1"
"PJ7858.A78287 M55 2004","0","0"
"PJ7940.U648 H27 2013","0","0"
"PJ7966.M3915 Q235 2013","1","0"
"PG3476.P27 Z561 2012","0","0"
"PJ7677 .K46 2013","0","0"
"PJ7677 .K46 2013","0","0"
"HQ1730 .M36 2013","0","0"
"PJ7828.D54 Z45 2005","1","0"
"PJ7814.S65 H86 2007","1","0"
"B1903 .B54 2013","0","0"
"PQ3988.5.M452 C66 2012","0","0"
"B2017 .D25 2013","0","0"
"PR9680.M33 S443 2013","0","0"
"HV9960.E2 A53 2012","1","0"
"PN4756 .E783 2013","0","0"
"PQ6664.A85 M36 2014","0","0"
"PS3614.E66 C68 2014","2","0"
"DT469.M277 B484 2011","0","0"
"PQ7298.28.U96 N8413 2014","0","0"
"PJ7962.A33 F73 2013","4","1"
"HM554 .H47 2014","0","0"
"PJ7866.T526 H55 2013","0","0"
"KKT110.G37 G38 2012","0","0"
"PJ7860.U72 M36 2013","0","0"
"PQ8549.T4 A68 2014","0","0"
"JQ1850.A91 R33 2013","0","0"
"BP192.8 .M867 2014","0","0"
"JQ1850.A91 S26 2013","0","0"
"BP166.94 .B334 2009","0","0"
"BP166.94 .B334 2009","0","0"
"BP166.94 .B334 2009","0","0"
"PR9680.M33 R348 2012","0","0"
"PM7854.M31 P65 2012","0","0"
"PN849.M382 J4 2012","0","0"
"PR1924 .M53 2013","1","0"
"BP166.94 .B39 1964","0","0"
"BP166.94 .B39 1964","0","0"
"BP166.94 .B39 1964","0","0"
"PQ3989.M53 L86 2013","0","0"
"F2684 .M38 2013","0","0"
"PR9680.M33 I836 2012","0","0"
"KBP490.76.M88 A36 1996","0","0"
"KBP490.76.M88 A36 1996","0","0"
"DP269.27.M3 B34 2014","0","0"
"BP173.7 .H373 2013","0","0"
"BP173.7 .H373 2013","0","0"
"PQ8355 .A73 2011","0","1"
"PS3569.A2298 B35 2014","2","0"
"PN6519.B465 F266 2011","0","0"
"LB2806.15 .Y4 2014","0","0"
"PQ3989.3 .O74 2013","1","0"
"BP80.F36 A87 2010","0","0"
"BP80.F36 A87 2010","0","0"
"BP80.F36 A87 2010","0","0"
"BP80.F36 A87 2010","0","0"
"BP80.F36 A87 2010","0","0"
"BP80.F36 A87 2010","0","0"
"BP80.F36 A87 2010","0","0"
"BP80.F36 A87 2010","0","0"
"PQ3989.3.C4428 P43 2006","0","0"
"PQ3988.5.M452 Q4 2013","0","0"
"HD9999.B442 B5693 2014","2","0"
"LB1590.3 .P35 2014","0","0"
"PC5325 .N86 2006","0","0"
"DS620.2 .P57 2014","2","0"
"HQ766.3 .R53 2014","1","0"
"PS3619.I5443 H45 2014","6","0"
"PN849.M38 R38 2013","3","0"
"DS597.38.S95 E23 2014","0","0"
"PS3563.O8749 Z533 2014","2","0"
"R726 .S54 2014","0","0"
"LB3051 .H87 2014","0","0"
"PR6065.N47 G36 2014","0","0"
"PG3337.L4 Z857 2013","0","0"
"F3126 .C4813 2009","1","0"
"GV1798.5 .R68 2013","0","0"
"PR6104.E267 G47 2014","1","0"
"PQ3989.2.K388 V65 2013","2","0"
"PH5331 .A75 2013","0","0"
"PR9265.9.L43 L6 2014","0","0"
"BP170.85 .Y87 2012","0","0"
"PN1136 .S44 2014","0","0"
"PG5031.4 .P26 2014","0","0"
"JC359 .K3727 2008","1","1"
"DD256.5 .F733573 2009","1","0"
"DB2057.H35 A3 2014","0","0"
"P94.5.M552 E244 2014","0","0"
"DD256.5 .M5662 2007","1","0"
"E184.B67 K22 2013","1","0"
"PN5102 .C67 2013","0","0"
"JZ5538 .M86 2013","0","0"
"PG3479.3.L5388 S63 2013","0","0"
"PN5105.P28 M35 2014","0","0"
"DS318.815 .P59 2013","0","0"
"DS318.815 .P59 2013","0","0"
"DS318.815 .P59 2013","0","0"
"BP80.K515 S55 2011","0","0"
"BP80.K515 S55 2011","0","0"
"BP80.K515 S55 2011","0","0"
"PN1009.5.F66 F43 2014","1","0"
"PL8785.9.D73 A6 2012","1","0"
"LC1047.C74 B35414 2010","0","0"
"PG3492.56.Z66 V65 2013","0","0"
"PL8169.95.N43 C45 2012","1","0"
"PL2449 .Z4646 2009","0","0"
"PL2449 .Z4646 2009","0","0"
"PL2449 .Z4646 2009","1","0"
"PL2449 .Z4646 2009","0","0"
"PL2449 .Z4646 2009","0","0"
"PL2449 .Z4646 2009","0","0"
"PL2449 .Z4646 2009","0","0"
"PL2449 .Z4646 2009","0","0"
"PL2449 .Z4646 2009","0","0"
"PL2449 .Z4646 2009","0","0"
"PL2449 .Z4646 2009","0","0"
"PL2449 .Z4646 2009","0","0"
"PL2449 .Z4646 2009","0","0"
"PL2449 .Z4646 2009","0","0"
"PL2449 .Z4646 2009","0","0"
"PL2449 .Z4646 2009","0","0"
"PL2449 .Z4646 2009","0","0"
"PL2449 .Z4646 2009","0","0"
"PL2449 .Z4646 2009","0","0"
"PL2449 .Z4646 2009","0","0"
"PL2449 .Z4646 2009","0","0"
"PL2449 .Z4646 2009","0","0"
"PL2449 .Z4646 2009","1","0"
"PL2449 .Z4646 2009","1","0"
"PL2449 .Z4646 2009","1","0"
"DD93 .F748 2007","1","0"
"PQ3989.2.S64 I45 2013","1","0"
"HQ799.A25 S86 2013","0","0"
"DS324.K84 K84 2013","0","1"
"DS324.K84 K84 2013","0","0"
"GT1310 .A8 1987","1","0"
"DT571.B35 F66 2012","0","0"
"JZ1324 .E554 2013","0","0"
"PL8052.5.Z5 D53 2012","0","0"
"PQ3989.3.N3475 D48 2012","0","0"
"PQ2662.E343 G6634 2014","1","0"
"PS3503.R2736 I5165 2008","1","0"
"PS3503.R2736 I5165 2010","0","0"
"B5071 .M83 2005","0","0"
"BP188.9 .A57 2006","0","0"
"DS318.84.H37 A3 2007c","0","0"
"DS318.84.H3745 A3 2010","0","0"
"PK6532.H32 B34 2012","0","0"
"PK6562.36.A93 D34 2012","0","0"
"PK6562.27.A73 P37 2011","0","0"
"D16.8 .A73 2012","0","1"
"PK6562.23.A97 M36 2012","1","0"
"BP43.I7 M84 2011","0","0"
"PK6482 .I58 2010","1","0"
"BJ1581.2 .R85165 2009","1","0"
"CT1888.F37 A3 1998","1","0"
"PK6465 .Z892 2008","0","0"
"Z3665 .A23 2008","1","0"
"DS315.4 .S56 2001","1","0"
"QC7 .E5165 1982","1","0"
"PT2603.O394 A7165 2009","1","0"
"PT2625.A44 J6135 1985","1","0"
"PQ9698.13.O3546 A8516 2001","0","0"
"DS149 .S6 1998","0","0"
"DS149 .S6 1998","0","0"
"HN733.5 .B35 1969","0","0"
"PK6481 .M6 2005","0","0"
"HM19 .C67165 1989","1","0"
"BP130.4 .T3517 1997","0","0"
"BP130.4 .T3517 1997","0","0"
"BP130.4 .T3517 1997","0","0"
"PR881 .B85165 1990","1","0"
"PK6427.D3 G48 2007","0","0"
"PQ2635.O5 A57 1986","1","0"
"PQ2635.O5 A57 1986","0","0"
"PQ2605.A3734 P4169 1900z","1","0"
"DS275 .A6516 2010","0","0"
"PR6103.A97 S86 2014","1","0"
"F2161.M83 T46 2014","0","1"
"DK66 .G255 2007","1","0"
"F1760 .H378 2014","0","0"
"PQ6662.O77 Z3 2014","2","0"
"PQ6672.I28 T73 2014","1","0"
"PQ6659.G425 R43 2014","0","0"
"TR647 .R6543127 2014","0","0"
"PQ6250.W47 D35 2014","0","0"
"JL2820.C58 A495 2013","0","0"
"PN2256 .E53 2014","0","0"
"PQ6663 .O324 2014","0","0"
"LA2365.V42 P235 2013","0","0"
"PQ3989.3.T255 V54 2012","0","0"
"PK6550.T384 D3 2010","0","0"
"PK6550.T384 D3 2010","0","0"
"PR6061.A9 N49 2014","0","0"
"D764 .E9357 2008","1","0"
"PQ3989.3.B385 S55 2013","1","0"
"DP269 .G445 2014","1","1"
"JL2831 .J563 2014","0","0"
"PQ4876.I8375 S55 2014","0","0"
"PQ3989.3.S645 A53 2013","0","0"
"DS375.G43 G43 2014","0","0"
"DS375.G43 G43 2014","0","0"
"DT555.83.Y36 K66 2013","0","0"
"PA6516.Z5 R66 2013","1","0"
"DT555.83.C66 A3 2013","0","1"
"PQ4882.I7615 R48 2014","0","0"
"PQ2716.O46 P75 2013","1","0"
"BP189.26 .S55 2011","0","0"
"PQ3809 .V65 2013","0","0"
"PR6003.L45 R46 2014","0","0"
"TL553.525.I8 G66 2014","2","0"
"D756.5.N6 S96 2014","2","0"
"CS1418.K84 B38 2013","0","0"
"HN827.A8 T73 2012","2","0"
"PR1145 .G68 2014","0","0"
"HQ12 .S494 2013","0","0"
"PS3573.O642 C88 2014","1","0"
"PS3552.O87658 A6 2014","2","0"
"PQ2680.A448 S48 2014","0","0"
"PR2007.K4 Z86 2014","0","0"
"JQ3394.A95 M36 2010","1","0"
"DAW1048 .E35 2014","0","0"
"DC752.S25 D87 2014","1","0"
"DT14 .K865 2012","0","0"
"PR6116.O98 L66 2014","0","0"
"DT236 .P6613 2013","0","0"
"DR432 .C854 2013","2","0"
"PQ2662.A856 B78 2013","1","0"
"LC1099.5.G7 A38 2014","0","0"
"HV640.5.S97 K67 2013","1","0"
"DA577 .B67 2014","0","0"
"PR471 .U53 2014","0","0"
"PK6412.E65 S27 2013","0","0"
"PK6423 .A253 2013","0","0"
"PK6561.Y78 Z83 2009","0","1"
"PN99.P62 C75 2014","0","0"
"E371 .S63 2014","0","0"
"DG865.6 .S53 2014","0","0"
"Z106.5.I7 N36 2013","1","0"
"HM479.F47 A736 2014","0","0"
"DS777.488.C5 J54 2003","0","0"
"DS777.488.C5 J54 2003","0","0"
"DS777.488.C5 J54 2003","0","0"
"PR9499.4.M84 L58 2014","7","0"
"PQ4920.O75 M57 2014","0","0"
"PL2308.5.N3 H448 2011","1","0"
"PR9412 .L36 2014","0","0"
"HV551.2 .R56 2013","1","0"
"HT147.I4 J64 2014","0","0"
"PQ3989.3.B532 F46 2013","0","0"
"PQ3989.2.K95 C68 2011","0","0"
"PQ3989.2.S287 C45 2012","0","0"
"HC440.I5 S47 2013","0","0"
"CJ6392 .C58 1991","0","0"
"CJ6392 .C58 1991","0","0"
"LB2326.3 .T5342 2014","3","0"
"HG1280.5 .F56 2013","0","0"
"PQ3989.2.S683 T33 2012","0","0"
"PQ9284.E44 N65 2011","0","0"
"PK6427.6.I4 A93 2013","1","0"
"DT581.L65 G85 2012","0","0"
"F3721 .A775 2011","1","0"
"NK9601.5.K6 K86 2012","0","0"
"P96.E25 A868 2010","0","0"
"PQ3988.5.B87 D33 2011","0","0"
"BS465 .S64 2014","0","0"
"PQ3989.3.F66 R58 2013","1","0"
"DS324.Q87 A86 2013","0","0"
"PN56.S67 G845 2012","1","0"
"PQ7390.R634 C83 2013","0","0"
"PQ7440.M56 C33 2014","1","0"
"HD1333.L29 E88 2011","0","0"
"HM477.V4 H34 2013","0","0"
"Z3320 .K89 2011","0","0"
"Z3320 .K89 2011","0","0"
"Z3320 .K89 2011","0","0"
"HC125.A48 V39 2014","0","0"
"PQ7380 .F69 2013","0","1"
"F1418 .G636 2013","1","0"
"DS935.7773.J36 A3 2014","5","0"
"F394.T65 T66 2014","0","0"
"HV640.5.C9 O8 2013","2","0"
"PL2331 .H839 2013","0","0"
"PL2326 .X84 2013","0","0"
"PL2296 .M564 2012","0","0"
"PL2296 .M564 2012","0","0"
"PL2977.5.E54 Y36 2013","0","0"
"PL2754.S5 Z625 2013","0","0"
"DS778.R435 R467 2013","0","0"
"B5234.H73 A25 2013","0","0"
"BX4668.H82 S66127 2014","1","0"
"DS589.C5 Y436 2014","1","0"
"DS778.C593 J568 2009","0","0"
"PL2732.U22 R8335 2013","0","0"
"DK68.7.I7 U887 2014","0","0"
"PL2964.D36 J536 2013","0","0"
"PL2328 .Z436 2014","0","0"
"DS778.M3 J84 2013","0","0"
"HD9016.C62 H8276 2013","0","0"
"QC16.T38 Q25 2013","1","0"
"PL2837.E35 B8 2013","0","0"
"PL2923.5.F8 S53 2013","1","0"
"DS786 .T368 2013","2","0"
"PL2332 .W35 2013","0","0"
"PL2865.Y88 W83 2013","0","0"
"PL2865.Y88 W83 2013","0","0"
"PL2865.Y88 W83 2013","0","0"
"PQ6390.F33 E75 2014","1","0"
"GF21 .J56 2014","0","0"
"PL2929.7.U244 J58 2013","0","0"
"PL2925.H84 W69 2013","0","0"
"HD7230 .S66 2014","0","0"
"PL2321 .W46 2013","0","0"
"E183.8.C6 J839 2014","0","0"
"PL2938.U33 X54 2013","1","0"
"PL2262 .L535 2013","0","0"
"PL2968.5.N96 Y59 2014","0","0"
"PL2357 .B536 2013","0","0"
"PL2303 .N58 2013","0","0"
"PL2623 .F46 2014","2","0"
"PL2978.5.H66 C43 2013","0","0"
"PL2919.P83 H66 2013","1","0"
"PL2930.5.I95 L58 2014","1","0"
"PL2976.Y83 W63 2014","0","0"
"DS777.5195.G364 C446 2013","0","0"
"PL2754.S5 Z69 2014","0","0"
"PL2947.D33 D66 2014","0","0"
"PL2466.Z6 J536 2013","0","0"
"BH85 .L593 2013","0","0"
"PL2928.K8 Q256 2014","0","0"
"PL2928.K8 G47 2014","1","0"
"PL2313 .O94127 2014","1","0"
"PL2883.N44 Y56 2013","0","0"
"PL2883.N44 Y56 2013","0","0"
"HF5387 .E842 2014","0","0"
"PL2332 .C36 2013","0","0"
"PL2264 .Z4679 2013","2","0"
"PL2402 .Y364 2013","0","0"
"PL2296 .H42 2014","0","0"
"PL2303 .H798 2013","0","0"
"PL2844.H82 B35 2014","3","0"
"LB1727.C6 C66127 2014","1","0"
"PL2611 .J56 2013","0","0"
"AZ791.Z7 B45 2013","0","0"
"DS768 .M357 2014","1","0"
"PL2463.Z6 C482 2014","0","0"
"PL2664.C5 Z535 2014","0","0"
"PL2664.C5 Z535 2014","0","0"
"PL2924.C5354 A6 2014","0","0"
"PL2929.5.N4184 Z446 2014","1","0"
"PL3031.L532 B35 2013","0","1"
"DS735 .M396 2014","3","0"
"PL2965.W45 B54 2014","0","0"
"PL2938.A632 T86 2014","0","0"
"PL2443 .H8364 2014","0","0"
"PL2420 .M327 2014","0","0"
"PL2878.A5974 Z243 2014","0","0"
"PL2398.T7 Z43 2014","0","0"
"PL2521.C54 X82 2014","0","0"
"HN733.5 .L538 2014","3","1"
"PL2296 .Z86 2013","0","0"
"PL2855.O64 N58 2014","2","0"
"PL2919.X536 A18 2014","0","0"
"PL2932.A33 J536 2013","0","0"
"PL2928.H78 D53 2013","8","1"
"DS776 .Y784 2014","0","0"
"PL2921.6.Q36 E7 2013","1","0"
"DS742 .M59127 2014","0","0"
"PL2954.L53 B8 2014","0","0"
"DS731.P85 H836 2014","0","0"
"DS778.Q255 A3 2013","0","0"
"DS778.Q255 A3 2013","0","0"
"LG51.P28 Z436 2014","1","0"
"D640.A2 F46 2014","0","0"
"PL8689.9.M57 P513 2013","0","0"
"HG4515.13 .S635 2014","0","0"
"PL2973.X532 N32 2014","0","0"
"PL2765.U225 A6 2013","0","0"
"JQ1513 .A167 2014","0","0"
"PL2877.L56 N536 2014","0","0"
"PL2973.D66 D33 2014","0","1"
"PL2878.N1378 N523 2014","1","0"
"PL2332 .L524 2014","0","0"
"HN733.5 .L5285 2014","0","0"
"LA1132 .L58 2014","0","0"
"PL2924.Y45 T536 2014","1","0"
"PL2710.U23 X8 2014","0","0"
"PL2710.U272 Z56 2014","0","0"
"PL2801.N18 C53 2014","0","0"
"LC315.C6 Y44 2014","0","0"
"PL2962.I266 R8 2013","0","0"
"PL2913.W36 S85 2013","0","0"
"PL2913.W36 Z86 2013","1","0"
"PL2913.W36 B35 2013","0","0"
"PL2913.W36 T84 2013","0","0"
"PL2960.U82458 Y52 2014","0","0"
"PL2939.5.H35 W46 2014","0","0"
"PL2833.A5 T536 2013","1","0"
"PL2925.K55 C4464 2013","1","0"
"PL2306 .F36 2014","0","0"
"PL2306 .Y453 2014","0","1"
"PL2306 .L82 2014","0","0"
"LA1131.82 .Z52 2014","0","0"
"PL2926.N242 Z45 2014","0","0"
"PL2926.N242 Z45 2014","0","0"
"ND1049.S549 A2 2014","1","0"
"PL2930.5.N23 H83 2014","0","0"
"GT3283.C436 H82 2014","0","0"
"PL2969.J53 M32 2014","0","0"
"PL2968.5.O65 L82 2014","0","0"
"PL2671 .G836 2014","2","0"
"PL2622 .C4464 2014","0","0"
"PL2909.I267 X5 2013","0","0"
"PL2930.5.I353 M56 2014","2","0"
"DS706 .L536 2014","0","0"
"PL2929.6.X56 J536 2014","0","0"
"DS777.488.C5 P676 2014","0","0"
"PL2699 .H57 2014","0","0"
"PL2882.I28 H45 2014","0","0"
"PL2946.X535 D3 2014","0","0"
"LB1044.87 .W8 2014","0","0"
"PL2861.A58158 Z675 2014","1","0"
"PL2882.I28 C664 2014","0","0"
"PL2946.H857 B36 2014","0","0"
"DS793.K45 B35 2014","0","0"
"PL2942.3.A6 S55 2014","0","0"
"PL2942.3.A6 S57 2014","0","0"
"PL2942.3.A6 S53 2014","1","0"
"JS7365.J598 A36 2014","0","1"
"PL2942.3.A6 S56 2014","0","0"
"PR9387.9.O955 C37 2012","1","0"
"HD62.4 .O73 2014","0","0"
"BP80.F36 S89 2010","1","0"
"HB615 .E5895 2014","0","1"
"DT515.8 .O3677 2010","1","0"
"GR351.7 .K3 2010","1","0"
"DT547.75 .F47 2007","1","0"
"BP189.7.M4 H34 1992","1","1"
"JQ3529.A79 P74 2012","0","0"
"PL8662.9.N35 L66 2010","0","0"
"DT547.853.D595 H37 2011","1","0"
"HQ27 .I446 2011","0","0"
"PR9499.4.K47 S66 2013","0","0"
"DR477 .C34 2014","0","0"
"BP188.8.T9 O98 1988","0","0"
"PJ7519.A9 K43 2013","1","0"
"D802.F82 L414 2014","4","0"
"PK6463 .G43 2009","0","0"
"DT299.T7 F47 2012","0","0"
"PR6123.I55287 M53 2014","1","0"
"PR6105.E98 N378 2014","0","0"
"BP189.7.M4 S25 2007","1","1"
"PR1111.L6 M68 2014","0","0"
"PR6068.E388 A68 2014","0","0"
"PS3563.O873975 M67 2014","4","0"
"PC1064.L89 A3 2014","4","0"
"PN481 .S39 2013","1","1"
"PS3552.R6596 H56 2014","1","0"
"HT147.A2 S64 2013","1","0"
"PR6115.D657 N5 2014","1","0"
"PN1995 .R27 2013","0","0"
"PS3621.L435 W65 2014","1","0"
"HM1101 .B53 2014","2","1"
"PS3553.O843 P69 2014","0","0"
"BR1026 .A56 2014","0","0"
"E855 .P468 2014","5","0"
"BL540 .S24 2013","1","0"
"F1413 .B85 2009","4","0"
"PQ6633.O73 A6 2012","0","0"
"HD62.4 .R47 v. 16","0","0"
"PQ6633 .O73 2013","0","0"
"PQ6439 .M85 2014","0","0"
"DS135.S7 C75 2012","2","0"
"PQ6655.G37 T54 2014","0","0"
"BT652.V4 S55 2013","1","1"
"HQ18.V4 H57 2013","0","0"
"F2329.22.M33 A5 2014","0","1"
"PQ6713.A775 V69 2014","0","0"
"F1412 .J36 2013","0","0"
"PQ6525 .L43 2014","3","0"
"PN4784.W7 E83 2013","1","0"
"PK6495.M843 A17 2003","1","0"
"PQ7390.G32 P75 2013","0","0"
"P211.3.S7 A47 2014","0","0"
"PR6112.O336 R467 2014","1","0"
"PQ2676.O464 C46 2013","0","0"
"PH5339.A8 D5318 2014","0","0"
"DP270 .S229 2014","0","0"
"PQ6398.G4 E43 2014","1","0"
"GN21.A26 A5 2012","0","0"
"F2328.52.C42 A5 2013","0","0"
"HE8699.S7 B35 2014","0","0"
"PQ6663.A748395 B84 2014","0","0"
"GT2919.I7 B85 2014","2","0"
"JC599.V42 L375 2012","1","0"
"E58.I58 Z37 2013","3","1"
"DS135.S93 K84 2014","0","0"
"DS316.9.J36 A3 2014","0","0"
"PK6482 .T257 2014","0","0"
"GV943.2 .M83 2014","1","1"
"PK6424.S54 S235 2013","0","0"
"B753.K54 J36 2013","0","0"
"PJ7765.A4 Z992 2013","0","0"
"HQ1216 .Z37 2014","0","0"
"DT266.7 .F5 2012","0","0"
"PQ6713.O923 M34 2013","0","0"
"PQ6651.M65 V53 2014","0","0"
"PQ6647.A5 C67 2014","0","0"
"PQ6619.I4 Z5625 2014","0","0"
"PQ6411 .L3 2014","0","0"
"PK1977 .A858 2010","2","0"
"PQ6279 .B25 2014","0","0"
"Z3320 .K98 2003","0","0"
"Z3320 .K98 2003","0","0"
"Z3320 .K98 2003","0","0"
"Z3320 .K98 2003","0","0"
"Z3320 .K98 2003","0","0"
"Z3320 .K98 2003","0","0"
"Z3320 .K98 2003","0","0"
"HB3817.5 .L44 2012","1","0"
"DS913.392.C53 A4 2013","0","0"
"DS299 .J38 2013","0","0"
"PA4377 .M6 1988 v. 50","0","0"
"PG3314.Z7 M876 2014","1","0"
"PS3557.R6725 M37 2014","8","2"
"PS3608.A7436 B66 2014","9","0"
"PN1998.3.K39 A3 2014","1","0"
"B751.Z7 I2558 2013","0","0"
"B4568.O74 G63 2014","1","0"
"PL857.I78 Y53 2004","0","0"
"Z695.5 .N87 2005","0","0"
"PL857.I78 S52 2001","0","0"
"HD57.7 .B42795 2014","1","0"
"PQ6663.A985 T43 2014","1","0"
"BF1548 .A46 2014","4","0"
"BX1585 .M67 2014","0","0"
"PL857.I78 H52 2009","0","0"
"PL857.I78 A83 2008","0","0"
"PL857.I78 T55 2008","0","0"
"PG3476 .C49 2001","2","0"
"PG3476 .C49 2001","1","1"
"PG3476 .C49 2001","1","0"
"PG3476 .C49 2001","0","0"
"PG3476 .C49 2001","0","0"
"PG3476 .C49 2001","0","0"
"PG3476 .C49 2001","1","0"
"PG3476 .C49 2001","1","0"
"HD53 .F76 2014","1","2"
"G3170 .S955 2014","2","1"
"DS247.O68 T35 2013","0","0"
"PN1993.5.I88 N69 2013","0","0"
"PQ4876.O44 Q513 2014","0","0"
"PR756.T72 C43 2014","2","0"
"GV840.S8 L33 2014","4","0"
"PR6113.A7527 S68 2014","3","0"
"B815 .O5 2013","1","0"
"HT145.R9 M45 2014","0","0"
"BD444 .M4287 2013","1","0"
"PL857.I78 S33 1996","1","0"
"PQ1590.E5 M678 2013","1","0"
"HF5469.55.U63 N4946 2012","0","0"
"PQ7499.2.R38 O713 2013","0","0"
"PS3552.U896 B53 2014","1","0"
"HQ1191.U6 H36 2014","2","0"
"PQ1799.G64 F54 2014","0","0"
"HB3722 .D74 2014","1","0"
"DS318.84.K45 S25 2013","0","0"
"GT2774.A2 A83 2012","0","0"
"DT159.978.J82 B35 2014","2","0"
"PG3337.K7 Z9355 2014","0","0"
"DK948.83 .F29 2010","1","0"
"GT1420 .Y37 2013","0","0"
"GT2853.C27 C37 2014","4","1"
"B829.5 .Z466 1995","1","0"
"CB411 .C846 2014","0","0"
"PJ7507 .A93 2013","0","0"
"PJ7507 .A93 2013","0","0"
"R510 .B63 2012","0","0"
"RZ440 .S468 2014","0","0"
"PM4291.Z95 S7 2012","0","0"
"LA1352 .Z83 2013","0","0"
"LA1352 .Z83 2013","0","0"
"LA1352 .Z83 2013","0","0"
"PQ6666.A48 O74 2014","1","0"
"PM3968.9.S3 Y59 2007","2","0"
"PM4011.Z77 R63 2007","1","0"
"PM4549.C78 J63 2007","1","0"
"PQ7298.412.B85 Y85 2007","1","0"
"HC980.Z9 P65 2012","1","0"
"PK6561.S23 P36 2011","1","0"
"PK6561.S23 P36 2011","0","0"
"HQ799.C85 E57 2009","1","0"
"DS62.23 .S847 2014","2","0"
"PN6377.M39 V63 2000","1","0"
"PL857.I78 T54 2004","0","0"
"PM4065 .C646 2005","1","0"
"BP133.5 .A43 2007","1","0"
"BP133.5 .A43 2007","0","0"
"BP133.5 .A43 2007","0","0"
"BP133.5 .A43 2007","0","0"
"PA6029.M67 H36 2013","1","0"
"KNQ440 .S548 2013","1","1"
"PR6102.E774 B53 2014","0","0"
"PL2862.I3456 Q635 2014","0","0"
"BP195.S55 N87 2014","0","0"
"PL2262 .W828 2013","0","0"
"PQ2063.S3 G36 2014","0","0"
"PR6065.N435 D64 2014","6","0"
"PN2087.F5 M37 2013","0","0"
"PG7158.M5532 C9624 2013","0","0"
"DS688.M2 O98 2013","1","0"
"PQ2205 .A1 2014","0","0"
"NA2543.S6 W55 2014","1","0"
"DK510.29 .F39 2014","0","0"
"JQ1410 .I56 2013","0","0"
"DS664 .E27 2013","0","0"
"RD592.9.M37 A3 2014","13","0"
"HD6305.F55 B56 2012","1","0"
"BS491.3 .M38 2014","1","0"
"HD2088 .P33 2013","0","0"
"HQ1064.A78 A87 2013","0","0"
"PA6804.G4 R6 1918a","0","0"
"HB881.A1 P65 v. 69, no. 1","1","0"
"JQ3089.5.C6 K36 2012","1","0"
"D531 .W38 2014","5","0"
"PN4820 .C36 2014","1","0"
"F1219.1.Z44 T67 2001","1","0"
"PM4149.D53 R48 2012","1","0"
"GN366 .A36 2013","0","0"
"PQ155.E25 C37 2014","0","0"
"BP188.9 .Q73416 2013","0","0"
"F1219.3.E3 L67 2003","2","0"
"PA78.E85 C655 2014","0","0"
"AC127 .T36 2008","0","0"
"PM4413.Z77 A448 2002","1","0"
"PQ7298.13.R64 E83 2012","0","0"
"PQ7442.A34 E47 2011","1","0"
"PR6013.A75 A6 2014","0","0"
"PQ7442.V34 R47 2012","1","0"
"PQ2396 .A3 2014","0","0"
"PQ2396 .A3 2014","0","0"
"PR4785.H55 Z67 2014","0","0"
"HC198.N4 M46 1994","1","0"
"HC198.N4 M46 1994","1","0"
"E185.625 .S77 2007","3","0"
"PM4299.A2 C358 2004","1","0"
"DS318.84.H37 A3 2014","0","0"
"BP63.A34 C46 2014","0","0"
"PM4068.9.J643 A46 2003","1","0"
"PQ7087.E5 L58 2003","1","0"
"CN380.B6 F66 2014","0","0"
"DK275.A53 B868 2014","0","0"
"BX597.V475 A2 2014","0","0"
"PS3612.A824 H66 2014","0","0"
"BT927 .J66 2014","4","0"
"PQ6352 .O63 2014","0","0"
"PA4272 .F7 2014","0","0"
"DS316.9.B35 S23 2014","0","0"
"PN6377.N24 J65 2004","2","0"
"PQ2703.O4252 J4 2014","0","0"
"BP80.S517 A83 2013","0","0"
"PK6561.S559 Z623 2014","2","0"
"F1221.N3 J64 2004","1","0"
"PN6725 .S376 2014","1","0"
"DS266 .M34 2014","2","0"
"BX8699.N33 I54 2014","0","1"
"PK6561.Q275 I84 2011","0","0"
"PK6561.Q275 S87 2011","1","0"
"HM131 .A3 v. 31","0","0"
"F1219.3.N35 G35 2006","1","0"
"DS830 .O313 2014","2","1"
"PN2598.T4 A4 2010","1","0"
"DG12.5 .T445 2013","4","1"
"PK6550.U7 A6 2013","0","0"
"HM477.A8 H37 2014","0","0"
"LB14.7 .A45 2014","0","0"
"HD9213.C44 J585 2014","0","0"
"JK2281 .A73 2014","0","0"
"HD2963 .C6586 2014","2","0"
"JZ5538 .C668 2014","3","0"
"LB2332.3 .C76 2014","0","0"
"JC423 .D46 2014","0","0"
"H61.15 .S56 2014","0","0"
"HF5382.7 .A744 2014","2","1"
"JZ1305 .E528 2014","0","0"
"HG4028.V3 B45 2014","0","0"
"LA227.4 .D74 2014","14","0"
"HJ1000 .R35 2014","0","0"
"HF5415.2 .L67 2014","0","0"
"HV7436 .M56 2014","2","1"
"LB41.5 .P47 2014","2","0"
"HG1521 .E87 2013","0","0"
"HD9502.U52 B43 2014","3","0"
"HG6046 .N55 2014","1","0"
"HV4505 .W33 2014","0","0"
"KZ1266 .H86 2014","0","0"
"KZ1266 .H86 2014","0","0"
"KZ1266 .H86 2014","0","0"
"HD57.7 .S76 2014","0","0"
"HM851 .C586 2014","0","0"
"HD1476.B293 M35 2014","0","0"
"HD9560.5 .R57 2014","2","0"
"HM741 .L36 2014","3","0"
"HD31 .L473 2015","0","0"
"HE8085 .M85 2014","0","0"
"GN491.7 .N45 2014","1","0"
"HC415.36 .Y68 2014","0","0"
"JA76 .M9213 2014","0","0"
"HD7303.M4 S63 2014","0","0"
"HE551 .B87 2015","1","0"
"HD7288.78.I8 P55 2014","0","0"
"HQ766 .R377 2014","0","2"
"JC423 .C578 2014","0","0"
"BF698.95 .D38 2014","0","1"
"HC110.W4 H49 2013","1","0"
"K1066 .F56 2014","0","0"
"KF7209 .K37 2014","0","0"
"HM851 .S645 2015","6","0"
"JC573.2.U5 H67 2014","0","0"
"HG3881 .T6534 2014","1","0"
"JK554 .M35 2014","0","0"
"JN1159.A8 W454 2014","0","0"
"HD6053 .W6455 2014","0","0"
"HD1698.M45 G46 2014","0","1"
"HQ773.8 .C66 2014","1","0"
"HD51 .R427 2015","1","0"
"HM636 .R528 2014","2","1"
"HT151 .C58 2014","0","0"
"HC85 .N65 2014","0","0"
"HF5381 .O27 2014","1","1"
"LB2386 .D48 2014","0","0"
"LC3993.9 .D448 2014","0","0"
"LB2395.7 .E338 2014","3","0"
"HB3782 .E93 2014","0","0"
"JZ1670 .F67 2014","1","0"
"JZ5538 .I44 2014","0","0"
"HT352.N7 H47 2015","0","0"
"HD78 .R5713 2014","4","0"
"JC571 .W66 2014","1","0"
"JZ1237 .B89 2014","0","0"
"LB1137 .R63 2014","3","0"
"HM1261 .H373 2015","0","0"
"LC1059 .L42 2015","2","0"
"LB1060 .L43 2014","2","0"
"HB74.P8 N48 2015","2","0"
"HB3722 .D867 2014","0","0"
"HE8700.76.U6 L52 2015","3","0"
"LB1715 .M776 2015","3","0"
"JF1351 .L87 2014","0","0"
"LB1044.87 .R49 2015","0","0"
"BF575.A86 R68 2014","1","0"
"HD4861 .S43 2014","0","0"
"HM1121 .S62987 2014","0","0"
"HD60 .S59453 2014","0","0"
"HM881 .F54 2014","2","0"
"HV6431 .B498 2014","1","0"
"HM24 .S32281 2014","0","0"
"HT690.U6 B376 2014","0","0"
"HG4521 .G5476 2014","0","0"
"JV8138 .T78 2014","0","0"
"E99.C6 G76 2014","1","0"
"HD2746.5 .G35 2014","0","0"
"HB3661.A3 C686 2014","0","0"
"HD30.213 .X8 2015","0","0"
"HM1121 .G46 2014","2","0"
"JV6465 .H54 2014","4","0"
"JV6465 .H54 2014","4","0"
"JV6465 .H54 2014","5","0"
"HC79.I55 I58 2014","0","0"
"LC107 .I58 2014","0","0"
"HT169.F72 M656 2014","1","0"
"P302.5 .T75 2014","0","0"
"BF1099.L82 L83 2014","3","0"
"BF1099.L82 L83 2014","0","1"
"HD2892.45 .S67 2014","0","0"
"HF5415.2 .B74 2014","1","0"
"JZ4997.5.E87 N48 2014","0","0"
"LC149 .N48 2014","1","0"
"HD9502.U52 O82 2015","2","0"
"HD8039.S42 U6644 2014","5","0"
"GN663 .P317 2014","0","0"
"JC575 .P63 2015","0","0"
"HF5415.5 .Q83 2014","0","0"
"HD60 .S2493 2014","1","0"
"HD2917 .R68 2015","2","0"
"HT1521 .R687 2015","4","0"
"JC389 .A83 2014","1","0"
"HN801.Z9 C695 2014","0","0"
"PN4899.N32 A44 2014","0","0"
"JZ6374 .W45 2014","0","0"
"LC4091 .U45 2014","0","0"
"JZ1405 .B35 2014","1","0"
"HV6431 .L634 2014","1","0"
"LC2042 .W663 2014","0","0"
"BF481 .B8677 2014","1","1"
"H62 .C6962 2011","12","0"
"HM851 .R4336 2014","2","0"
"JQ1875 .E529 2014","0","0"
"HD9000.5 .B733 2014","0","0"
"JF1525.E8 W43 2014","1","0"
"GF552.E2 M37 2014","0","0"
"KF5130 .M53 2015","0","0"
"HM1261 .L434 2014","0","0"
"H62 .H36 2014","1","2"
"BF1593 .L39 2014","7","1"
"JZ5534 .Q55 2014","0","0"
"HT241 .F75 2014","2","0"
"BF353.5.S87 J66 2015","1","0"
"LB1025.3 .R443 2014","0","0"
"BF575.A86 R684 2014","0","0"
"HF5414 .B65 2014","0","0"
"BF697.5.B63 A53 2014","0","0"
"HV6545 .S8327 2014","0","0"
"HB615 .N43 2014","4","0"
"P302.8 .G44 2015","3","0"
"HA31.2 .S56 2013","0","0"
"HT166 .T86 2014","1","0"
"GV943.9.S64 I44 2014","0","1"
"RC552.P67 L398 2013","4","0"
"RC488 .O54 2015","1","0"
"GV958.5.S59 F56 2014","2","0"
"RC150.4 .O63 2014","5","0"
"R726 .P7613 2014","0","1"
"F598 .R49 2014","0","0"
"D632.5.S47 V45 2014","0","0"
"PT772 .B286 2014","0","0"
"BX1406.3 .C37713 2014","0","0"
"F394.F7 T69 2014","0","0"
"PN1995.9.B795 B79 2014","1","0"
"DK266.45 .C65 2014","3","1"
"E457.2 .M66 2014","0","1"
"HQ75.6.G3 L93 2014","2","1"
"PS217.A87 S28 2014","1","0"
"DF261.B5 E65 2014","1","0"
"B395 .A27 2014","0","0"
"DK254.N5 R63 2014","1","0"
"BS2397.A1 I58 2014","0","0"
"BR1644.5.U6 E87 2014","1","0"
"BJ1063 .F53 2014","1","0"
"BL603 .C76 2014","1","0"
"B317 .N46 2014","0","0"
"PS228.P35 P37 2014","4","0"
"PT361 .S2713 2014","8","0"
"BR555.T4 W88 2014","2","0"
"E540.N3 I93 2014","3","0"
"PS3569.O6547 Z87913 2014","0","0"
"DK508.9.K78 M34 2014","2","0"
"PN1043 .B2813 2014","0","0"
"PS648.W4 B73 2014","0","0"
"BL624 .B6358 2014","0","0"
"PR888.R5 N48 2014","3","0"
"BL625.9.I55 C66 2014","0","0"
"HQ1121 .I58 2014","0","0"
"D638.U5 H36 2014","0","0"
"PS3554.E114 P67 2014","1","0"
"BS2545.P66 F4513 2014","0","0"
"PS3607.R656 S63 2014","0","0"
"PS3604.I93 T66 2014","1","0"
"PS201 .U57 2014","8","0"
"PR6060.A32 J12 2014","5","0"
"PR6037.T1615 W376 2014","0","0"
"DA995.C7 B74 2014","0","1"
"PM4251 .L45 2005","1","0"
"PQ8180.17.A665 I82 2000","0","0"
"DT62.T6 F55 2012","0","0"
"DT657 .A67 2014","1","0"
"RC280.B7 C687 2014","3","0"
"PR6107.L46 B37 2014","0","0"
"PS3552.A846 B45 2014","0","0"
"BS2655.P64 B47 2014","0","0"
"PR113 .C85 2014","1","0"
"PS490 .C54 2014","1","0"
"PS169.S55 C53 2014","1","0"
"PN682.H76 D37 2014","1","0"
"PN2075 .H645 2014","0","0"
"DU120 .S64 2014","0","0"
"DAW1044 .T85 2014","0","0"
"PS2631 .C65 2014","1","0"
"PR6013.L8 Z55 2014","0","0"
"PR878.F36 J46 2014","1","0"
"PR871 .M68 2014","0","0"
"DR590 .B374 2014","1","0"
"PN1009.5.G46 G36 2014","0","0"
"DD237 .G448 2014","5","0"
"D804.348 .P43 2014","1","0"
"E185.86 .H964 2014","2","0"
"N8217.F27 I43 2014","0","0"
"D299 .B37 2014","0","0"
"DU107 .O36 2014","0","0"
"PR3506.H94 I58 2014","0","0"
"BT78 .E57 2014","1","0"
"PN3437 .B68 2014","2","1"
"DS134.84 .S578 2014","5","0"
"BL1033 .M38 2014","3","0"
"PN1995 .K86 2014","0","1"
"E901.1.R66 P47 2014","0","0"
"PN1968.U5 D38 2014","1","0"
"B3313.A44 W45 2014","2","0"
"PS159.E5 A34 2014","0","0"
"PN1083.M4 R69 2014","0","0"
"DF854 .P417 2014","0","0"
"PN1997.B596 C88 2014","1","2"
"PN494 .P86 2014","1","0"
"DA355 .V55 2014","2","1"
"DS35.74.W47 R4 2014","0","0"
"BL51 .O66 2014","0","0"
"PN56.U8 H68 2014","0","0"
"DR726 .C35 2014","2","0"
"PN1929.S537 P43 2014","1","0"
"PR976 .S77 2014","1","0"
"PR6045.O53 T35 2014","0","1"
"PN1994 .R215 2014","2","0"
"P94.6 .T73 2014","1","0"
"F194 .G74 2014","3","1"
"BL51 .C365 2014","0","0"
"HQ1638 .B73 2014","0","0"
"D810.W7 W477 2014","1","0"
"E477.52 .S66 2014","2","0"
"PR2336.R8 A73 2014","0","1"
"PS3566.H476 A78 2014","3","0"
"BT265.3 .V53 2014","0","0"
"B808.9 .W8 2014","1","0"
"DS923.23 .H66 2014","5","2"
"PR9199.4.W333 B57 2014","0","0"
"BT21.3 .B39 2014","1","0"
"P96.E25 H37 2014","1","0"
"PS3568.O717 A6 2014","1","0"
"E183.8.C9 H84 2014","0","1"
"P96.I5 V65 2014","2","0"
"PS3614.A933 H68 2014","1","0"
"PS3619.H577 A6 2014","1","0"
"BR162.3 .F54 2014","0","0"
"HQ75.28.U6 M49 2015","1","0"
"E183.8.S6 F45 2014","0","0"
"PS3560.O384 A6 2014","8","0"
"BX9516.V8 S54 2013","0","0"
"BS476 .H285 2014","0","0"
"PR6066.U44 Z8498 2014","0","0"
"BJ1286.C5 U46 2014","0","0"
"BT761.3 .S26 2014","0","0"
"BL805 .S873 2013","3","0"
"HQ1240.5.A35 K48 2014","1","0"
"PR6119.I458 L69 2014","0","0"
"PS3613.O54845 N86 2014","1","0"
"PS3614.A49 A53 2014","1","0"
"PN3311 .F53 no. 46","0","0"
"PM4149.Z9 S257 2009","0","0"
"PS3611.E332 L58 2012","1","0"
"PK6495.M88 A6 2013","0","0"
"PK6405.2.K43 P37 2008","0","0"
"F1221.N3 C64 2010","0","0"
"BL1900.C576 W3897 2013","1","0"
"PL2471.Z7 L566 2013","0","0"
"PN1997.T42873 G68 2014","1","0"
"BP130.2 .B34 2013","0","0"
"D680.B4 S54 2014","1","0"
"DP48 .L685 2013","0","0"
"P295 .Z36 2013","0","0"
"PQ6657.O586 V54 2014","0","0"
"PL2262 .T788 2013","1","0"
"PG1919.23.E76 A1995 2013","1","0"
"P130.52.M38 L39 2014","0","0"
"PG3098.4 .S39 2014","0","1"
"PG7213.A84 W6513 2005","1","0"
"B2942.Z7 K57 2014","2","0"
"DP302.C68 B68 2014","2","0"
"PG3476.N3 C68 2014","2","0"
"PG3476.A747 Z87 2014","0","0"
"DC73 .K275 2014","2","1"
"DC73 .K275 2014","2","1"
"DC73 .K275 2014","2","1"
"PR8771 .M33 2014","0","0"
"BX4920 .B552 2013","0","0"
"DG59.A2 R43 2014","1","0"
"BP166.14.A84 S27 2014","0","0"
"PN3220 .M37 2014","0","0"
"BL1237.32 .P87 2013","0","0"
"DS101.W64 S44 2014","1","0"
"DT576 .R48 2011","0","0"
"KF8700 .R36 2014","0","0"
"BF1714.H5 J6313 2014","0","0"
"JZ5006.2 .A5 2014","0","0"
"QC955.5.U6 P37 2014","0","0"
"LC196.5.U6 D58 2014","0","0"
"LC145.E85 G76 2013","0","0"
"HF178.3 .M67 2014","0","0"
"LB1582.U6 M66 2014","3","0"
"BF109.F74 K74 2014","1","0"
"PR9199.3.M384 C53 2014","1","0"
"PQ7298.13.L33 C8413 2008","2","0"
"HD58.8 .H6444 2014","1","0"
"JV6225 .J65 2014","4","0"
"HC104 .H63 2014","2","0"
"HD9012.5 .S65 2014","4","0"
"JF1051 .M24 2014","1","0"
"E93 .B86 2014","0","0"
"JC179.R9 N48 2014","4","1"
"HD2114 .A73 2013","0","0"
"HD5325.I32 U625 2014","0","0"
"LC2683.3 .M49 2014","2","0"
"HD2910 .D65 2013","0","0"
"LB3013 .G37 2014","2","0"
"HT178.T52 C535 2014","2","0"
"GF75 .I54 2014","2","1"
"JK1967 .M43 2014","1","0"
"HQ767.5.U5 M34 2014","5","1"
"PR9199.3.G373 J85 2014","0","0"
"HC200.I52 M46 2001","0","0"
"BF637.C45 I58 2000","0","0"
"PK6561 .M99 2014","0","0"
"PL3031.H59 H56 2014","0","0"
"B5233.M27 R46 2013","0","0"
"DF229.T6 M675 2014","2","0"
"LC3996.C7 O78 1997","0","0"
"PL2303 .L5459 2013","0","0"
"DC59.8.G3 W4 2014","2","0"
"PL2443 .J544 2013","0","0"
"PG5038.M3765 P28 1974","0","0"
"PK6458 .R599 2013","0","0"
"PL8608.4 .G27 2012","0","0"
"GT1555 .W36 2013","1","1"
"PR9408.R82 R93 2013","1","0"
"D757.85 .W344 2014","1","0"
"PM8012 .Q553 2011","2","0"
"LB2331.5 .S6755 2013","0","0"
"CC101.R8 A523 2014","0","0"
"DK771.Y2 I15363 2012","0","0"
"HQ1613 .A36 2014","0","0"
"DX145 .G84 2014","0","0"
"D62 .G54 2014","2","0"
"KBP184.A32 D87 2012","0","0"
"K3171 .L577 2013","0","0"
"DG233.9 .C36 2014","0","0"
"DS779.46 .D4653 2014","2","0"
"PJ7541 .J254 2010","0","0"
"PL2614 .Z36 2013","0","0"
"JZ1582 .H58 2014","2","0"
"F2519.3.E2 P47 2012","0","0"
"DS721 .Z55 2013","0","0"
"HQ76.45.B6 L43 2012","0","0"
"PQ3989.2.B68 W3 2007","2","0"
"G154.9 .L86 2013","0","0"
"GV1588.5 .B37 2014","0","0"
"HC1020 .N5347 2012","0","0"
"HC426.5.H8 D46 2006","0","0"
"DS796.H753 X56 2013","0","0"
"DT87.15 .N33 2014","0","0"
"HG231 .C344 2014","2","0"
"GN635.I7 P67 2014","0","0"
"HV5513 .S37 2014","4","4"
"B5234.W334 X56 2012","0","0"
"PK6561.B872 Y35 2014","0","0"
"PN1992.4.W49 P38 2014","3","0"
"PR6103.U484 C65 2014","2","0"
"UB418.W65 T56 2014","3","1"
"PK6561.A334 G89 2013","0","0"
"PL857.I78 W36 1994","0","0"
"PK6562.29.I93 F37 2013c","1","0"
"DG451 .P44 2014","0","0"
"PK6561.R376 A48 2013","1","0"
"PK6561.S2787 P37 2013","1","0"
"PS3566.Y55 Z654 2014","1","0"
"PS3568.A5988 A94 2014","0","0"
"PR468.N3 S38 2014","1","0"
"PE3502.S5 W66 2014","1","0"
"BL1923 .G46 2011","2","0"
"PM4068 .M37 2014","2","1"
"DF285 .H36 2014","5","0"
"PQ6073.M6 H54 2014","0","1"
"BJ1031 .J43 2014","0","0"
"BS1235.52 .P76 2014","3","1"
"PR2953.M54 S37 2014","2","0"
"BX1407.H55 H66 2014","0","0"
"E415.9.K27 M47 2014","0","0"
"PS3525.I972 G677 2014","0","0"
"PS3568.A698 Z73 2014","3","2"
"E901.1.O23 S56 2014","2","0"
"E467.1.W46 A3 2014","1","0"
"PS153.I52 M44 2014","2","0"
"DS568 .A626 2014","5","0"
"DD569.A2 G67 2014","0","0"
"HQ119 .M35 2014","2","0"
"PN1995.9.M86 G37 2014","0","0"
"PS3242.N2 G47 2014","3","0"
"BL624 .R455 2014","0","0"
"HQ1219 .T35 2014","1","0"
"DS793.S5 W36 2014","2","0"
"BX8643.P6 C36 2014","2","0"
"PA3951 .E5 2014","3","0"
"HQ57.3 .G55 2014","3","0"
"PS3608.O4828 S27 2014","0","0"
"PQ7081 .O494 2014","2","0"
"DR584.5 .A56 2014","3","0"
"PQ4902.A7348 S76 2013","0","0"
"PK6561.M813 S28 2012","0","0"
"PK6562.28.A898 A35 2013","1","0"
"PL857.I78 A55 2012","0","0"
"PK6562.36.A357 Z36 2013","0","0"
"PK6561.C45 R88 2005","0","0"
"D785 .S8713 2014","8","0"
"PL857.I78 A734 2002","0","0"
"PS3607.R4285 S87 2014","0","0"
"RA395.A3 M393 2015","2","1"
"RA395.A3 M393 2015","3","0"
"PN2287.N35 K68 2014","1","0"
"PK6561.S294 A33 2013","1","0"
"DC59.8.I8 V477 2014","1","0"
"BJ1533.H8 J336 2013","0","0"
"BJ1533.H8 J336 2013","0","0"
"PN56.I42 M39 2014","1","0"
"PR149.G54 L58 2014","0","0"
"PG1745.M348 M28 2002","0","0"
"P326.5.P45 K437 2014","0","0"
"DS156.S25 E94 2014","0","0"
"BT695.5 .A44 2014","0","0"
"PG5040.26.E94 C48 2014","0","0"
"LB2822.75 .D86 2013","0","0"
"PQ7389.M2 J677 2009","0","0"
"PR9199.4.L455 W56 2014","0","0"
"PG5039.12.E345 K49 2013","0","0"
"PN4731 .O366 2013","0","0"
"PN1136 .M26 2014","0","0"
"PK6562.19.S635 N54 2014","0","0"
"PK6562.23.U94 R34 2014","0","0"
"PQ8550.13.H5 L4 2014","0","0"
"PQ7442.B47 T4 2013","0","0"
"PK6561.M98 V3 2014","0","1"
"F1976.3.C36 A5 2014","0","0"
"DS904 .K678 2014","0","0"
"PQ7442.D45 B84 2014","1","0"
"F1221.C58 P48 2013","0","0"
"F1221.T4 M85 2013","0","0"
"F1221.T4 M85 2013","0","0"
"PQ6603.A7 M4634 2014","0","0"
"AC127 .T36 2008","0","0"
"AC127 .T36 2008","0","0"
"AC127 .T36 2008","0","0"
"PQ7798.26.E89 T75 2014","0","0"
"PR6113.A33554 M44 2014","1","0"
"PS3604.A524 S59 2014","1","0"
"RC508 .P45 2013","2","0"
"PR6063.U57 A6 2014","3","0"
"GV706.35 .U53 2014","0","0"
"NK3639.P4 Q55 2013","0","0"
"PQ6635.E6982 R3 2014","0","0"
"PS3569.C5548 D34 2014","20","0"
"PQ6653.A17 A6 2014","0","0"
"PQ6115 .H84 2014","0","0"
"PQ7298.13.L33 D4713 2006","1","1"
"PG5007 .G767 2013","0","0"
"PG5007 .G767 2013","0","0"
"HS851 .A43 2014","1","0"
"N7105 .M63 2014","2","0"
"HG4521 .V36 2014","1","0"
"LB1775.6 .B744 2014","0","1"
"GE70 .H53 2014","1","0"
"HT612 .H67 2014","1","0"
"LC5153.G7 D37 2014","0","0"
"DK651.B43344 D444 2008","0","0"
"DS156.L8 E97 2013","1","0"
"UA853.P18 S53 2014","1","0"
"BT198 .M34 2014","0","1"
"DS96.2 .B79 2014","0","0"
"PS3552.L6378 L83 2014","5","0"
"UA853.P18 F35 2014","8","0"
"PS3603.U4676 S44 2014","0","0"
"P51 .M376 2013","0","0"
"PH3158 .T377 2013","0","0"
"PS3507 .U629 2014","3","1"
"HV6248.V455 A3 2014","1","0"
"PN4874.F6155 A3 2014","1","0"
"PR590 .S72 2013","0","0"
"LB1062 .S5138 2013","0","0"
"HF1595.Z4 C62 2014","0","0"
"KZA1692 .C66 2011","1","0"
"DS526.7 .I845 2014","0","0"
"PN56.E63 A57 2014","3","0"
"DD120.J3 B48 2014","0","0"
"D769.306 761st .D56 2014","0","0"
"DA500 .B534 2014","1","0"
"BQ4570.G56 B83 2014","0","0"
"DT613.76.C3 R33 2014","3","0"
"PS3558.E4753 C66 2014","0","0"
"D517 .N49 2014","0","0"
"PS374.T55 V48 2014","1","0"
"PS374.Y57 F46 2014","2","0"
"HQ1155 .D38 2014","0","1"
"HQ1240.5.P18 C43 2014","1","0"
"PN1995.9.W3 H48 2014","2","1"
"PS374.M37 B46 2014","1","1"
"PL2478 .D44 2014","1","0"
"E185.625 .T95 2014","0","1"
"E457.52 .R44 2014","0","0"
"PR428.R46 M37 2014","0","2"
"PR9185.5.C57 L58 2014","0","0"
"RC533 .A273 2014","5","0"
"PS3553.O5788 M78 2014","0","0"
"PN1993.5.F7 F765 2014","1","0"
"PN2051 .N258 2014","0","0"
"G116 .B66 2014","3","0"
"PE1999.N67 C65 2014","0","0"
"F187.C5 O73 2014","0","0"
"PN45 .V37 2014","0","0"
"BS2775.6.R65 W55 2014","1","0"
"PN56.E62 R48 2014","3","0"
"E476.93 .B69 2014","0","2"
"PN2287.D37 K46 2014","0","0"
"BL2530.H3 T49 2014","3","0"
"PA3875.L8 K64 2014","3","1"
"BP131 .D4 2014","1","0"
"D810.S7 B35 2014","1","0"
"PR1872 .A33 2014","2","0"
"PN2287.C685 N53 2014","0","0"
"PR756.T72 J36 2014","3","0"
"E744 .H94 2014","4","0"
"PL642 .U83 2014","1","0"
"DS797.84.K374 D55 2014","1","0"
"PS3618.O87255 Y68 2014","6","0"
"DS357.5 .S35 2014","0","0"
"PS3602.E7683 A613 2014","2","0"
"PS3610.E86 A6 2014","0","0"
"BT1103 .S567 2014","1","0"
"BC177 .G53 2014","4","1"
"PS3569.A49 B66 2014","2","0"
"PS3623.I879 A6 2014","1","0"
"PR6118.H475 F36 2014","0","0"
"PR6115.L75 F55 2014","0","0"
"PS3608.A7243 F56 2014","0","0"
"PR9197.35.S33 F73 2014","0","1"
"PQ4873.A691545 C3613 2014","0","0"
"PS3610.E527 H65 2014","1","0"
"PN2041.S45 K56 2014","4","0"
"PS3618.O84523 I42 2013","1","0"
"PS3558.A7193 I3 12014","0","0"
"PQ6312 .G37 2013","0","0"
"PS3569.M53757 L35 2014","0","0"
"PL1065 .L385 2014","4","0"
"D773 .W55 2014","0","1"
"PS3551.R4846 L54 2014","0","0"
"DS257 .B44 2014","0","0"
"PR6070.E497 M43 2014","0","0"
"DC255.C4 A3 2014","3","0"
"B2948 .Z55313 2014","5","0"
"PS3564.O79 N44 2014","0","0"
"D62 .S74 2014","1","0"
"DA30 .L44 2014","1","0"
"PQ3897 .S23 2014","1","0"
"PS3563.I3787 S43 2014","0","1"
"HQ72.U53 L47 2014","0","0"
"PS3569.I447 T48 2014","0","0"
"PS3607.E779 T75 2014","0","0"
"PR9196.7.I53 T86 2013","2","0"
"PE3727.S7 D37 2014","3","0"
"P94 .P555 2015","3","0"
"D840 .M363 2014","1","1"
"JQ766.R43 I53 2013","1","0"
"HC441 .A8085 2013","2","0"
"U21.5 .O2813 2012","0","0"
"PL5089.M252 M37155 2014x","0","0"
"BP189.4 .J36 1991","2","0"
"HC441 .T73 2014","1","0"
"P115.5.E85 B673 2014","0","0"
"PH3281.K2263 Z65 2014","0","0"
"HM1 .S84 v. 43","3","0"
"DB2742.H8 P67 2014","0","0"
"DS595 .M57 2014","0","0"
"PG3476.M355 Z5967 2013","0","0"
"BS1255.52 .W54 2014","0","0"
"B105.D48 C3615 2014","0","0"
"PH3213.D256 F2514 2013","0","0"
"PG3491.5.H467 D48 2014","1","0"
"E207.U45 H83 2014","0","0"
"PA6519.M9 A39 2014","1","0"
"PG3481.A28 C48 2013","0","0"
"PG3492.56.L535 P65 2014","0","0"
"PG3476.G6553 Z46 2014","0","0"
"D805.S7 M46 2013","1","0"
"PG3476.A747 Z66 2014","0","0"
"PH3213.B14 Z84 2013","1","0"
"PQ6657.A6965 A64 2014","0","0"
"PR6108.U373 T45 2014","0","0"
"PQ7386.5.E54 G46 2014","2","0"
"PG3491.3.N727 A633 2013","0","0"
"PR9510.9 .M37 2013","0","0"
"F1435.3.F6 Y2 1999","0","0"
"PG3479.V5 N4 2013","0","0"
"PL430.9.E7 Z67 2013","0","0"
"N9150 .V38 2013","3","0"
"DG295 .S36 2013","0","0"
"PG3479.6.I87 A6 2013","0","0"
"PN6519.A6268 O55 2012","0","0"
"F1221.N3 L56 2011","0","0"
"PQ7428 .S26 2007","2","0"
"PQ7153 .R85 2012","1","0"
"PN6120.92.H56 P35 2013","0","0"
"PM3969.5.X15 S86 2012","1","0"
"HQ1122 .D47 2013","1","0"
"PQ6641.A47 Z592 2014","0","0"
"PQ6666.U35 N67 2014","0","0"
"DC33.7 .P85 2014","0","0"
"N8234.P3 P53 2014","0","0"
"PA3405.S8 E8 1902","3","0"
"PA3405 .S8E8 1902","2","0"
"PG5039.23.A46 A77 2013","0","0"
"PQ7409.2.V255 N28 2014","0","0"
"NX512.M66 A35 2014","0","0"
"PN2053 .R78 2015","2","0"
"PB1221 .G736 2013","2","0"
"HC197.5 .F58 1998","0","0"
"TH45 .F56 1995","1","0"
"PQ7298.426.A553 N68 2013","0","0"
"F3001.9.B55 S437 2013","2","0"
"PQ7440.G58 A6 2012","0","0"
"PQ7390.V374 E88 2013","0","0"
"BP133 .D35 2003","0","0"
"BP133 .D35 2003","0","0"
"BP133 .D35 2003","1","0"
"BP133 .D35 2003","0","0"
"BP133 .D35 2003","0","0"
"BP133 .D35 2003","0","0"
"BP133 .D35 2003","0","0"
"BP133 .D35 2003","1","0"
"BP133 .D35 2003","0","0"
"BP133 .D35 2003","1","0"
"BP133 .D35 2003","0","0"
"HN771 .A33 2012/13","0","0"
"B741 .I34 2014","0","0"
"B741 .I34 2014","0","0"
"PQ7442.A85 V37 2014","0","0"
"B752.A964 A4 1983","0","0"
"B752.A964 A4 1983","0","0"
"F2258 .P32 1994","0","0"
"PS3557.L8 A6 2014","2","0"
"PR9499.4.R69 I76 2013","0","0"
"PS3613.C54 A45 2014","0","0"
"PQ9188.E5 B55 2014","0","0"
"DS485.P87 A53 2012","0","0"
"DG499.B3 I83 2014","2","0"
"HC434 .P74 2013","0","0"
"HB171 .C484 2014","5","1"
"PS3507 .U629 2014","3","0"
"RA418.3.I4 A37 2014","1","0"
"BF818 .M54 2013","0","0"
"PS3569.T33828 P37 2014","0","0"
"PR2303 .K47 2014","0","0"
"TP559.P8 L54 2014","0","0"
"BR65.A9 N37 2013","1","0"
"JC179.R9 K53 2014","0","0"
"PS3560.A44 R47 2014","1","0"
"PT2635.I65 Z585 2014","1","0"
"HB501 .A76 2013","0","0"
"B753.G33 M316 1984","0","0"
"DS432.M84 S94 2013","0","0"
"PQ6619 .A7 2013","0","0"
"DC131.9.D87 B86 2013","1","0"
"PJ7755.I18 Z68 1962","1","0"
"DG108 .R46 2011","0","0"
"P302.5 .C69 2013","0","0"
"BJ1291 .G4316 1995","2","0"
"PQ6720.E518 C66 2014","0","0"
"CE21 .B519 2007","0","1"
"PQ6619.A7 P67 2014","0","0"
"PS3620.H75 A66 2014","3","0"
"BL2525 .F325 2014","0","0"
"HM1146 .P76 2014","0","0"
"JV151 .M37 2014","1","1"
"HA4703 .A4 2010c","0","0"
"HA4703 .A4 2010c","0","0"
"HA4703 .A4 2010c","0","0"
"HA4703 .A4 2010c","0","0"
"HA4703 .A4 2010c","0","0"
"HA4703 .A4 2010c","0","0"
"HA4703 .A4 2010c","0","0"
"HA4703 .A4 2010c","0","0"
"HA4703 .A4 2010c","0","0"
"HA4703 .A4 2010c","1","0"
"B753.G34 A4 1984","0","0"
"HA4703 .A4 2010d","0","0"
"HA4703 .A4 2010d","0","0"
"HA4703 .A4 2010d","0","0"
"HA4703 .A4 2010d","0","0"
"HA4703 .A4 2010d","0","0"
"HA4703 .A4 2010d","0","0"
"HA4703 .A4 2010d","0","0"
"HA4703 .A4 2010d","0","0"
"HA4703 .A4 2010d","0","0"
"HA4703 .A4 2010d","0","0"
"B753.G33 T316 1982","1","0"
"F865 .D65 2014","0","0"
"HA4703 .A4 2010e","0","0"
"HA4703 .A4 2010e","0","0"
"HA4703 .A4 2010e","0","0"
"HA4703 .A4 2010e","0","0"
"HA4703 .A4 2010e","0","0"
"HA4703 .A4 2010e","0","0"
"HA4703 .A4 2010e","0","0"
"HA4703 .A4 2010e","0","0"
"PK6561.I75 Z475 2007","1","0"
"PK6490 .B34 2007","0","0"
"PQ6115 .P38 2014","0","0"
"PQ6666.O643 T73 2014","0","0"
"HA4703 .A4 2010l","1","0"
"PM3516.Z5 T37 1999","0","0"
"HA4703 .A4 2010i","1","0"
"P2 .C26 no. 8","0","0"
"HA4703 .A4 2010j","1","0"
"HA4703 .A4 2010k","1","0"
"HA4703 .A4 2010m","0","0"
"E169.1 .C298 2014","0","0"
"HA4703 .A4 2010n","0","1"
"GE195 .R335 2014","4","0"
"B821 .R53 2014","0","1"
"HA4703 .A4 2010g","0","0"
"E169.Z8 I84 1977","1","0"
"DD247.H5 H58 2014","0","0"
"DP635 .R55 2014","1","0"
"PN779.C3 C43 2013","0","0"
"D811.A2 L86 2014","2","0"
"HQ1665.45.Z75 S44 2014","0","0"
"PS3569.H3939 B43 2014","0","0"
"PR6052.A697 F66 2014","0","0"
"LC1011 .R75 2014","4","0"
"DR2105.M34 P67 2012","1","0"
"PH3402.V6 B285 2009","0","0"
"DA950.2 .O25 2014","0","0"
"DK4185.G3 W53 2014","1","0"
"HC112.5.J33 R49 2013","0","0"
"F122.1 .R65 2014","2","0"
"PG3548.B67 B67 2012","0","0"
"PS3603.H4845 H55 2014","0","0"
"PT2193 .T54 2014","0","0"
"PN849.E9 F45 2011","1","0"
"P96.A44 W274 2012","0","0"
"GN776.22.R9 N55 2011","1","0"
"JC319 .K673 2012","0","0"
"N6758 .R45 2010","2","1"
"DP270 .M2918 2014","2","0"
"DT324 .P322 2013","0","0"
"PQ6672.I37 K37 2014","0","0"
"PQ6257 .M33 2014","0","0"
"DA390 .H377 2014","0","0"
"B753.G34 H86 1989","0","0"
"PL856.U673 S5513 2014","10","2"
"DP257 .A893 2014","2","0"
"HQ1421 .G39 2014","27","0"
"PQ2673.A452 O313 2014","2","0"
"HQ1034.U5 C54 2014","4","0"
"AM401.Y25 S23 2014","0","0"
"HV6773 .D45 2013","2","0"
"PQ2605.E74 C313 2013","4","0"
"DT60 .G364 2013","2","0"
"DP233.5 .A437 2014","1","0"
"PR9408.B68 L43 2014","0","0"
"DT14 .U33 2012","1","1"
"BP55 .A962 2014","2","0"
"JN8341 .E58 2013","1","0"
"PJ6801.2 .S537 2013","0","0"
"F3021.S7 T67 2014","0","0"
"PA3865.A5 G4 2014","0","0"
"DT154.9 .F37 2011","0","0"
"F3081 .C46 2010","0","0"
"PJ6697.Z5 I574 2009","0","0"
"DB2208 .M65 2014","0","0"
"DS156.C6 K85 2014","0","0"
"PT2642.R22 Z655 2014","1","0"
"PJ7832.U859 Z53 2011","1","0"
"GV709.5 .D58 2014","0","0"
"PR6116.H49 T33 2014","1","0"
"HD2072 .C66 2013","0","0"
"PH3351.B3873 V24 2013","0","0"
"PH3351.B3873 V24 2013","0","0"
"HG5732 .S48 2013","0","0"
"PR6108.A529 W43 2014","0","0"
"HN683.5 .I28 2011","0","0"
"BX8611 .M663 2013","1","1"
"HV1559.I4 P36 2013","0","0"
"PH3281.K89 A6 2005","0","1"
"DS134.255 .C66 2014","3","0"
"GN635.I4 E93 2013","0","0"
"BL2015.W6 S56 2013","2","2"
"N7255.U47 T784 2005","0","0"
"BP135 .S253 2012","0","0"
"BP135 .S253 2012","0","0"
"HN690.Z9 C6538 2013","0","0"
"PN1993.5.E3 Q2676 2014","1","0"
"PN1993.5.E3 Q2676 2014","0","0"
"JA84.I4 G58 2013","0","0"
"HF5475.E3 M37 2012","0","0"
"BL473 .S66 2014","0","0"
"DR2118 .V43 2011","0","0"
"D521 .C49 2014","0","0"
"JV8991 .E58 2013","1","0"
"BR162.3 .O84 2013","0","0"
"DT77 .N36 2012","0","0"
"DS98.6 .T33 2012","0","0"
"DS38.4.U8 S54 2012","0","0"
"HB2088.8.A3 R64 2011","2","0"
"PJ7862.A5165 R34 2011","0","0"
"DD67 .P67 2014","0","0"
"DT107.87 .G428 2011","0","0"
"NK480.D8 S44 2014","3","0"
"AS345.3.B463 Z37 2011","1","0"
"AS345.3.B463 Z37 2011","1","0"
"HD9017.K42 M87 2014","0","0"
"GT2846.B35 F67 2014","0","0"
"PN5318.A52 R85 2013","0","0"
"PA8385.M315 L2 2014","0","0"
"HN210.Z9 M265 2014","1","0"
"Z124.A2 B68 2014","0","0"
"PR6068.A57 D37 2014","0","0"
"PT2720.E65 F5613 2014","0","0"
"KBP449.I2633 H37 2011","1","0"
"HD38.5 .O557 2014","0","0"
"F1436 .P37 2011","0","0"
"PQ8214.5.E5 T364 2010","0","0"
"G227 .A994 2012","1","0"
"DG281 .N47 2014","1","0"
"PQ7390.A72 M6376 2013","0","0"
"PC3942.416.O74 L57 2014","0","0"
"PR9499.4.C465 G37 2013","0","0"
"T27.3 .N33 2012","1","0"
"PC4088 .A67 2014","1","0"
"PQ8550.13.E5 C4313 2014","0","1"
"CS1749.S532 S53 2012","0","0"
"PR6037.T1615 W376 2014","0","0"
"PR6120.A46 T48 2014","1","1"
"PS3620.H63513 W4 2014","7","0"
"PS3603.A624 N54 2014","1","0"
"B105.C477 O57 2014","0","0"
"PQ6706.E783 O73 2014","0","0"
"PN3463 .M474 2014","0","0"
"HC447 .S8254 2013","0","0"
"BP189.58 .Y37 2013","0","0"
"HQ1147.I75 T38 2011","1","0"
"DK4600.S4242 D49 2014","0","0"
"HD82 .A6578 2014","1","0"
"BP195.W22 A452 2012","1","0"
"HD6057.5.T5 P43 2013","0","0"
"KBP637.32.S43 A39 2012","0","0"
"PA3161 .B35 2014","1","0"
"BP194.16 .B394 2007","0","0"
"DS779.46 .P44 2013","0","0"
"NX705.5.A65 D255 2012","0","0"
"Z1003 .H34 2014","1","0"
"BM487 .A1 2010","0","0"
"BP131.5.A953 M87 2012","0","0"
"K1420.5 .M88 2012","0","0"
"HJ1000 .F56 2014","0","0"
"HM1271 .O85 2014","0","0"
"BP64.E3 H556 2012","0","0"
"PA2903 .S36 2013","0","0"
"DA370 .P37 2014","0","0"
"HG1285 .S86 2014","2","1"
"PQ6601.U2 Z85 2014","0","0"
"HD38.5 .O556 2014","0","0"
"GF687 .S48 2014","0","0"
"HX73 .L4138 2014","0","0"
"PN1993.5.C6 P47 2013","1","0"
"HE851 .J48 2014","0","0"
"H62 .E3256 2014","0","0"
"HQ728 .B7385 2014","3","0"
"BF789.C7 P39513 2014","2","0"
"E83.863 .L96 2014","0","0"
"JN7161 .S65 2014","8","0"
"E78.W8 L654 2014","0","0"
"GN778.22.I8 B55 2014","2","0"
"BF575.A6 S827 2014","1","0"
"HA29 .G136 2014","0","1"
"HD62.4 .U5298 2014","1","0"
"HT1056.C67 L65 2014","3","0"
"JV6477 .C59 2014","1","0"
"JC337 .C357 2014","1","0"
"HQ519 .L4395 2014","3","0"
"HV6431 .S46864 2014","3","0"
"JK9 .M33 2014","1","0"
"JV6021 .M37 2014","0","0"
"HD8716.5 .A384 2014","1","0"
"JC571 .B6752 2014","0","0"
"JC423 .D624 2014","0","0"
"HD2743 .K295 2014","5","0"
"HQ1552 .L89 2014","1","0"
"GV712 .G75 2014","2","0"
"","0","0"
"HD9743.G72 G55 2014","0","0"
"BP63.A34 I85 2010","1","0"
"DG214.5 .N434 2014","2","1"
"LB2844.1.G39 Q43 2014","0","0"
"HG3703 .I53 2014","0","0"
"JF1081 .B49 2014","0","0"
"JZ1242 .W53 2014","0","1"
"HM881 .H35 2014","2","1"
"GV706.5 .S66 2014","0","0"
"LC990 .E43 2014","3","0"
"KBP320.M3 A37 2011","0","0"
"HD9536.L292 M66 2013","1","0"
"BP184.8 .S25 2014","0","0"
"PQ6321.C55 N63 2013","0","0"
"PJ6126 .H36 2012","0","0"
"HC335.5 .D39 2014","0","0"
"BP166.3 .S3413 2014","0","0"
"HV6250.3.G7 D84 2014","0","0"
"HC800 .B3435 2014","0","0"
"JV6020 .A67 2014","2","0"
"HV95 .S627 2014","0","0"
"HC470.2 .A58 2014","0","0"
"HQ784.I58 B66 2014","0","0"
"LC208 .H46 2014","0","0"
"HM479.L84 R63 2014","0","0"
"JC71.P6 F46 2014","1","0"
"LC67.62 .S84 2014","1","0"
"CC135 .B97 2014","0","0"
"HM590.S5663 B5313 2014","0","0"
"HF5549.5.M63 J67 2014","1","1"
"BF175.5.A35 A53 2014","5","0"
"BF698 .W66 2014","0","0"
"HD9000.5 .G58284 2014","1","0"
"JZ1570.A5 M85 2014","1","0"
"JC599.S425 W53 2014","0","1"
"LC4096.A2 J33 2014","0","0"
"HG1621 .H46 2014","1","0"
"HC465.E5 H78 2014","0","0"
"HM851 .L6535 2015","1","0"
"HB95 .S79 2014","0","0"
"HQ799.9.I58 M44 2014","2","0"
"JN216 .C37 2014","0","0"
"HM477.G7 P35 2014","1","0"
"HM646 .D43 2014","3","0"
"JC573.2.U6 D545 2014","1","0"
"HD5856.C6 B43 2014","1","0"
"HT384.A35 U7293 2014","0","0"
"JZ6385 .P37 2014","1","0"
"JN94.A58 R63 2014","0","0"
"HD9780.F82 H45 2014","0","0"
"HC79.E5 F674 2015","0","0"
"HB3722 .T7213 2014","1","0"
"BF173 .A656 2015","1","0"
"BF720.P37 F58 2014","1","0"
"HD58.8 .O933 2014","0","0"
"HG4515.13 .N67 2014","1","0"
"HA35 .C66 2014","0","0"
"LB2395.7 .S45 2014","1","0"
"HG4529.5 .N67 2014","1","1"
"G516 .L35 2014","1","0"
"LB1033.5 .F68 2015","0","0"
"HM621 .S7654 2014","2","0"
"LB2806 .H3 2014","0","0"
"HF5548.8 .H3664 2015","0","0"
"HN831.P57 M36 2013","0","0"
"HF5548.8 .I5129 2014","0","0"
"HG230.3 .D583 2014","2","0"
"HM651 .A26 2014","1","0"
"BF173 .P287 2014","1","0"
"HJ8615 .C55 2014","0","0"
"HQ784.M3 G86 2014","1","0"
"K230.H43 H45 2014","1","1"
"GN740 .H87 2014","0","0"
"HT392 .D443 2005","3","0"
"LB2806.22 .A46 2014","0","0"
"HQ799.2.I5 S494 2014","1","1"
"LB2341 .B713 2015","0","0"
"HM1093 .H44 2014","0","0"
"HV530 .C748 2014","0","0"
"HT166 .H357 2014","1","0"
"LC383 .S678 2014","0","0"
"LB1139.23 .M676 2014","2","0"
"HD9993.E452 N53 2014","3","0"
"PM4065 .G2 2012","3","0"
"DT72.C7 A225 2011","0","0"
"DS36.8 .R546 2013","0","0"
"BX2320.A65 I43 2013","0","1"
"HQ1236.5.A65 Z83 2011","0","0"
"BP10.J383 W24 2011","0","0"
"DT157.675 .A45 2013","0","0"
"BP172 .S855 2011","1","0"
"PJ7542.S9 A45 2013","0","0"
"KKM540 .U45 2012","0","0"
"PM4068.9.F56 I62 2009","0","0"
"D1053 .P45 2014","0","0"
"PM4149.Z9 S257 2009","0","1"
"DS116 .I555 2012","0","1"
"F1221.C56 G37 2010","0","0"
"DP269.8.R3 G37 2014","2","0"
"PN2431 .G654 2012","0","0"
"PJ6680 .A45 2011","2","0"
"G1797.21.E29 B4 2014","0","0"
"DF93 .D47 2013","1","0"
"PS3619.U845 W43 2014","1","0"
"DT295 .C6117 2012","0","0"
"PR8801 .F53 2014","0","0"
"KSW542 .Z39 2012","0","0"
"G62 .D44 2012","0","0"
"PQ307.A45 L43 2014","1","0"
"BP173.75 .W37 2011","0","0"
"BL980.R8 K876 2013","1","0"
"DU20 .M47 2014","0","0"
"DB2178 .H28 2012","1","0"
"DB2178 .H28 2012","0","0"
"PJ7960.I3335 A737 2009","0","0"
"E185.97.G3 E95 2014","5","1"
"G1028 .A85 2014","5","0"
"PS3562.A4835 B47 2014","0","0"
"DS134.55 .C53 2014","0","0"
"E415.7 .W79 2014","2","0"
"DS644.5 .T35 2014","1","0"
"DS35.2 .M36 2014","1","0"
"PA3166 .K53 2014","1","0"
"BR1642.U5 B43 2014","3","0"
"PR3091 .W67 2014","1","0"
"PN2587 .B88 2014","1","0"
"PN2051 .B295 2014","2","0"
"DS741.5 .K44 2014","2","0"
"PS374.V35 C73 2014","0","0"
"PR6045.O72 Z574 2014","1","0"
"E184.A24 H35 2014","1","0"
"B655.Z7 A94 2014","2","0"
"E185.6 .M76 2014","6","0"
"PJ7864.A358 H35 2009","0","0"
"PA3161 .C27 2014","3","0"
"BR1644 .C325 2014","0","0"
"BL2525 .S535 2014","5","0"
"HQ18.32.K56 D78 2014","1","0"
"PQ3917.Q3 P79 2014","0","0"
"HQ1236 .B237 2014","1","0"
"PS3606.A253 A6 2014","1","0"
"PL856.U673 Z864 2014","3","0"
"BS1235.55 .B35 2014","1","1"
"PL5163 .R627 2014","1","0"
"BL65.W2 R385 2014","1","0"
"BX8765.5.Z5 Y66 2014","1","0"
"TR267 .V47 2013","2","0"
"E184.E2 M35 2014","0","0"
"TR183 .A44 2013","2","0"
"PS3552.E547655 A6 2014","1","0"
"PQ7291.M462 D732 2013","0","0"
"PQ6633.O73 A6 2012","0","0"
"PJ7810.F6 A99 2010","1","0"
"PJ7810.F6 A99 2010","0","0"
"ND3125 .W44 2014","1","0"
"PT6439.Z5 A3 2013","0","0"
"JZ1318 .J77 2013","0","0"
"PR9197.32 .F75 2013","0","0"
"JZ1570.A5 L35 2013","0","0"
"PR8636.5.S36 D43 2014","1","0"
"PC4398.D47 L36 2014","0","0"
"BR162.3 .L37 2014","0","0"
"R153 .J38 2014","7","0"
"PM3011 .C538 2013","0","0"
"PA6537 .M285 2014","0","0"
"NC1740.E3 T34 2012","0","0"
"DS135.S7 M83 2014","0","0"
"GF581 .E46 2014","0","0"
"BC199.P2 M67 2007","1","0"
"BC199.P2 M67 2007","1","0"
"HD4865.B6 R48 2007","0","0"
"PJ7862.A2863 R22 2012","1","0"
"F2271 .F685 1993","0","0"
"PA4276 .A1 2013","4","0"
"PJ7846.A55 Z46 2011","0","0"
"DK295 .R87 2014","0","0"
"BP130.2 .A66 2009","1","0"
"DK651.M159 K675 1997","5","0"
"HQ18.F8 P46 2014","0","0"
"G1046.F33 P4 2014","0","0"
"DC33.7 .P65 2014","0","0"
"HQ60 .G65 2014","0","0"
"HQ1220.U6 S55 2014","0","0"
"D632.5.F8 P74 2014","0","0"
"PM4526.Z5 E78 2010","1","0"
"PS3613.A87396 I26 2014","3","0"
"F1928.2 .T43 2011","1","0"
"PN2091.S8 T455 2014","0","0"
"PR9499.3.K57 Z97 2014","0","0"
"PR6060.O3 Z56 2014","0","0"
"BP134.J37 C47 2014","2","0"
"PN56.P93 C66 2014","3","1"
"DT107.87 .A353 2015","2","0"
"PN56.S7357 C73 2014","1","0"
"PQ4055.W6 L827 2014","4","0"
"DK509 .S246 2015","2","0"
"PR431 .G46 2014","0","0"
"DE94 .C37 2014","8","0"
"PC4380 .L44 2014","3","0"
"PN3448.L67 K36 2014","2","0"
"E176.1 .S55 2014","0","0"
"DR590 .P44 2014","0","0"
"PL1895 .L5 2014","0","0"
"BD209 .K6513 2014","0","0"
"PS3557.R3992 Z46 2014","0","0"
"DA530 .G66 2014","1","1"
"E185.61 .L512 2014","1","1"
"PN56.V3 S74 2014","1","0"
"PN601 .R63 2014","1","0"
"PS374.S35 H84 2014","1","0"
"PS3568.I47 R37 2014","2","0"
"BS2644.S97 P47 2013","0","1"
"PS3509.L43 Z5992 2014","1","0"
"PN2041.S45 R695 2014","0","0"
"DT157.673 .G35 2014","0","0"
"DS448 .P25 2014","1","0"
"P53.4 .C374 2008","2","0"
"BX945.3 .H45 2014","0","0"
"PR9199.3.B7973 C87 2014","0","0"
"DC422 .B3913 2014","0","0"
"PQ7797.C7145 V313 2014","4","0"
"BT695 .M44 2014","4","0"
"DF214 .O83 2014","2","0"
"PQ2719.M58 G8313 2014","0","0"
"PN2658.S64 S54 2014","0","0"
"PJ5054.B294 A6 2014","0","1"
"PS3607.R6785 A6 2014","1","0"
"PN1009.A1 P86 2014","1","0"
"PS3606.A7358 N48 2014","1","0"
"B123 .N68 2014","1","0"
"PN56.P5 D4 2014","2","0"
"PS508.P7 P75 2014","1","0"
"PR9199.3.C6893 Q44 2014","0","0"
"PN3341 .W39 2014","4","0"
"PS92 .K57 2014","2","1"
"DT1945 .J64 2014","0","1"
"PN1997.T476 W38 2014","0","0"
"PN56.5.F38 W45 2014","0","0"
"PS3557.E824 T73 2013","0","0"
"F1410.5 .C55 2014","1","0"
"PN2287.V315 P66 2014","2","0"
"BJ1518 .M63 2013","0","0"
"DG284 .D66 2014","0","0"
"HQ1725.7 .I47 2014","1","0"
"DC397 .C43 2014","0","0"
"PT187 .L58 2014","1","0"
"PA3341 .R46 2013","0","0"
"PK9201.A99 M25 2013","1","0"
"PS3621.M75 S76 2014","0","0"
"PN1997.3 .N46 2014","0","0"
"DA683 .S27 2014","1","0"
"PR9369.3.A47 R44 2014","2","0"
"RA1025.M45 A3 2014","5","0"
"PS3603.A385 O54 2014","0","0"
"BP134.J37 S27 2014","2","0"
"RC276 .J35 2013","5","0"
"PG3482.6.L544 O8 2014","0","0"
"DT1971 .H38 2012","1","0"
"HC835 .F37 2010","0","0"
"N7392 .S346 2013","3","1"
"HD7345.A3 H33 2013","3","0"
"KLB62 .S455 2012","0","0"
"D116.7.I3 B69 2014","0","0"
"HD8522.5 .V74 2012","0","0"
"HD8522.5 .V74 2012","0","0"
"PN94 .S83 2012","0","0"
"TK5103.2 .M76 2011","0","0"
"JZ5333.5.S53 L895 2013","0","0"
"HQ1692 .M38 2005","0","0"
"BS2650.52 .B78 2013","0","0"
"PS3565.D46 C76 2014","0","0"
"GV863.28.A1 L846 2012","0","0"
"GV863.28.A1 L846 2012","0","0"
"HD69.P75 R124 2009","5","0"
"PG5006 .S36 2013","0","0"
"PL4758.9.P218 I6413 2013","0","0"
"BX1746.C3383 E83 2014","0","0"
"PS3551.U77 T76 2014","1","0"
"PR9499.3.S477 B63 2012","0","0"
"DX145 .R668 2014","1","0"
"DT159.9.F37 A23 2013","0","0"
"HG6008 .W35 2014","0","0"
"DT545.84 .L38 2012","1","0"
"DP205 .I58 2012","0","0"
"PH3382.12.E78 P36 2013","0","0"
"PN1998.3.J284 A3 2013","0","0"
"PN1998.3.J284 A3 2013","0","0"
"DS135.A75 S335 2014","0","0"
"GA195.A44 A76 2013","3","1"
"PN1993.5.A1 R68 2014","2","0"
"DK508.47.D657 A3 2011","0","0"
"DP66 .E68 2014","0","0"
"HV9778.5 .A64 2014","0","0"
"UA770 .K653 2013","0","0"
"HV8224 .A83 2013","0","0"
"F2687 .B785 2012","0","0"
"LA2375.R82 P769 2013","0","0"
"PH3291.M4664 A6 2013","0","0"
"HD720.2.Z8 S68 2013","1","0"
"DK219.6.K34 K85 2013","1","0"
"PH3213.B2345 Z46 2013","0","0"
"P146 .B386 2013","0","0"
"P115.5.T7 B57 2012","0","0"
"DT313.2 .L35 2011","0","0"
"HQ111 .M39 2013","0","0"
"BL71 .N33 2014","0","0"
"DC417 .P47 2014","1","0"
"PA4390.P3 O53 2013","1","0"
"DT571.B34 T38 2012","0","0"
"BQ1147 .T86 2000","4","0"
"BQ1147 .T85 2006","0","0"
"B2430.D894 I43 2013","0","0"
"GN549.C73 C73 2013","0","0"
"BS1485.52 .K53 2014","0","0"
"DC33.7 .W57 2014","0","0"
"F334.S4 L34 2013","2","1"
"PS3622.A59 S43 2014","1","0"
"DT156.6 .H55 2012","0","0"
"BX2820 .E58 2014","0","0"
"Z6621.U6565 D67 2014","0","0"
"Z6621.U6565 D67 2014","0","0"
"Z6621.U6565 D67 2014","0","0"
"Z6621.U6565 D67 2014","0","0"
"BS476 .A55 2014","0","0"
"DS98.6 .D375 2014","3","0"
"DG70.A76 S76 2014","0","0"
"DG213 .H63 2014","0","0"
"U25 .V618 2014","0","0"
"P35 .B45 2014","0","0"
"PQ4267 .A2 2013","4","1"
"PR6039.H52 Z662 2014","2","0"
"DS135.A92 V534 2014","0","0"
"DK43 .N225 2013","0","0"
"DR41 .R38 2014","3","0"
"KBP370.N35 A348 2000","1","0"
"KBP370.N35 A348 2000","1","0"
"KBP370.N35 A348 2000","1","0"
"KBP370.N35 A348 2000","1","0"
"PR9369.4.P76 S28 2014","1","0"
"BP193.25 .M35 2000","2","0"
"BP193.25 .M35 2000","2","0"
"BP193.25 .M35 2000","2","0"
"PJ6111 .M5614 1979","1","0"
"PT3830 .K76 2013","0","0"
"DK508.95.V65 D65 2014","0","0"
"DX222 .E88 2013","0","0"
"PG5007 .C437 2014","0","0"
"DS389 .C36 2000","1","0"
"DA447.R6 L37 2014","2","0"
"JN30 .H77 2013","0","0"
"PG350 .P56 2013","0","0"
"DT157.675 .C67 2014","0","0"
"D802.R8 B653 2013","0","0"
"BX395.B66 G67 2013","0","0"
"DS54.7 .S73 2012","0","0"
"PN56.3.A39 A397 2014","0","0"
"BP80.M34 O33 2003","2","0"
"BP173.7 .K437 1980","1","0"
"PJ7842.H2845 T27513 2014","1","0"
"PR6023.E912 Z55 2014","0","0"
"DK268.S8 G67513 2014","0","0"
"PN3171 .D38 2014","1","0"
"PR6066.O88 C66 2014","0","0"
"PR6057.R316 U67 2014","1","0"
"F1927 .L83 2013","2","0"
"PN171.F6 A58 2014","0","0"
"F1783 .V39 2013","0","0"
"HG4529 .P35 2012","0","0"
"PN5130.N48 D38 2014","1","0"
"RA541.S68 H57 2014","1","0"
"DK651.S722 S25 2013","0","0"
"JC423 .O425 2013","0","0"
"DK511.Y2 T55 2011","0","0"
"PR6068.E63 G57 2014","4","0"
"PR6113.A25 I5 2014","0","0"
"DB2850.O98 R89 2013","0","0"
"PR6113.A46 D43 2014","0","0"
"PQ9698.13.O3546 A3813 2014","1","1"
"DB2181.R54 V65 2013","0","0"
"PR6058.E554 E46 2014","0","0"
"DK169.P77 A77 2013","0","0"
"D764.3.L4 P43 2014","0","0"
"DK511.B46 K55 2014","0","0"
"GT2402.R8 B78 2013","0","0"
"HV8144.S43 K46 2014","0","0"
"DK651.V6 P47 2013","0","0"
"B105.W3 M67 2014","0","0"
"DS384 .D57 2014","0","0"
"UA23 .T48 2014","0","0"
"PT9876.23.A49 H3613 2014","6","0"
"PQ4882.I78 V58 2014","0","0"
"RJ399.C6 V65 2014","0","1"
"PT2603.A37 F613 2014","0","1"
"PS3557.A8427 F37 2014","2","0"
"PT3826.S4 I55 2014","0","0"
"PS3602.A775624 B33 2013","0","0"
"PR6110.O6247 A6 2014","1","0"
"PN3448.D4 F67 2014","0","0"
"PQ7797 .P576 2012","1","0"
"PN4400 .E647 2014","0","0"
"D810.S7 K6426 2014","0","0"
"PQ1302.A2 A28 2014","0","0"
"DC34 .H26 2013","0","0"
"GV865.O475 A34 2013","0","0"
"JL1049.5.C6 Q56 2014","0","0"
"PQ7440.M37 A87 2014","0","0"
"DF741 .A84 2014","0","0"
"GR195 .B67 2014","0","0"
"PH3281.K235 Z653 2012","1","0"
"GB1003.2 .H95 2012","0","0"
"PG7185.A53 Z93 2014","0","0"
"PR6068.E34 S666 2014","0","0"
"DB923 .E84 2013","0","0"
"P165 .T65 2013","0","0"
"DD901.L55 Z93 2014","1","0"
"DR2095.5.C75 H78 2012","0","0"
"PQ6020.M4 M485 2014","0","0"
"PG1419.26.R53 A77 2013","0","0"
"PH3042 .S653 2013","0","0"
"PQ8546 .D33 2013","0","0"
"LB1775 .L46 2011","0","0"
"PQ6715.L6 A73 2014","0","0"
"PR9320.9.G5 A6 2014","0","0"
"PN6231.M2 K44 2013","0","0"
"PN5274 .K785 2014","0","0"
"PN6099 .L46 2005","0","0"
"DT236 .L37 2013","0","1"
"HF3788.A358 W47 2013","0","0"
"PK2907.B53 I57 2013","1","0"
"DS135.A9 S348 2014","0","0"
"PL4780.9.A43 M313 2012","0","0"
"PQ8259.2.R3 E83 2013","1","0"
"CT3301.5 .G56 2012","1","0"
"PG3476.M355 Z8558 2014","0","0"
"DS134.36.M86 E75 2013","0","0"
"PR6113.O5555 H4 2014","0","0"
"PQ4882.A56 S76 2014","0","0"
"DD254 .N7 2014","0","0"
"DG975.F5 P36 2014","0","0"
"DG847.13 .A54 2014","1","0"
"P96.E25 E53 2014","6","0"
"PR6123.I536 W39 2014","0","0"
"HT384.S63 F48 2012","1","0"
"HD105 .L355 2013","0","0"
"PT8176.1.D54 J6813 2014","3","0"
"PR9510.9.B46 T54 2013","0","0"
"PR9510.9.B46 K86 2013","0","0"
"PR9510.9.B46 A88 2013","0","0"
"PR9510.9.B46 L33 2014","0","0"
"PR9510.9.B46 A83 2013","0","0"
"PR9510.9.B46 M73 2013","0","0"
"DT38 .D34 2009","0","0"
"UA862.5 .A36 2012","1","0"
"PQ8259.3.M455 R44 2013","0","0"
"PQ8259.2.O44 N33 2013","0","0"
"TX707 .M67 2014","1","0"
"BP64.S4 S246 2014","0","0"
"P92.5.M3 M34 2014","1","0"
"BP173.25 .Y87 2014","0","0"
"PS3573.E383695 M45 2014","1","0"
"HD2826 .E47 2012","0","0"
"BQ5660 .C43 2014","0","1"
"BP170.85 .A23 2014","1","0"
"PQ7081 .C156 2014","1","0"
"D764.7.V6 S53 2013","0","0"
"KF7220 .M87 2014","1","0"
"PN1995.9.P7 R593 2014","0","0"
"F2682.5.B5 S326 2013","0","0"
"PR591 .M55 2013","1","0"
"KTA469.5 .A33 2014","0","0"
"HD3480.A4 D48 2012","0","0"
"CT3235 .L83 2010","0","0"
"PQ2605.H34 J4 2014","0","0"
"BP64.A1 N36 2014","0","0"
"E59.G6 L825 2010","1","0"
"PQ6653.A6478 A6 2014","0","0"
"DK186 .P384 2014","0","0"
"PQ9261.P417 Z6666 2014","0","0"
"PG3015.5.P56 P64 2014","0","0"
"HD5751.A6 E76 2013","0","0"
"F2729.52.M67 C34 2014","0","0"
"DK114.5.G67 G67 2014x","0","0"
"PG3337.O8 Z623 2013","0","0"
"F2799.I8 D46 2013","0","0"
"DR1294.P39 M55 2013","0","0"
"DT159.6.N83 M87 2011","1","0"
"DT156.7 .T34 2013","0","0"
"DT156.7 .S85 2013","1","0"
"BX493 .O84 2014","0","0"
"DK511.R9 I25 2012","0","0"
"DK511.R9 I25 2013","0","0"
"HQ1793.5 .Z37 2012","1","0"
"E841 .L675 2014","1","0"
"DB97 .A49 1993","0","0"
"DT156.7 .H37 2012","3","0"
"HM578.C94 D45 2014","0","0"
"PQ7797.B6744 Z567 2013","0","0"
"JF497.R8 K339 2013","0","0"
"GR196.D33 P769 2013","0","0"
"HC240.25.C94 C474 2014","0","0"
"PG5039.21.A36 V58 2014","0","0"
"DB2401.S46 D85 2014","0","0"
"PG5438.K57 S57 2014","0","0"
"HQ1075.5.P7 G734 2014","1","0"
"PG5040.28.I935 S77 2013","0","0"
"CT1218.D454 I66 2009","1","0"
"PL8007 .M56 2014","1","0"
"PG5039.18.A9 Z946 2013","0","0"
"DR93.43 .S923 2014","0","0"
"DT443.3.M37 F33 2014","1","1"
"D743.6 .J86 2014","0","0"
"DS885.2 .B38 2014","0","0"
"DT155.7 .J235 2011","0","0"
"PG5039.2.U69 P76 2014","0","0"
"DT154.8 .R34 2013","0","0"
"PG3325.A16 D622 2013","0","0"
"PS374.R47 S76 2014","4","1"
"PR9199.3.D3 Z83 2014","0","0"
"BQ5535 .C67 2014","4","0"
"NA9347 .G54 2014","3","0"
"PL3031.T3 C65 2014","0","2"
"BT135 .R45 2014","0","0"
"PS3575.A83 Z65 2014","0","0"
"PA369 .G46 2014","1","0"
"PQ2021.H4 E5 2014","0","0"
"F526 .M219 2014","1","0"
"DB932.5 .V46 2014","0","0"
"PK5416 .C43 2014","0","0"
"E876 .B97 2014","11","0"
"E184.I6 K46 2014","0","0"
"DS135.E82 J49 2014","2","0"
"PH3441.E3 L54 2014","0","0"
"E457.2 .E729 2014","0","1"
"BQ4435 .M43 2014","0","1"
"PR468.M38 D43 2014","3","0"
"PE1201 .B47 2014","0","0"
"DA962 .K55 2014","0","1"
"DT510.43.G3 S23 2014","0","0"
"DC158.2 .B97 2014","1","0"
"PM783.5 .N48 2014","2","0"
"BP130.45 .B57 2014","1","0"
"E449 .K97 2014","0","0"
"PS3616.O88 S53 2014","0","0"
"DK759.B8 C45 2014","1","0"
"DS327.8 .F74 2014","0","0"
"PS3568.U812 Z58 2014","0","0"
"B317 .S35 2014","2","0"
"E169.12 .L355 2014","2","0"
"B407 .B37 2014","0","0"
"DA589.8 .M44 2014","1","0"
"PS3551.V375 C37 2014","0","0"
"PA6351 .H35 2014","0","2"
"F1219.56.C7552 M34 2014","4","1"
"PS153.A73 F34 2014","2","0"
"PN1995.9.D37 C66 2014","1","0"
"E443 .W67 2014","10","0"
"BL624 .B6358 2014","1","0"
"PE1404 .H3943 2014","15","1"
"BQ850 .E65 2014","0","1"
"PS3616.Y545 A6 2014","0","0"
"PS3553.H298 A6 2014","1","0"
"PR6015.I42 A6 2014","0","0"
"PS3551.X39 A6 2014","0","0"
"E441 .C27 2014","0","1"
"DS449 .G67 2014","0","0"
"DS855 .K6213 2014","1","0"
"CB206 .L36 2014","0","2"
"PS3563.E348 L83 2014","0","0"
"PL187 .P66 2013","0","1"
"PS3562.A4835 M39 2012","0","0"
"P96.W35 M338 2014","0","0"
"PS3601.L3343 A6 2014","1","0"
"PN1995 .M73 2014","3","0"
"NA9050 .G75 2014","1","0"
"B832 .R53 2014","2","0"
"F2229 .M66 2014","2","0"
"PS3604.A956853 P73 2014","0","0"
"PR6063.C5 Z65 2014","0","0"
"PE1404 .R468 2014","0","0"
"BP193.5 .H25 2014","2","0"
"PS558.T4 T49 2014","0","0"
"F685 .P66 2014","0","0"
"PS3623.A86328 A6 2014","0","0"
"PS3556.R5685 A6 2014","0","0"
"D804.348 .L34 2014","8","1"
"PR5907 .Y37 2014","3","0"
"PN94 .B353 2013","1","0"
"DK268.4 .G85 2014","0","0"
"BX597.V29 A3 2012","0","0"
"K3171 .M65 2014","3","1"
"BL2240.C53 Y68 2014","0","0"
"PN2091.S8 G367 2014","0","0"
"KZ4057 .A23 2014","0","0"
"JQ4081 .A88 2013","0","0"
"HF1604 .Z236 2014","0","0"
"PN4888.U5 L86 2014","0","0"
"QC884.5.A73 W55 2014","0","0"
"KF8742 .C679 2014","0","0"
"HD9007.G4 F47 2014","0","0"
"HV1559.M53 S23 2014","0","0"
"GR366.A87 G74 2014","0","0"
"HM626 .E945 2014","1","0"
"JK511 .B39 2014","1","0"
"PM63 .M34 2014","0","0"
"HD1527.H3 P63 2014","1","0"
"GN585.S7 S45 2014","0","0"
"LB2329.5 .M58 2014","1","0"
"P293.35 .D34 2014","0","0"
"JF497.E85 M46 2014","3","0"
"LC191 .S525 2014","0","0"
"TX950.57.N7 O34 2014","1","0"
"HD7303.T4 F35 2014","0","0"
"HT352.U62 W473 2014","1","0"
"JK2356 .H84 2014","1","0"
"E78.S7 A88 2014","0","0"
"HT169.S462 B455 2014","1","0"
"LB2805 .R45 2014","0","0"
"P301 .K54 2014","0","0"
"HM1272 .L34 2013","0","0"
"LC1091 .M58 2014","0","0"
"JC599.C6 C6 2014","1","0"
"HD60 .A437 2014","0","0"
"HQ755.8 .W544 2014","4","0"
"HD9685.U7 C765 2014","1","0"
"HB846.8 .P376 2014","0","1"
"HN90.G56 S87 2014","0","0"
"HV713 .W48 2014","0","0"
"HQ1236.5.U8 N35 2014","0","0"
"HD1907 .R63 2014","0","0"
"F2799.N3 L38 2013","0","0"
"HM668 .E89 2014","0","0"
"DS779.47 .A753 2014","0","0"
"HD58.7 .S633 2014","0","0"
"HD3616.U47 S546 2014","4","0"
"HM477.F8 B68 2015","5","0"
"HC79.E5 S28257 2014","1","0"
"HD30.255 .C538 2014","0","0"
"HM1206 .C646725 2014","1","0"
"HT119 .C75 2013","0","0"
"LB2806.15 .C87 2014","1","0"
"HT166 .J46 2014","0","1"
"HQ801 .E334 2014","2","0"
"HT241 .E54 2014","0","1"
"GN671.S6 E47 2014","0","0"
"GV1469.34.S52 G53 2014","2","0"
"HE9774 .G46 2014","0","0"
"HD9710.A2 M635 2011","2","0"
"LB2322.2 .H87 2014","2","0"
"HM851 .K446 2014","1","1"
"HC79.E5 I8296 2014","0","0"
"HE8697.45.G7 W43 2014","4","0"
"HQ759 .J623 2014","0","0"
"KD4080 .G54 2015","0","0"
"JZ1616.A5 L45 2014","3","0"
"HM1206 .M6266 2015","1","0"
"JZ1254 .P33 2014","0","1"
"HT133 .J646 2014","0","0"
"JC229.T8 R93 2014","0","0"
"HV6713 .B34 2014","1","0"
"HV8501 .P45 2014","1","0"
"JA85 .L46 2014","0","0"
"JQ249.M54 T86 2015","0","0"
"LC501 .S94 2014","0","0"
"JV7684 .S65 2014","0","0"
"HM479.B68 R39 2014","0","3"
"HQ784.G45 J33 2014","1","0"
"JZ5578 .S43 2014","0","0"
"HM1111 .S557 2014","3","0"
"HV8579 .S58 2014","0","0"
"HB135 .B565 2014","1","1"
"HM1111 .P56 2014","2","0"
"HF5415.332.W66 D37 2014","0","0"
"LB1025.3 .R78 2015","0","0"
"LB3013.32 .S318 2014","0","0"
"HT169.N4 W3313 2014","1","0"
"LB3013 .C5273 2014","0","1"
"TS171.4 .W349 2014","0","0"
"HD1691 .Y675 2014","4","1"
"HF5549.5.M5 H47 2015","2","0"
"HD6276.G7 S56 2014","0","0"
"LA11 .M26 2014","1","0"
"LB2342 .M374 2014","1","0"
"LC192.2 .I47 2015","3","0"
"HD1691 .K526 2014","0","0"
"HD8038.A1 K66 2014","0","0"
"HD1333.S6 L358 2013","1","0"
"HJ8015 .L545 2014","0","0"
"LB1033 .D38 2014","2","0"
"HG1601 .C65 2015","1","0"
"HF5549.5.C6 M34 2014","0","0"
"HQ1075 .M39 2014","1","0"
"JZ4972 .P67 2014","0","0"
"LB1585 .S393 2014","0","0"
"GT2870 .S75 2014","0","0"
"KF4770 .F67 2014","0","0"
"LC2782 .T43 2014","1","0"
"PS3569.E316 T68 2003","8","0"
"PS3569.E316 T68 2003","7","0"
"P306.5 .L39 2014","1","0"
"LC4015 .P63 2015","0","0"
"HV703 .J65 2014","2","0"
"HA32 .L66 2015","12","2"
"HT166 .W42 2014","0","1"
"HJ8514.5 .S47 2014","0","0"
"HQ1236.5.U6 T47 2014","1","0"
"B5315.K56 A37 2014","0","0"
"KLA110.I356 F53 2014","0","0"
"PQ6032 .P47 2014","1","0"
"PR4588 .R44 2014","0","0"
"DF78 .D58 2013","2","0"
"PN2728.D63 E46 2014","0","0"
"HQ972.U82 S35 2014","0","0"
"PQ8520.12.U784 Z46 2013","0","0"
"DK38 .S448 2014","0","0"
"JC599.U8 A53 2013","0","0"
"DT159.9.A95 B37 2011","0","0"
"JV7491 .E73 2008","0","0"
"DT155.4 .F87 2013","1","0"
"D802.L3 K66 2014","0","0"
"PJ8303 .S53 2011","0","0"
"HC835 .A59 2009","0","0"
"DK40 .N385 2014","0","0"
"DG975.R5 T865 2013","0","0"
"PQ4873.A263 Z83 2014","0","0"
"DS135.I85 R62278 2013","0","0"
"PA4232 .I81 1976","2","0"
"PJ7862.A564 Z53 2012","1","0"
"PN3000.L75 R37 2005","0","0"
"DK254.F7 M58 2014","0","0"
"DT266.4 .L29 2012","0","0"
"PG3350 .N68 2014","1","0"
"TJ140.C47 B64 2014","0","0"
"HA4581.5 1961","0","0"
"DT156.6 .S53 2013","0","0"
"KHK2921 .D425 2013","0","0"
"PQ8520.16.O575 O87 2014","0","0"
"F2237 .M67 2013","0","0"
"DT154.34 .I27 2013","3","0"
"DT154.34 .I27 2013","0","0"
"PQ6676.A77 T4 2014","0","0"
"DK32 .K9595 2009","0","0"
"PQ6703.E275 G46 2014","0","0"
"PQ8098.36.A43 M57 2014","1","0"
"HE8699.P35 Z368 2012","0","0"
"F3738 .M65 2009","0","0"
"BH221.S73 A885 2013","0","0"
"BH221.S73 A885 2013","0","0"
"BL2400 .A36 2013","0","0"
"DK651.A1 I8867 2009","0","0"
"PA3872.Z4 S333 2014","4","0"
"PA2071 .F56 2014","0","0"
"D639.J4 K84 2014","1","0"
"PR1309.F3 B47 2014","0","0"
"PS3556.A7714 A6 2014","0","0"
"PR6119.H85 M43 2014","1","0"
"DT159.9.S28 S28 2013","0","0"
"PJ8313 .A33 2013","0","0"
"PJ7864.A55 Z52 2014","0","0"
"DG55.C3 C37 2004","0","0"
"DT159.9.A33 D53 2010","1","0"
"PN5276.B5685 A3 2012","1","0"
"DT174 .I273 2013","0","0"
"LC3986.B67 S97 2013","0","0"
"PG1745.L34 M44 2010","0","0"
"DR1712 .N68 2010","0","0"
"PJ7510 .S45 2013","0","0"
"GV199.4 .A43 2014","4","0"
"BF175.5.P75 P33 2014","1","0"
"PL8021.S8 A36 2013","0","0"
"PJ7826.H27526 H85 2009","0","0"
"BL870.Y44 M87 2013","1","0"
"PL862.E7 A2 2014","0","0"
"GT931.B47 S74 2014","0","0"
"PQ4231.2 .T43 2013","0","0"
"BR165 .F375 2014","0","0"
"PG5039.16.U35 H68 2012","1","0"
"PG3337.L5 Z7555 2006","2","0"
"PQ4916.A85 U48 2014","0","0"
"PS3614.E528 H69 2014","0","0"
"PR9199.4.L483 R34 2014","0","0"
"DT397.3 .A23 2011","1","0"
"JQ3981.A58 S29 2012","0","0"
"LB2372.E3 E44 2014","0","0"
"HD75 .C363 2014","1","0"
"LC156.G7 B87 2014","0","0"
"LA1501 .E3655 2014","1","0"
"HV6275 .J38 2014","4","2"
"HC240 .S67 2014","1","1"
"GV943.9.F35 F66 2014","0","0"
"GV1469.17.S63 H46 2014","0","0"
"GV706.4 .C74 2014","0","0"
"D805.5.B47 S69 2014","0","0"
"KK927 .N38 2014","0","0"
"F158.9.J5 R88 2014","0","0"
"D615 .Z83 2004","1","0"
"PS3618.A987 A73 2011","0","0"
"PN1992.3.G3 R83 2014","0","0"
"F444.G3 M33 2014","1","1"
"PQ4922.E84 C37 2014","0","0"
"DD287.6 .U57 2013","1","0"
"HD9577.S732 A36 2013","0","0"
"DT159.9.O43 A45 2012","0","0"
"PQ3989.3.Y34 M36 2013","0","0"
"PJ7914.W32 U46 2011","0","0"
"JA85.2.E85 M43 2014","0","0"
"DC33.7 .B698 2014","0","0"
"DT157.5 .I27 2014","0","0"
"DG575.B66 A3 2014","0","0"
"DK38 .F56 2013","0","0"
"PQ4913.I75 O33 2014","0","0"
"CD1068.A2 T27 Suppl. 3","0","0"
"DK651.R979 K665 2013","0","0"
"PQ4902.A7348 E73 2014","1","0"
"PG5040.16.R42 Z47 2012","0","0"
"DK511.C5 S525 2013","0","0"
"PN5167.P6 M42 2014","0","0"
"BP55 .M52 2012","0","0"
"GN549.C73 R58 2013","0","0"
"DS247.Q3 Q38 2013","0","0"
"DB2244 .J868 2012","0","0"
"PR9619.3.P43 B74 2013","0","0"
"PN5276.F765 V622 2012","0","0"
"PQ4174 .B2726 2014","0","0"
"DS135.I8 F63 2014","0","0"
"PQ4903.I44 L57 2014","0","0"
"PQ5902.V432 B73 2012","0","0"
"PG3020.5.P75 F43 2013","0","0"
"PL450.3 .P487 2013","0","0"
"PG3476.N3 Z646 2014","1","0"
"HD87 .A7527 2014","0","0"
"E453 .R84 2014","3","0"
"D805.5.M38 P35 2013","0","0"
"HQ1155 .R64 2013","0","0"
"E99.O3 B4838 2014","7","0"
"PQ9697.L585 Z56 2013","0","0"
"PA23 .G567 2013","0","0"
"HV260.3 .K62 2013","0","0"
"RC516 .D43 2014","1","0"
"DS98.6 .P53 2012","0","0"
"PG4064.H243 A3 2014","0","0"
"PR6052.U88 G467 2014","1","0"
"DS80.3 .R877 2014","0","0"
"D271.G7 M974 2014","0","0"
"PS3569.T6955 A793 2014","0","0"
"DS119.7 .A672325 2014","1","1"
"PN2287.H43 M37 2013","1","0"
"DB2011 .B48 2014","0","0"
"PS3608.A71428 B55 2014","1","0"
"PR9619.3.M32 B58 2014","2","0"
"E185.86 .B5416 2014","7","1"
"PE1721 .P38 2014","0","0"
"PS3620.H7843 C53 2014","1","0"
"DS113.75 .K74 2014","0","0"
"BM755.H36424 T39  2014","1","0"
"PR6063.C4 C48 2014","8","0"
"PR605.M63 V65 2014","3","2"
"BD418.3 .B728 2014","0","0"
"PR6068.O1934 D38 2014","1","0"
"PL861.U92716 S4513 2014","0","0"
"PS3563.A679 D47 2014","4","0"
"BX4705.M542 M67 2014","0","0"
"BT83.6 .F29 2014","0","0"
"PS3612.I949 A6 2014","1","0"
"PA3874.A7 Z5 2013","2","0"
"BX3704.5 .M67 2014","0","0"
"PN56.E57 D339 2014","2","0"
"PS3563.E7412 A6 2014","1","0"
"PR428.W63 F46 2014","2","0"
"PS3620.A9466 F55 2014","2","1"
"BL51 .S53 2013","0","0"
"E441 .B337 2014","16","0"
"E183.8.G7 S26 2014","0","0"
"PR6108.A9675 I15 2014b","4","1"
"E806 .C33 2014","0","0"
"DS266 .I67 2014","1","0"
"BT771.3 .I8 2014","0","0"
"PS3558.O537 I83 2014","2","0"
"PR5263 .F76 2014","0","0"
"PR658.T7 A53 2014","0","0"
"BT131 .B94 2014","0","0"
"PS3612.A543 M66 2014","15","1"
"PS3602.A977 M86 2014","1","0"
"BX618 .W555 2014","0","0"
"PN45 .A89 2014","0","0"
"BS1235.52 .O64 2013","0","0"
"PS3551.D3997 A6 2014","1","0"
"PS3555.L6274 P47 2014","4","0"
"E468.9 .S434 2014","0","0"
"PS551 .P62 2014","0","1"
"E184.S75 G66 2014","0","0"
"E185.93.A8 L36 2014","5","0"
"PS3231 .M19 2014","3","0"
"PS153.A84 R68 2014","3","1"
"PR6123.A4547 S23 2014","0","0"
"DG737.55 .E34 2014","0","0"
"DA16 .P3178 2014","0","0"
"DT30.5 .S458 2015","2","2"
"DA591.B54 A3 2013","0","0"
"DS919 .H88 2014","0","0"
"DA566.7 .S535 2014","0","0"
"N7396.K45 A35 2014","1","0"
"BQ984.A497 H65 2014","1","0"
"DS777.55 .S73 2014","0","0"
"DS436 .M55 2014","0","2"
"PS3515.E37 S8 2014","17","0"
"PR736 .T47 2014","2","0"
"DS63.1 .W74 2014","5","0"
"E185.615 .G33 2014","1","0"
"E183.8.I55 M34 2014","0","0"
"BJ1521 .V5635 2014","0","0"
"PS169.L36 L38 2014","0","0"
"D762.P3 R67 2014","1","2"
"PS3607.A355 W54 2014","0","0"
"DA522.C5 G725 2014","0","0"
"PJ5129.D75 A2 2014","1","0"
"PR6118.U924 A78 2013","2","0"
"PL2717.U575 J5613 2014","0","0"
"E860 .B47 2014","7","0"
"PS3569.C4833 A5 2014","4","0"
"PS379 .P56 2014","1","0"
"PL2478 .C57 2014","3","0"
"PS3618.Y352 A55 2014","0","0"
"PT2719.A45 J4713 2014","0","0"
"PS3619.I373 A73 2014","1","0"
"PS3620.H53 A82 2014","1","0"
"PN2071.A92 E85 2014","0","0"
"PG1919.29.A5 B3513 2014","0","0"
"PS3552.L397 B55 2014","1","0"
"DS530.65 .B87 2014","4","0"
"PS3562.E835 B87 2014","0","0"
"PS3569.A456 C44 2014","0","0"
"DS747.46 .C45 2014","8","0"
"PN56.5.C5 S67 2014","0","0"
"E885 .C625 2014","1","0"
"PR9510.9.L48 A6 2014","1","0"
"F1788 .C67 2015","8","1"
"DK510.23 .B33 2014","0","0"
"PR9199.4.S564 C73 2014","1","0"
"DS890.I543 P67 2014","2","0"
"PL2672 .A2 2014","1","1"
"E169 .P8613 2014","0","0"
"PR9619.4.G74 E34 2014","1","0"
"BM520.6 .E45 2014","0","0"
"PQ2459.V8 A2 2014","0","0"
"PN3171 .M354 2013","0","0"
"DS135.A93 A76713 2013","0","1"
"PR2807 .J62 2014","0","0"
"PS3566.I522 A6 2014","0","0"
"PS3606.A753 A6 2013","2","0"
"PS3603.A777765 F87 2014","0","0"
"PR6120.A46 G57 2014","1","0"
"PN3437 .G68 2014","1","0"
"PS3552.L849 G74 2014","0","0"
"PS3553.O43654 Z68 2014","2","0"
"PR9619.3.B494 A6 2014","0","0"
"PS3602.E76 A6 2014","0","0"
"CT3990.S63 S29 2014","0","0"
"PL808.A35 A2 2014","1","0"
"PS3606.A753 A6 2014","2","0"
"BR65.J283 D3 2014","0","0"
"BX1795.P43 R96 2014","0","0"
"PR6105.L5815 K44 2014","1","0"
"BX4827.K5 W47 2014","0","0"
"PS3562.E338 A6 2014","0","1"
"PG1919.12.L38 Z3513 2014","0","0"
"PQ6601.T4 A2 2014","0","0"
"PQ2682.I44 F6813 2014","2","0"
"PR4456 .K46 2014","0","0"
"F1435.3.A7 M55 2014","5","0"
"PN6071.A84 M43 2014","1","0"
"PR6063.O82 M48 2014","0","0"
"P94.65.B37 S23 2014","0","0"
"PS3552.U75 Z58 2014","0","0"
"PS3611.I443 N48 2014","1","0"
"PS3602.R6456 N4 2014","0","0"
"PR9199.3.S7 A6 2014","0","0"
"PN2080 .W59 2014","1","1"
"PS3573.I4787 O52 2014","0","0"
"B105.U5 J7813 2014","1","0"
"PL865.O658 P3713 2014","1","0"
"PR6029.B55 Z83 2014","0","0"
"PR9190.5 .W34 2014","1","0"
"PR1309.G5 P43 2014","1","0"
"PT2621.R695 P86 2014","0","0"
"BS2615.52 .D6 2014","0","0"
"DG221.5 .R47 2014","0","0"
"AC8 .C185 2014","0","0"
"PN1581 .A45 2014","0","0"
"HQ18.I73 S49 2014","0","2"
"B398.C34 A53 2014","2","0"
"PS3603.U777 S53 2014","0","0"
"E169.Z82 S36 2013","0","0"
"PS3618.O86945 A6 2014","0","0"
"PG1919.29.A5 S6913 2014","0","0"
"PS3612.I83 T55 2014","0","0"
"PQ6172 .M5513 2014","1","1"
"PS3616.A8664 T73 2014","4","0"
"PG1919.2.A54 D7413 2014","0","0"
"PS3561.I375 T83 2014","0","0"
"PS3552.L397 V46 2014","0","0"
"PR6045.O72 Z835 2014","1","0"
"PR9199.3.T365 W38 2014","0","0"
"DS481.G3 F56 2012","3","0"
"PS3603.O58265 W43 2014","1","0"
"PS3569.O45 T84 2014","0","0"
"PS366.A35 O94 2014","5","0"
"PS3603.L36877 S94 2014","1","0"
"N6264.I8 F56 2013","0","0"
"CB311 .O65 2014","0","0"
"P85.M44 A3 2014","1","0"
"HG3851 .E882 2012","0","0"
"HC441 .F73 2012","0","0"
"DS599.K8 B37 2012","0","0"
"PL5139.A3747 T8413 2012","0","0"
"BP63.M4 M64 2011","0","0"
"BR410 .B34 2014","0","0"
"GT2112 .P659 2013","0","0"
"PA4037.A5 H78 2008","2","0"
"PL2690.S3 E543 2014","7","1"
"PL2690.S3 E543 2014","0","0"
"PL2690.S3 E543 2014","0","0"
"U313 .E45 2014","0","0"
"F1410 .B76 2014","1","0"
"N6831.65.R25 R25 2012","2","0"
"CS527 .A492 2013","0","0"
"PR6045.O72 Z6956 2014","1","0"
"D742.H9 U413 2014","0","0"
"DG279 .P32 2014","0","0"
"PG5004 .R49 2013","0","0"
"HQ612.7 .S46 2013","0","0"
"P96.M4 W45 2014","4","0"
"PT1828.B6 L483 2014","0","0"
"DK268.K56 P67 2014","4","1"
"PN1998.3.S97 C86 2014","0","0"
"PT2706.L38 I24 2014","0","0"
"BR115.H6 R33 2014","0","0"
"BX2845 .M36 2014","0","1"
"DS922.2 .H39 2013","2","0"
"N5285.K62 Y53 2010","0","0"
"PT2667.E73 H38 2014","0","0"
"DR2012.5.M54 M55 2013","0","0"
"PL992.46.C477 Z72 2013","2","0"
"PC3911 .M34 2014","1","0"
"PL994.415.R96 N63 2013","1","0"
"HQ76.2.C5 B49 2010","0","0"
"DG70.P7 H877 2014","0","0"
"DT157.673 .S53 2012","0","0"
"DT546.462 .A232 2012","0","0"
"DT155.2.A53 A48 2013","0","0"
"KTQ1362 .W38 2012","1","0"
"BP64.A5 B85 2012","1","0"
"PN5499.L5 R37 2013","0","0"
"DT264 .M84 2012","1","0"
"PJ8270 .K57 2013","0","0"
"GN652.A7 M3125 2012","1","0"
"GN652.A7 M3125 2012","1","0"
"DT157.67 .S24 2013","0","0"
"AC106 .A328 2012","0","0"
"DT156.7 .A28 2013","0","0"
"HQ1793.5 .T35 2012","1","0"
"PT405 .S63 2014","0","0"
"KBP440.62.S83 Q38 2014","0","0"
"BX2623.L63 A43 2014","0","0"
"HQ1793.5 .T36 2012","1","0"
"LC93.S7 R48 2014","1","0"
"JN34.7 .P37 2013","1","0"
"PC4813.4 .P33 1999","1","0"
"UB419.R87 S78 2006","2","0"
"PT151.R65 P37 2014","1","0"
"PN6222.S73 K33 2013","1","0"
"Z838.S32 S33 2013","1","0"
"DS57 .I83 2013","0","0"
"KPA444 .P35 2012","0","1"
"PT6466.18.E47 V76 2014","0","0"
"DT156 .I83 2011","1","0"
"PN49 .K28 2010","0","0"
"HF5813.R9 U268 2004","1","0"
"DS916.57 .C446 2009","1","0"
"DS916.57 .C446 2009","1","0"
"DS916.57 .C446 2009","1","0"
"DT156.4 .H37 2013","0","0"
"AS222 .V3 t. 300-302","2","0"
"LA1651 .S53 2010","0","0"
"DS432.L8 K46 2013","0","0"
"PL857.I78 T677 1998","0","0"
"PN2544.M67 C36 2014","0","0"
"DP133.1.A63 B43 2014","1","0"
"PL857.I78 T676 2009","0","0"
"D805.5.N49 K66 2014","0","0"
"D805.5.N49 K66 2014","0","0"
"F2729.C37 L44 2014","0","0"
"PT405 .L5323 2013","0","0"
"PK7035.A93 A6 2013","0","0"
"HF2292 .F74 2013","0","0"
"PL857.I78 K52 2011","0","0"
"PK5410.D35 S56 2013","0","0"
"BL624 .M47 2014","1","0"
"GV1694.M3 D36 2012","0","0"
"PL857.I78 I84 2011","0","0"
"PL857.I78 T623 2011","0","0"
"DT155.7 .M33 2013","0","0"
"DD286.4 .I49 2014","1","0"
"DC213 .C27 2014","1","0"
"N6921.N2 Q57 2013","1","0"
"PQ2713.O525 N35 2014","0","0"
"PL857.I78 S55 2003","0","0"
"PT2663.Z85 B823 2014","0","0"
"Z682.4.W65 G84 2014","0","0"
"PN6714 .N7 2013","0","0"
"HN360.Z9 M2664 2014","0","0"
"PL857.I78 K34 2009","0","0"
"F2728 .M67 2013","0","0"
"JQ3339.A58 T37 2014","0","0"
"JQ281 .T69 2014","0","0"
"PL857.I78 M86 2006","0","0"
"DS450.A8 A85 2012","0","0"
"HV547 .S86 2013","0","0"
"HN683.5 .B337 2014","0","0"
"PQ3988.2.A73 W85 2013","0","0"
"DK651.B786 I92 2008","1","0"
"HQ503 .N87 2014","0","0"
"DK511.N3 M877 2011","1","0"
"DS422.C3 K856 2014","0","0"
"HB3717 2008 .J35 2011","1","0"
"HV8073 .N37 2014","0","0"
"DT156.7 .T35 2010","1","0"
"HV6626.23.I4 D66 2013","0","0"
"PL857.I78 T552 2001","0","0"
"PL857.I78 T553 2002","0","0"
"HG3881 .H36 2014","1","0"
"HG3881 .H36 2014","3","1"
"PG3233.5 .M485 2012","0","0"
"F2725.L3 L38 2014","0","0"
"PG3233.5 .M485 2011","1","0"
"PG3233.5 .M485 2010","0","0"
"DT154.9 .H87 2012","1","0"
"DT154.9 .H87 2012","1","0"
"DT154.9 .H87 2012","1","0"
"DS597.37 .P35 2010","0","0"
"PQ6715.R67 A84 2014","0","0"
"BJ1289 .G69 2015","1","0"
"PR9530.9.M673 B75 2012","0","0"
"E893 .F79 2014","0","0"
"CT2734 .H37 2011","0","0"
"CT2734 .H37 2011","0","0"
"PQ6669.A6258 C66 2014","0","0"
"JS7365.Y365 W825 2014","0","0"
"PR9530.9.R69 U88 2012","0","0"
"PR9199.4.B5464 S25 2014","0","0"
"DT157.5 .M325 2013","0","0"
"DT157.5 .M325 2013","0","0"
"BQ990.S46 S29 2011","0","0"
"DT443.3.K87 R64 2012","1","0"
"BJ977.I5 P48 2013","0","0"
"PR9499.4.R34 C68 2011","0","0"
"PN5154 .H36 1993","1","0"
"PL5089.M252 E58155 2013","0","0"
"DT155.2.H5 A23 2010","1","0"
"DT155.2.H5 A23 2010","1","0"
"PR9499.4.N38 M88 2013","0","0"
"F2689.2 .R85 2013","0","0"
"JV7590 .M52337 2014","0","0"
"HQ1236.5.P3 M46 2013","0","0"
"PC4813.4 .K64 2000","2","0"
"PN56.H55 R465 2013","0","0"
"HQ755.8 .S47 2012","0","0"
"PR9499.4.D37 E35 2013","0","0"
"DT156.4 .G43 2012","0","0"
"DT157.5 .A286 2008","0","0"
"F2725.A7 R64 2014","0","0"
"PL4718 .D48 2013","0","1"
"HX343.5 .M666 2014","0","0"
"BX597.V647 A3 2012","0","0"
"F2729.52.M85 I8 2014","0","0"
"HD1516.U8 A3 2014","0","0"
"PR9499.4.M86 A43 2013","0","0"
"KHU3053 .G37 2013","0","0"
"PQ8520.426.E755 M66 2013","0","0"
"F2726.O682 O75 2012","0","0"
"U55.B43 V37 2013","0","0"
"PG1225 .M52 2013","0","0"
"BF637.S4 S56 2013","0","0"
"UA843 .F73 2013","0","0"
"PN1993.5.I8 M85 2009","0","0"
"F2705 .V54 2014","0","0"
"PJ7862.A79 Z754 2012","1","0"
"HC340.12.Z9 T4465 2007","0","0"
"HV4577.2.M6 E76 2010","1","0"
"PQ1501 .P3 1979","1","0"
"DT154.8 .I83 2010","1","0"
"DS481.P3735 S564 2013","0","0"
"DS385.9 .K86 2014","0","0"
"DS432.M84 S87 2014","1","0"
"DR1279.P283 N45 2012","0","0"
"HC440.C6 B55 2013","0","0"
"DK651.N323 N476 2013","0","0"
"DS247.A135 D48 2014","0","0"
"RA564.85 .B34 2013","0","0"
"PN2287.C5 S46 2013","0","0"
"DS408.6 .P37 2011","0","0"
"JQ220.M5 L68 2014","0","0"
"HM477.I4 I53 2014","0","0"
"PG5040.17.R813 V65 2013","0","0"
"PG3470.V68 Z882 2007","0","0"
"PN2859.H86 L3835 1977","1","0"
"BV775 .R477 2010","0","0"
"P115.3 .S36 2014","2","0"
"DS134.66.S67 S44 1973","0","0"
"DS134.66.S67 S44 1973","0","0"
"PN2784 .R657 2014","0","0"
"KZ3881.P37 B68 2014","0","0"
"PQ8250 .C37 2014","0","0"
"PQ6066 .A856 2012","0","0"
"F3737.A395 A44 2012","0","0"
"DS779.46 .H83 2014","1","1"
"PQ7819.F5 T54 2008","0","0"
"BT1440 .E98 2014","0","0"
"HJ3001 .Y363 2014","0","0"
"UG1103 .M657 2013","1","0"
"DB2078.A9 K739 2013","0","0"
"DS796.H76 N4865 2014","1","0"
"PG3493.74.E755 C47 2014","2","0"
"DF261.O5 V648 2013","1","0"
"HQ1240.5.B45 F46 2010","1","0"
"DE84 .P57 2013","0","0"
"PQ6338.A4 M34 2014","0","0"
"PN56.C367 A585 2014","1","0"
"GR55.K247 A25 2013","0","0"
"PQ6218.5.W65 D72 2014","0","0"
"HQ1567 .C674 2013","0","0"
"UA772 .W55 2013","0","0"
"HE9840.P4 H4 2014","0","0"
"JS7637 .A8 2007","1","0"
"QC16.K246 A3 2014","1","0"
"KHC2983 .R48 2012","1","0"
"U31 .A75 2014","1","0"
"JN6768 .D36 2013","0","0"
"BQ4055 .F6243 2014","0","0"
"BQ4055 .F624 2014","0","0"
"E184.A1 P78 2014","0","0"
"PL8594.N541 A74 2013","0","0"
"PQ6400.J4 V57 2014","0","0"
"HG1285 .C32 2014","0","0"
"PQ8219 .C47 2008","0","0"
"PQ8219 .C47 2008","0","0"
"PQ8219 .C47 2008","0","0"
"PQ8219 .C47 2008","0","0"
"PQ8219 .C47 2008","0","0"
"NB699.N4 M38 2013","1","0"
"PN682.O75 M87 2013","1","0"
"BF408 .S4484 2014","2","0"
"BF637.S4 H589 2014","3","0"
"PQ1448 .T48 2012","1","0"
"PR6003.E63 Z46 2014","0","0"
"PS3557.R489137 T725 2014","0","0"
"PR9199.3.A8 S86 2014","8","0"
"RC394.A5 C73 2014","1","0"
"DS796.H745 Y48 2014","0","0"
"PS3566.R3982 L67 2014","1","1"
"JL966 .H47 2014","3","0"
"F1487 .H47 2013","0","0"
"PR9619.3.M33 Y68 2013","1","0"
"BV5095.A1 H366 2013","3","0"
"HB501 .K827 2014","2","0"
"PN2599.5.E25 S734 2014","0","0"
"HT169.57.I42 N658 2013","0","0"
"KQC145.W64 S23 2013","0","0"
"LG51.P28 C422 2014","0","0"
"DS486.C2 A77 2014","0","0"
"CT275.M4923 A3 2014","2","0"
"PK7035.L3 O35 2013","2","0"
"HQ1236.5.S64 P47 2014","0","0"
"PK5416 .A458 2012","0","0"
"DS779.4 .R44 2014","0","0"
"PT191 .N48 2014","0","0"
"BJ45.5 .J64 2014","1","0"
"LA212 .G65 2014","11","0"
"TT505.R36 A3 2013","0","0"
"DS134.55 .D96 2013","6","0"
"GF661 .N38 2007","0","0"
"PN2881 .V93 2013","0","0"
"BQ7950.O767 T74 2013","0","2"
"N8600 .S36 2014","0","0"
"HD9502.I42 C43 2013","0","0"
"PN5124.J8 D72 1988","0","0"
"UG1242.D7 S29 2013","3","0"
"HC336.25 .G636515 1989","0","0"
"PS3552.R845 E57 2002","0","0"
"PL857.I78 K84 2006","0","0"
"DT1.5 .V74 2008","0","0"
"PJ5129.S49 S33 1972","1","0"
"PL8803 .M496 2013","0","0"
"DK32 .I455 2012","1","0"
"PQ3989.3.K3599 E54 2013","0","0"
"HN636.A8 Z58 2013","0","0"
"KNS516 .W653 2014","0","0"
"HQ799.2.A37 N38 2011","0","0"
"PL857.I78 T682 2007","0","0"
"UA840 .S56 2013","2","0"
"PL857.I78 H33 1986","0","0"
"DS480.84 .M47 2013","0","0"
"HF5415 .J67 2014","0","0"
"PN1993.5.I8 S65 2013","0","0"
"JZ1242 .G56 2014","0","0"
"HQ1240.5.I4 S93 2014","0","0"
"HQ1240.5.I4 L65 2014","0","0"
"PL857.I78 K562 2008","0","0"
"B753.R384 Q27 2012","0","0"
"JQ1787 .K487 2012","0","0"
"BP173.7 .A34 2011","0","0"
"B751 .T35 2002","1","0"
"BP189.26 .I77165 2013","0","0"
"BP189.7.M42 A3239 2013","1","0"
"HM708 .R36 2011","1","0"
"F2679 .C85 2013","0","0"
"PK6458 .A95 2013","0","0"
"PK6481.D7 M87 2011","0","0"
"BP166.3 .D36 2012","0","0"
"B753.L343 Z39 2012","0","0"
"PT9876.33.A35 L31678 1989","1","0"
"PK6482 .S273 2007","0","0"
"DS318 .S247 1989","2","0"
"PK6470.H55 A17 1975","1","0"
"BP80.K515 I68 2011","0","0"
"R141 .A453165 2012","1","0"
"JQ1789.A8 R373 2013","0","0"
"JQ1789.A8 R373 2013","0","0"
"PK6451.A295 Z74 2012","0","0"
"N7280 .T275 2011","1","0"
"B799 .H35 2013","0","0"
"B743.I7 H36 2012","0","0"
"GV1011 .A93 2013","0","0"
"PK6451.A783 A17 2013","0","0"
"DS316.9.Q368 A3 2012","0","0"
"DS316.6 .A866 2013","0","0"
"PK6561.M8217 P85 2011","0","0"
"PK6540.D23 Q25 2011","0","0"
"DS325.Q6 Q87 2011","1","0"
"B740 .I26 2005","0","0"
"PK6451.A77 M3 2012","0","0"
"BP168 .S23 2009","0","0"
"BP191 .M384 2011","0","1"
"PK6495 .M863 2012","1","0"
"DS325.D59 M84 2012","0","0"
"BP173.7 .A36 2011","0","0"
"GT4874.A2 S23 2011","0","0"
"PK6562.1.B68 D85 2012","1","0"
"PK6561.M473 D37 2012","0","0"
"PK6458 .F56 2011","0","0"
"PK6458 .F56 2011","0","0"
"PK6482 .S53 2012","0","0"
"BP192.5 .J34 2012","1","0"
"HD6647.5.G37 T75 2012","1","0"
"JL3254 .J85 2012","0","0"
"HJ2910 .B33 1990","0","0"
"DP302.C68 S33 2014","1","0"
"PL857.I78 K64 2011","0","0"
"PQ6669 .A634 2014","0","0"
"PQ6431.S235 A6 2014","0","0"
"U55.S56 S56 2013","0","0"
"DS450.A783 E54 2014","0","0"
"GE160.S64 U57 2014","0","0"
"QH541.5.P7 G73 2013","0","0"
"DS436 .S46 2014","0","0"
"DS484.65 .H35 2014","0","0"
"HC435.2 .D88 2014","0","0"
"PK2931 .R36 2014","0","0"
"DS449 .P335 2013","0","0"
"BQ4660.T52 G7816 2013","1","2"
"PK3796.M7 T75 2013","0","0"
"D805.5.N49 T76 2014","0","0"
"DS134.34 .W34 2014","0","0"
"DS135.E83 T38 2014","0","0"
"DJK48 .O83 2014","0","0"
"PQ3984 .O47 2014","0","0"
"HF1455 .K56 2014","0","0"
"E78.I5 S65 2014","2","0"
"JZ1720 .F67 2014","0","0"
"HV875.6 .J33 2014","2","1"
"HT167.5.T4 F47 2014","1","0"
"KGS3003 .Q85 2014","2","0"
"GN17.3.A45 J48 2014","0","1"
"JK325 .D85 2014","0","0"
"HV5822.M38 B76 2014","0","0"
"JK2265 .M85 2014","2","0"
"KF5753 .A976 2014","1","0"
"HF3626.5 .M844 2014","2","0"
"HC800 .A57255 2014","4","0"
"H61.295 .A98 2014","1","0"
"HG3756.U54 T78 2014","0","0"
"HB501 .R624 2014","1","1"
"HG1285 .G74 2014","1","1"
"BF38 .F37 2014","0","0"
"PN4867.2 .O33 2014","0","0"
"GF669.5 .T39 2014","1","0"
"JZ5675 .B57 2014","2","0"
"HN59.2 .R857 2014","1","1"
"KFT187.H4 A3 2014","1","0"
"LB2361 .U55 2014","0","0"
"HG1750.5 .E27 2014","1","0"
"HC800.Z9 I532 2015","0","0"
"JK1726 .F65 2015","3","0"
"HC175 .A87682 2014","3","0"
"HB98 .A977 2014","0","0"
"HD4904.25 .L57 2014","0","0"
"HQ536 .P3787 2014","0","0"
"HM1116 .C38 2014","0","0"
"HG2491 .R39 2014","0","0"
"HV9471 .C645 2014","3","0"
"HV9471 .C645 2014","2","0"
"KF4600 .Z56 2014","0","1"
"JZ1308 .C672 2015","1","0"
"PN4874.S464 A3 2014","1","0"
"JK1726 .D4956 2015","6","0"
"HD9710.U54 A637 2014","2","0"
"HC412 .E2177 2014","0","0"
"HD9385.E92 G34 2014","0","0"
"HB95 .C34 2014","1","0"
"LB2343 .J79 2014","3","0"
"BF1611 .S26 2014","1","0"
"LB1723 .E87 2014","1","0"
"GT2850 .F665 2014","7","0"
"HD75 .C844 2014","0","0"
"JA75.8 .G663 2014","0","0"
"HV804 .G76 2014","2","0"
"LB3051 .H54 2014","1","0"
"HC106.84 .R63 2014","1","0"
"HD2346.5 .I525 2015","0","1"
"HV238 .I56 2014","0","0"
"LC72 .A415 2014","2","0"
"HD9999.C9472 I58 2014","0","0"
"HF5549.5.E43 F47 2015","1","1"
"HD30.2 .C367 2014","0","0"
"GN803 .K66 2014","2","0"
"BF575.T7 B67 2014","2","0"
"HN655.2.C6 L63 2014","0","0"
"HC79.T4 F74 2014","1","0"
"HV8210.5.A45 M5655 2014","1","0"
"K4240 .R33 2014","1","0"
"HT384.I662 D836 2014","0","0"
"HG8039 .D85 2014","0","0"
"HT166 .W4825 2014","1","0"
"LC3965 .T58 2014","0","0"
"HT1521 .R33 2014","0","2"
"HV875.5 .R33 2014","3","0"
"H61.15 .Y67 2014","0","0"
"HD9502.M582 R44 2014","0","0"
"HD9696.A3 K7786 2014","1","0"
"LB2828.8 .S84 2014","0","0"
"HD5650 .S484 2014","0","0"
"HF5415.2 .S56 2014","0","0"
"HQ1073 .S67 2014","0","0"
"LA637.7 .B69 2014","0","0"
"HN670.3.A8 S63 2014","1","0"
"HM585 .L485 2015","1","0"
"HV6322.3.A4 G3813 2014","0","0"
"HC415.3.Z9 E578 2014","0","1"
"LB3060.59 .L68 2014","0","0"
"HE3140.2.V45 W65 2013","0","0"
"HD6971 .R38 2014","0","0"
"HV6252 .B38 2014","0","0"
"HQ1063.2.U6 F37 2014","3","0"
"HT361 .G54 2014","0","0"
"GN438 .V45 2014","1","0"
"HC110.P63 W373 2014","4","1"
"PN4899.W29 H46 2014","0","0"
"DS806.5 .W47 2014","1","0"
"HD6060.5.I8 P76 2014","0","0"
"GT524 .S66 2014","2","0"
"HC79.D4 G534 2014","1","0"
"HV6431 .M487 2014","1","0"
"LB2351.2 .S28 2014","1","0"
"H61.28 .C64 2014","4","0"
"HV11 .C71834 2014","0","1"
"HA31.2 .G63 2014","0","0"
"LB2835.25 .D58 2015","1","0"
"LC146.6 .G67 2014","0","0"
"LC4065 .E38 2014","0","0"
"LC3731 .B683 2015","0","0"
"LB1576.7 .E55 2014","1","1"
"HN5 .F76 2013","0","0"
"LC65 .S67 2015","0","1"
"HD2755.5 .K47 2014","0","0"
"JZ6369 .F35 2015","2","0"
"HT123 .S786 2014","0","1"
"HF5383 .M674 2014","3","1"
"BF698.9.C8 V35 2014","1","0"
"HM671 .F43 2015","0","1"
"LB2831.72 .L57 2014","0","0"
"HC79.E5 F713 2014","2","0"
"BF204.6 .M56 2014","3","0"
"LC239 .C68 2014","1","0"
"HC110.I5 S63 2014","0","2"
"E76.86.W182 S43 2014","8","0"
"JZ1310 .P68 2014","1","0"
"LB1025.3 .P685 2015","3","0"
"HV3176 .R48 2014","1","0"
"HE9713 .W69 2014","1","0"
"LB1576 .C5569 2014","0","0"
"LB1050.45 .O26 2014","0","2"
"HV6431 .S55 2014","1","0"
"LB1028 .P347 2015","0","0"
"HT165.5 .M33 2014","1","0"
"HS2330.K63 N499 2014","2","5"
"D13.5.G3 G33 2014","0","0"
"GV1589 .H93 2014","0","0"
"GV675 .N54 2014","0","1"
"GV718.2.U6 L67 2014","3","0"
"GV706.5 .A56 2014","0","0"
"RC459 .W43 2014","3","1"
"PQ3989.N69 N69 2012","0","0"
"PQ3989.N69 N69 2012","0","0"
"PQ3989.N69 N69 2012","0","0"
"DS796.H76 C485 2014","0","0"
"PJ5047 .B3 1944","1","1"
"DS796.H757 C464952 2014","5","0"
"PR9396.9.A25 B43 2013","1","0"
"RA427.8 .L5 2013","0","0"
"BR115.P7 Z43 2013","0","0"
"DS797.48.S85 H84 2013","0","0"
"BL2765.A357 A37 2013","1","0"
"PL8594.N34 M63 2013","0","0"
"NK3634.A2 Q25 2011","0","0"
"PL8709.4 .M875 2011","0","0"
"JS4747.2 .H6713 2014","0","0"
"HN733 .C466 2013","0","0"
"PL8594.N31 M63 2013","1","0"
"PQ3989.2.M346 A63 1984","1","0"
"HN740.Z9 C68456 2014","0","0"
"PQ3989.3.N345 M68 2013","0","0"
"BX4705.Z844 N68 2013","0","0"
"PL8596.N94 R83 2013","0","0"
"JC311 .M477455 2014","0","1"
"DT549.9.G6 M35 2013","0","0"
"HC1045 .N45 2010","1","0"
"HN740.N6 Z465 2011","0","0"
"PR9402.9.K283 U67 2013","1","0"
"PQ3986 .A584 2013","0","0"
"GR203.17 .L64 2013","0","0"
"PG3505.V592 B79 2013","0","0"
"PL8513.4 .M36 2012","0","0"
"GR259 .S55 2013","0","0"
"JQ3567.A56 O443 2011","0","0"
"PR9381.9.O845 T37 2013","0","0"
"PG3313.F4 Z583 2013","0","0"
"PJ5129 .L52 1915","1","0"
"PG3447.Z5 Z964 2010","0","0"
"PG3483.I435 S66 2014","0","0"
"DS778.C5354 S436 2013","0","0"
"BF176.5 .R83 2014","13","0"
"BX890 .N48","1","1"
"PJ5017 .K54 1955","0","0"
"DT474.6.M36 S67 2012","1","0"
"PR9378.9.B2 S54 2013","0","0"
"DS721 .Z4466 2013","0","0"
"DS721 .Z4466 2013","0","0"
"PG3491.94.A662 O84 2014","0","0"
"PN75.G368 A5 2013","0","0"
"PG3453.B2 Z755 2013","0","0"
"DT509.83.G37 A3 2014","1","0"
"PS374.N4 H47 2014","3","0"
"HQ796 .E525 2014","2","0"
"HQ796 .E525 2014","0","0"
"PG3337.L46 G4698 2014","1","0"
"DS485.G564 P64 2013","0","0"
"E183.8.I4 P68 2013","0","0"
"N8217.E6 D86 2014","0","0"
"DS479 .G42 2013","0","0"
"PR9499.3.D38 M34 2013","0","0"
"DT549.84 .S25 2012","0","0"
"PG5039.18.R2 Z687 2014","0","0"
"RA564.85 .N34 2013","0","0"
"HV1559.I4 M42 2013","2","0"
"HQ1742.5.B67 C68 2013","0","0"
"DS483.2 .H35 2013","1","0"
"DS448 .M67 2013","0","0"
"PL2765.I45 Z46154 1945","1","0"
"PQ3989.3.F3948 T47 2012","1","0"
"GN58.I4 D48 2010","0","0"
"PK5432.5.D35 E94 2013","0","0"
"PQ3989.2.B485 Z85 2013","1","0"
"PN1998.3.B87 D43 2013","0","0"
"PQ3989.3.N35 P54 2013","1","0"
"PQ6351 .S5673 2010","0","0"
"BX9869.C22 A5 2013","0","0"
"DG441 .C36 2014","0","0"
"PQ4563 .A4 2014","1","0"
"BP187.3 .T68 2013","2","0"
"DS61.85 .M45 2014","1","0"
"JQ3566.A92 N54 2014","0","0"
"PR3011 .K37 2014","2","1"
"BR936 .B435 2002","1","0"
"JQ281 .S24 2013","0","0"
"PS3616.R84 D59 2013","4","0"
"PQ9945.9.S54 D65 2013","0","0"
"BF697.5.S426 H35 2014","0","0"
"PN2593 .O96 2014","0","1"
"PS3556.I34 Z87 2014","0","0"
"PR9499.4.B34 T45 2013","0","0"
"PR6003.E282 Z82 2013","0","0"
"DR1510 .V53 2014","0","0"
"DT450.25.T87 M84 2014","2","0"
"PG5029 .K54 2014","0","0"
"DT541.845 .B464 2008","1","0"
"HC1070.Z9 E44 2012","0","0"
"PR9499.3.K427 Z89 2013","0","0"
"PJ4571 .A8 1950","1","0"
"PJ5008 .H667 1987","0","0"
"PJ5008 .R4","0","0"
"DC201 .P54 2014","0","0"
"DK651.N506 K75 2014","0","0"
"PQ3989.3.K9 N85 2012","0","0"
"PQ3989.3.G67 F36 2013","0","0"
"BL2765.F8 K43 2014","0","0"
"HJ1486 .O87 2011","0","0"
"F3326.U5 S26 2013","0","0"
"F3326.U5 S26 2013","0","0"
"DC611.R86 C53 2014","1","0"
"DK4122 .C56 2013","0","0"
"KHC2921 .A83 2007","0","0"
"HD6607 .R64 2012","0","0"
"PQ6607.I33 Z89 2014","0","0"
"DT551.82.K44 M63 2005","1","0"
"GF532.C4 V39 2013","0","0"
"HD9560.5 .O77 2011","0","0"
"DC233.5.G8 C37 2013","0","0"
"PQ6287 .D4 2014","1","0"
"DK4449 .U33 2014","1","0"
"PQ6127.E6 L64 2014","0","0"
"DT546.283.S37 O87 2013","0","0"
"PN5012 .M432 2011","0","0"
"JN30 .M53 2014","0","0"
"PQ3989.2.L44 S68 2004","0","0"
"PG2750.P46 K36 2014","0","0"
"DK511.R53 K73 2012","0","0"
"DT582.82.K53 A3 2013","0","0"
"D522.42 .C63 2014","0","0"
"DT582.82.K53 A313 2013","1","0"
"DK510.763 .B3456 2013","1","0"
"HC340.12.Z9 C367 2013","1","0"
"DK127 .A788 2013","0","1"
"RA643.86.A358 M45 2007","0","0"
"PQ6666.E7735 H68 2014","0","0"
"BF1729.G4 A54 2014","0","0"
"HC244.5 .I49 2013","0","0"
"DP233.5 .A46 2014","0","0"
"DK510.763 .K7628 2013","1","0"
"PL56.9.O43 K89 2002","1","0"
"PG5039.14.E43 L37 2012","1","0"
"PN1995.3 .C6633 2012","1","0"
"PQ6623.A454 Z84 2014","0","0"
"KHC2919 .S33 2012","1","0"
"F2729.52.S46 C43 2013","0","0"
"DG51 .S49 2012","0","0"
"DG315 .S48 2013","1","0"
"DP302.G66 M35 2014","1","0"
"HT114 .P75 2013","1","0"
"DK268.S8 L6614 2011","2","0"
"PQ2235.D93 V56 2014","0","0"
"GR315 .N57 2012","0","0"
"H61.295 .N363 2011","0","0"
"PC3911 .S67 2014","1","1"
"DJK76.4 .I825 2011","0","0"
"GN585.S7 S67 2014","0","0"
"NA1033.P7 L85 2013","0","0"
"U24 .S568 2010","1","0"
"HQ767.9 .A377 2014","2","0"
"KFN7475 .C48 2014","0","0"
"DS910.2.K7 Y985 2013","0","0"
"DS923.284.M64 A5 2013","2","0"
"PZ50.541 .P36 2013","0","0"
"PL8456.4 .W55 2012","0","0"
"JF518 .K75 2014","0","0"
"PQ3989.3.W3888 A9 2013","0","0"
"PN5499.C6 G85 2013","1","0"
"BF1517.R9 K34 2014","0","0"
"HC1010 .T66 2013","1","0"
"DL733 .S44 2014","1","1"
"DT14 .A37475 2011","1","0"
"BX4220.S7 L48 2014","1","0"
"F2230.2.G72 C3 2013","0","0"
"DR1846.R8 P48 2013","0","0"
"PG3476.P543 C532 2013","0","0"
"RD30 .A2816 2012","0","0"
"TT617 .F5796 2002","3","0"
"PG3479.6.E45 R67 2014","0","0"
"DS135.B38 S6527 2014","0","0"
"PG7158.L392 A2 2014","1","0"
"F319.C73 H37 2014","1","0"
"DS132 .F56 2012","2","0"
"DS119.7.S3818773 F56 2014","1","0"
"D769.85.V8 F74 2014","0","0"
"PG3482.8.U73 Z75 2014","0","0"
"HC232 .G33 2013","0","0"
"PG3479.5.H477 B53 2013","0","0"
"PR9393.9.H35 L58 2013","1","1"
"DP135 .P63 2014","1","1"
"DP48 .J8 2014","1","0"
"D621.S7 G37 2014","0","0"
"PQ3989.3.B88 C66 2005","1","0"
"PA5610.S6135 A6413 2012","0","0"
"PL2415 .Z4455 2012","0","0"
"PL1710.C45 L5643 2012","0","0"
"PR9385.9.M73 T46 2012","0","0"
"PL2273 .Z35 2012","0","0"
"PL8703 .N49 2012","3","0"
"LA1821.S38 C75 2011","1","0"
"PL471 .Z4324 2013","2","0"
"PN95.82.A4156 S65 2012","1","0"
"PN519 .K56 2006","0","0"
"PQ3989.3.T7333 D46 2009","1","0"
"DT31 .A37 2012","0","0"
"PG3476.E43 Z46 2013","0","0"
"DT1670.C88 M46 2013","2","0"
"PG3361.S745 Z724 2013","0","0"
"PG3482.8.U665 S33 2013","0","0"
"PG3492.58.R577 T53 2013","0","0"
"PG3491.5.H847 N284 2013","0","0"
"PG3479.4.O478 K65 2013","0","0"
"NX643 .Y53 2009","0","0"
"PG3483.U773 L58 2014","0","0"
"PG3491.5.H478 P67 2013","0","0"
"HB3666.6.A3 Q47 2003","1","0"
"PG3482.6.L544 M89 2014","0","0"
"PG3313.F4 Z5828 2014","0","0"
"HV551.5.U38 M592 2008","1","0"
"F3710 .C66 2013","0","1"
"PQ8520.12.U8 C46 2014","0","0"
"DR562 .L48 1971","1","0"
"NK2673.6.A1 K565 2013","0","0"
"NK6484.6.A1 K56 2013","0","0"
"PL857.I78 S34 1982","0","0"
"HG5993 .T55 2014","1","0"
"PC4821 .L83 2014","0","0"
"PL857.I78 S32 1985","0","0"
"AS302.M56 C66 2014","0","0"
"PL857.I78 T53 2009","0","0"
"PQ3989.3.Z453 V66 2013","1","0"
"PL857.I78 G52 2010","0","1"
"PL857.I78 Y67 1998","0","0"
"BX355 .W92 2013","7","0"
"PQ6004 .F45 2014","1","0"
"PL857.I78 K542 1980","0","0"
"PN133.C9 O32 2012","0","0"
"JC328.5 .C6512 2012","0","0"
"DS485.O94 L55 2014","1","0"
"F2230.1.T3 A766 2013","0","1"
"F3320.1.T48 A76 2010","0","1"
"PQ3949.2.D25 B37 2012","0","0"
"LA1537 .F56 2012","0","0"
"HD9685.A352 K37 2013","0","0"
"BX950.E6 L63 1995","1","1"
"LC67.6 .A87 2014","1","0"
"GN316 .T536 2012","0","0"
"CT3293 .B45 2013","0","0"
"KGS2060 .J67 2012","1","0"
"PQ8098.12.A772 B37 2014","0","0"
"F2849.22.G85 C867 2012","0","0"
"HT1076 .R687 2012","0","0"
"B1825.Z7 A4 1999","0","0"
"PL1281 .L51835 2013","0","0"
"NX571.H8 M678 2013","0","0"
"BR67 .M29 2012","0","0"
"GV1796.S245 B67 2012","0","0"
"PQ8097.R783 P33 2014","0","0"
"DT197 .P3 2010","0","0"
"PN2721 .Z5683 2013","0","0"
"PQ8098.412.I82 M84 2014","0","0"
"PQ3949.3.C44 H35 2013","0","0"
"F1789.W47 A51 2012","0","0"
"PQ2701.N39 J37 2014","0","0"
"B2430.F724 M516 2014","0","0"
"PG3492.56.S57 V47 2014","1","0"
"DK43 .N39 2013","0","1"
"DB2244.7 .K82 2014","0","0"
"PQ2662.E253 O64 2014","0","0"
"P306.97.S63 B8418 2007","0","0"
"DT157.5 .A45 2012","0","0"
"PG3492.84.I384 M35 2011","1","0"
"DG59.A2 E44 2014","3","0"
"VM451 .M89 2010","1","0"
"VM451 .M89 2010","1","0"
"HT151 .G66 2014","0","0"
"HT151 .G662 2014","0","0"
"DB2191.M38 U65 2012","0","0"
"PL991.92 .S3 2013","1","1"
"PL991.92 .S3 2013","1","1"
"PL991.92 .S3 2013","0","1"
"PL8571 .N83 2013","6","0"
"PG5038 .S45 2001","0","0"
"DB2191.M38 P658 2000","0","0"
"JQ1513 .W86 2014","0","0"
"DC244.7 .F54 2014","1","0"
"BX2410 .B4 Heft 21","4","1"
"DS779.49.X55 G86 2013","1","0"
"DA506.A2 H34 2014","1","0"
"HC465.C6 M5613 2014","1","0"
"PA8133.S8 C374 2014","0","0"
"B5244.I984 W3513 2014","0","0"
"F2161 .G53 2014","2","0"
"BR481 .H275 2013","0","0"
"DB999.H46 H46 2002","0","0"
"PA4218 .B68 2014","1","2"
"PQ2603.R436 I87 2014","0","0"
"PQ2662.R8543 Z46 2014","0","0"
"PQ3899 .N688 2013","1","0"
"PQ2667.U4653 E77 2014","0","0"
"B785.F434 A4 2014","0","0"
"BD171 .D56 2013","0","0"
"HC240.25.G7 S74 2014","1","0"
"PQ2666.R2624 J35 2014","0","0"
"DT2458.K53 M34 2009","0","0"
"PH2761.U65 B35 2002","0","0"
"F1219.1.T623 F67 2014","0","0"
"B2421 .J35 2014","0","0"
"LC1203.E8515 R44 2013","0","0"
"B2430.W474 J84 2014","1","0"
"PS261 .G74 2014","0","0"
"PR6120.U766 C73 2014","1","0"
"PR6120.U766 C74 2014","0","0"
"DJK28.H86 M56 2006","0","0"
"PS3620.R82 A84 2014","1","0"
"JZ5597 .R46 2014","2","0"
"BF503 .M69 2014","3","0"
"CC97.I74 I35 2005","0","1"
"DS530.32.A9 A95 1991","0","0"
"D810.S7 G76 2013","1","0"
"DS565 .B438 1986","3","0"
"DD901.B78 B63 2014","0","0"
"DS522.6 .Y35 1995","0","0"
"TR681.I58 A87 2014","0","0"
"CJ1118 .P46 2013","0","0"
"DT157.6 .M37 2013","1","0"
"DT157.66 .Q254 2012","0","0"
"DT156.7 .T354 2013","1","0"
"PL2929.6.Z44 Y32 2014","0","0"
"PL2419.W37 G664 2013","0","0"
"BH221.C6 W45 2014","0","0"
"PL2302 .Z4359 2013","0","0"
"PN56.I64 C446 2014","0","0"
"PL2307 .M32 2013","0","0"
"PL2302 .Z3654 2014","0","0"
"PL2262.2 .D463 2014","0","0"
"PN3437 .Z4359 2013","0","0"
"CT3990.Q254 A3 2014","2","1"
"HN740.J53 W364 2014","0","0"
"HN740.M64 H86 2014","0","0"
"HN740.X86 Y49 2014","0","0"
"HN740.S85 S664 2014","0","0"
"DS797.33.H837 Z446 2011","0","0"
"DS797.33.L534 Z446 2011","0","0"
"DS797.33.Q255 W364 2011","0","0"
"DS797.33.B365 W364 2011","0","0"
"HN740.L583 Z47 2011","0","0"
"HN740.X553 Z47 2011","0","0"
"HN740.D664 L83 2011","0","0"
"HN740.H475 H36 2011","0","0"
"HN740.G464 Y53 2010","0","0"
"HN740.Y554 Y827 2010","0","0"
"HN740.Y563 Y36 2010","0","0"
"HN740.C434 S866 2010","0","0"
"HN740.B35 L68 2010","0","0"
"HN740.X547 L86 2010","0","0"
"HN740.L36 Z43 2010","0","0"
"HN740.A43 W36 2010","0","0"
"HN740.C364 Z68 2012","0","0"
"HN740.X543 J55 2012","0","0"
"HN740.M344 Y36 2012","0","0"
"HN740.B325 Y36 2012","0","0"
"DS797.59.A688 L5 2012","0","0"
"DS797.59.H86 S546 2012","0","0"
"DS797.59.D86 Z436 2012","0","0"
"DS797.59.Y365 J53 2012","0","0"
"HN740.S853 D56 2011","0","0"
"HN740.M854 H36 2011","0","0"
"HN740.N564 K36 2011","0","0"
"HN740.T344 W36 2011","0","0"
"HN740.S4366 D837 2011","0","0"
"HN740.L8673 F35 2011","0","0"
"HN740.Q5686 X836 2011","0","0"
"HN740.T55 B53 2011","0","0"
"DS797.54.J864 H834 2012","0","0"
"DS797.54.H364 L524 2012","0","0"
"DS797.54.H677 H35 2012","0","0"
"DS797.54.Q557 S85 2012","0","0"
"DS797.54.H377 Y35 2012","0","0"
"DS797.54.J37 J55 2012","0","0"
"DS797.54.J37 H323 2012","0","0"
"DS797.54.E748 D65 2012","0","0"
"HN740.Q252 Y48 2010","0","0"
"HN740.A42 M33 2010","0","0"
"HN740.H344 S45 2010","0","0"
"HN740.H876 L53 2010","0","0"
"DS797.84.K873 H427 2012","0","0"
"DS797.84.K873 G924 2012","0","0"
"DS797.84.H863 Y364 2012","0","0"
"DS797.84.H863 M34 2012","0","0"
"DS797.84.M698 M46 2013","0","0"
"DS797.84.M698 A33 2013","0","0"
"DS797.84.M698 L536 2013","0","0"
"DS797.84.M698 L5362 2013","0","0"
"HN740.G66 S85 2010","0","0"
"HN740.L587 C45 2010","0","0"
"HN740.M464 Y36 2010","0","0"
"HN740.D455 Z44 2010","0","0"
"PL2303 .Z4365 2014","0","0"
"PL2833.7.A5266 A65 2014","0","0"
"PL2698.H73 C5385 2014","0","0"
"PL2291 .X537 2014","0","0"
"PL2695.Z5 T365 2013","0","0"
"PL2466.Z7 T36127 2013","0","0"
"PL2665.T3 Z985 2013","1","0"
"PL2264 .T36 2014","0","0"
"PL2664.T8 Z76 2013","1","1"
"PL2878.N1237 M364 2013","1","0"
"PL2754.S5 Z656 2013","0","0"
"HQ1770.S47 J59 2014","0","0"
"PL2442 .Y55 2014","0","0"
"PL2866.N474 S86 2014","0","0"
"PL2946.K48 W6 2013","0","0"
"PL2698.L55 Z944 2014","0","0"
"LG51.S37 Z436 2014","0","0"
"B5233.C6 C446 2014","0","0"
"PL2347 .C4836 2014","0","0"
"PL2346 .Z4464 2013","0","0"
"PL2946.3.A484 Z46 2013","0","0"
"PL2303 .H423 2014","0","0"
"PL2872.F364 X5364 2014","2","0"
"BL1900.C576 W364 2014","0","0"
"DS755.2 .Y528 2014","2","0"
"DS755.2 .Y528 2014","1","0"
"DS755.2 .Y528 2014","2","0"
"D923 .C43 2014","2","1"
"PL2976.J53 W62 2014","2","0"
"PL2303 .H398 2014","0","0"
"PL2887.N227 Z98 2014","0","0"
"DS779.23 .N32 2014","2","0"
"PL2877.C513 A6 2014","0","0"
"PL2877.C513 A6 2014","0","0"
"PL2921.C464 C48 2014","4","0"
"PL2952.A635 W82 2014","0","1"
"PL2855.A94 A15 2014","1","0"
"PL2687 .C34 2013","0","0"
"PL2687 .C34 2013","0","0"
"PL2687 .C34 2013","0","0"
"PL2687 .C34 2013","0","0"
"PL2946.3.A698 Z364 2014","0","0"
"Z270.C6 Y364 2013","0","0"
"PL2303 .Y3594 2014","0","0"
"PL2978.S584 Z466 2010","0","0"
"PL2303 .F363 2013","0","0"
"PL2783.U248 A6 2013","2","0"
"PL2781.N4 A6 2013","0","0"
"PL2303 .S446 2014","0","0"
"DS775.2 .Y836 2014","1","0"
"PL2971.5.Y52 A52 2014","0","0"
"GR335.4.L53 L82 2014","0","0"
"LA1131.82 .K43 2014","0","0"
"B126 .T364 2014","0","0"
"PL2937.E544 G42 2014","0","0"
"PL2308 .Z428 2014","1","1"
"PL2929.5.N4182 C52 2013","2","0"
"PL2919.J536 N36 2014","0","0"
"PL2262 .G664 2013","0","0"
"HQ56 .Z44 2014","0","0"
"DS777.15.C5 Z436 2014","1","0"
"PL2442 .S559 2013","0","0"
"PL2303 .H883 2014","0","0"
"DT159.9.K49 A23 2012","0","0"
"DT159.6.D27 A445 2008","0","0"
"PL2303 .Z443 2014","0","0"
"PL2769.N46 Z948 2013","0","0"
"PL2968.5.U98 K8 2013","0","0"
"DS916.594.P83 Z44 2014","0","0"
"LA1131.82 .L59 2014","0","1"
"DS778.G36 P464 2013","1","0"
"PL2736.8.A53 A6 2013","0","0"
"PL2623 .F456 2014","0","0"
"PL2801.N18 B35 2014","0","0"
"RA395.C6 H85 2013","0","0"
"PL2976.Y495 Q253 2014","0","0"
"PL2929.7.E65 L36 2014","0","0"
"PL2960.U82124 Y59 2013","0","0"
"PL2933.E59 Y5 2013","0","0"
"PL2841.P45 M575 2014","0","0"
"PL2889.U337 A6 2014","0","0"
"PL2720.A2 T536 2013","1","0"
"PL2939.E365 X86 2014","0","0"
"PL2694.S53 C446 2014","0","0"
"PL2727.S2 M8 2013","0","0"
"PL2840.N359 A6 2013","0","0"
"PL2513 .H358 2014","1","0"
"PL2965.S55 F89 2014","0","0"
"PL2851.T87 Y836 2014","0","0"
"PL2968.M565 Z36 2014","0","0"
"PL2942.5.N385 Z35 2014","0","0"
"PL2564.4 .M56 2013","0","0"
"PL2518 .Z446 2014","0","0"
"PL2687.C364 Z87 2013","0","0"
"PL2443 .Y365 2013","0","0"
"DT12.25 .Z436 2014","1","0"
"PL2947.5.U936 C436 2013","0","1"
"PL2740.T9 T356 2014","0","0"
"PL2874.C492 Z953 2014","3","0"
"LA1131.82 .L58 2014","0","0"
"LA1131.82 .L58 2014","0","0"
"PL2946.C45 W36 2014","0","1"
"LC315.C6 X8 2014","0","0"
"PL2949.7.U76 T53 2014","0","0"
"LA1131.82 .X566 2014","0","0"
"PL2252.C5163 H836 2014","0","0"
"DS736 .T86 2014","0","0"
"BQ6345.F842 Z435 2014","0","0"
"LA1131.81 .Z436 2014","1","0"
"DS774 .Z45 2014","0","0"
"DS736 .T862 2014","1","0"
"PL2958.I386 W6 2014","0","0"
"HT384.C6 W66 2014","0","0"
"PL2931.5.I54 W364 2014","0","0"
"DS777.488.S483 S443 2014","0","0"
"DS777.488.S483 S443 2014","0","0"
"DS777.488.S483 S443 2014","0","0"
"PL2947.W43 C52 2014","0","0"
"PL2955.E73 Y82 2014","0","0"
"BH221.C6 C446 2014","0","0"
"PL2929.3.E528 Y52 2013","0","0"
"DS777.5425.H83 Q253 2014","0","0"
"PL2303 .Z482 2014","0","0"
"DS721 .S82 2014","0","1"
"PL2946.J84 W45 2014","0","0"
"DS795.1 .L58 2014","0","1"
"PL2671 .D664 2014","1","0"
"PL4072 .L45 2013","0","0"
"TR654 .R836 2014","1","0"
"PL2886.U13 Z46 2013","0","0"
"PL2973.C85 R82 2013","0","0"
"PL2929.5 .N4227 J564 2013","0","0"
"PL2937.A578 Y52 2014","0","0"
"PL2965.X542 S446 2014","0","1"
"PL2277 .S482 2014","0","0"
"PL2948.5.O545 L86 2013","0","0"
"PL2942.3.A32 B82 2014","0","0"
"Z3101 .Y835 2013","0","0"
"PL2880.U16465 L52 2014","0","0"
"PL2930.5.N23 H664 2014","0","0"
"DS774 .Z436 2013","0","0"
"PL2674 .L58 2014","0","0"
"DS778.G665 P446 2013","1","0"
"PL2455 .Y423 2014","1","0"
"PL2935.A2378 Z436 2014","2","1"
"LB1140.2 Y564 2014","1","0"
"DS734 .L82 2014","0","0"
"ND1049.P3128 S45 2013","0","0"
"PL2807.H8 A6 2013","1","0"
"PL2947.J53692 M564 2014","0","0"
"DS799.845 .Q258 2013","0","0"
"LB1555 .Y364 2014","2","0"
"PL3748.T75 Z98 2013","0","0"
"PL2677.Y8 Z586 2014","0","0"
"PL2740.N3 Z985 2014","0","0"
"PL2781.A54 Z46 2014","2","0"
"PQ2672.U53 Y82 2014","0","0"
"PL2898.N125 Y42 2014","0","0"
"PL2954.M564 W62 2014","0","0"
"PL2676 .L36 2014","0","0"
"PL2978.5.L57 M45 2014","0","0"
"DS777.54 .W364 2014","0","0"
"HC426.C45 C47 2010","0","1"
"PL2309.F8 S86 2013","0","0"
"PL2966.U93 Q256 2014","0","0"
"PL2862.I31394 A6 2014","0","0"
"PL2946.7.W45 X536 2014","0","0"
"P306 .Z468 2014","1","0"
"PL2976.L536 F87 2013","0","0"
"PL2976.L536 F87 2013","0","0"
"PL2937.5.O39 Z468 2013","0","0"
"DT154.74 .H89 2013","0","0"
"BP43.S38 K32 2013","1","0"
"GN659.M6 E45 2013","1","0"
"E448 .P786 2014","0","0"
"DL65 .W63 2014","7","0"
"PS2993 .C65 2014","1","1"
"TX714 .B64128 2014","2","0"
"PS3612.I885 C66 2014","0","0"
"PS3618.U297 C68 2014","1","0"
"BD171 .R36 2014","1","0"
"BT40 .R83 2014","1","0"
"PR5044 .G54 2014","0","0"
"BX1746 .L2313 2014","1","0"
"BL51 .M6265 2014","0","0"
"D769.87.A4 C688 2014","1","0"
"DA565.L86 J45 2014","0","0"
"PT148.S77 H93 2014","0","0"
"PS3560.E88 M97 2014","3","0"
"PS3607.R6777 R63 2014","0","0"
"PS3610.O617 S76 2014","1","0"
"E445.M4 C36 2014","0","0"
"DC231 .E8343 2014","2","0"
"PL2812.I4 Z754 2014","0","0"
"HQ200.B4 S65 2013","0","0"
"DG533 .C36 2014","3","0"
"PS3606.R423 A6 2014","0","0"
"PN6745 .F746 2014","4","0"
"PS3558.E277 H59 2014","0","0"
"PS3610.O25 A6 2014","0","0"
"PS3619.L65 L65 2014","1","0"
"BJ1533.R42 L33 2014","1","0"
"DS779.47 .M54 2014","0","0"
"TR140.M3484 B44 2014","2","0"
"PR9570.S53 Y28 2014","0","0"
"PN3503 .N5 2014","0","0"
"PS3607.A976 N69 2014","0","1"
"JL966 .R3878 2014","4","0"
"PS3527.I865 S4 2014","2","0"
"HQ79 .M877 2014","4","0"
"PS3558.U445 S53 2014","1","0"
"PR9199.4.Z458 S63 2014","0","0"
"PS3563.O828 A6 2014","0","0"
"PN1998.3.D3815 K68 2014","1","0"
"PS3566.O742 T75 2014","1","1"
"PS3562.A75246 A6 2014","2","0"
"PG3410 .G84","3","0"
"HQ195.L67 L38 2012","1","0"
"HT165.53.S73 T34 2007","0","0"
"LG511.C45 S25 2009","0","0"
"PQ7155 .M84 2014","2","0"
"DR479.M54 D56 2012","2","0"
"JV8978 .E55 2013","0","0"
"PQ4053.S93 S63 2012","0","0"
"HC427.92 .Y815 2013","2","0"
"PQ6422 .A2 2014","3","1"
"BV5077.S7 P33 2008","3","0"
"DS917.37 .T34 2010","1","0"
"PQ6046.O98 C37 2009","1","0"
"JQ1875.A55 C63721 2013","1","0"
"BM693.H5 A64 2014","0","0"
"DA317.8.P6 E39 2014","1","0"
"DA380 .A785 2014","1","1"
"DU117.17 .P38 2014","1","0"
"E230 .K45 2014","2","0"
"E895 .Z57 2014","0","0"
"DS799.63.C6 B67 2015","0","0"
"BJ1604 .A43 2014","1","1"
"D743.42 .W55 2014","1","0"
"DG78 .G65 2013","0","0"
"DS59.K86 C66 2014","7","0"
"PN3448.D4 C5587 2014","3","0"
"PQ9698.422.A93 D5313 2014","0","0"
"P95.82.C6 D57 2014","3","0"
"CT1929.G67 A3 2014","0","0"
"PR9605.6.I45 D65 2014","0","0"
"PR6056.O45 E46 2014","11","0"
"PT2678.A2325 A843413 2014","0","0"
"DS712 .E45 2014","1","0"
"PS3602.O19 Z46 2014","0","0"
"B815 .D87 2014","0","0"
"PQ673 .A94 2014","1","0"
"HQ1421 .C625 2014","6","1"
"D13.2 .F53 2015","1","0"
"PR1195.W65 F57 2014","0","0"
"CT2628.F35 F3613 2014","0","0"
"PS173.N4 F76 2014","2","0"
"PS3558.I64 G33 2014","1","0"
"DX229 .I45 2014","0","0"
"B2948 .I36 2014","0","0"
"DS492 .P48 2013","0","0"
"BR117 .I45 2014","1","0"
"PS3613.O71755 I5 2014","0","0"
"PS3561.A37 I53 2014","0","0"
"E467.1.E13 C66 2014","0","0"
"PL834.O4 M413 2014","0","0"
"F1415 .L38 2015","0","0"
"E453 .B74 2014","3","0"
"PR6063.C335 Z69 2014","2","0"
"PR438.P65 S34 2014","1","1"
"HQ76.27.O44 L58 2015","2","1"
"PS3553.A5823 L68 2014","4","1"
"PN56.3.M4 M39 2014","5","0"
"PN2598.C15 M37 2013","0","0"
"PR478.M6 E28 2014","4","0"
"DS89.B9 E53 2014","2","0"
"D810.S7 O7447 2014","0","0"
"BD460.O74 K65 2014","1","0"
"PQ7082.N7 P67 2014","1","0"
"PN6071.E8 N6 2014","2","0"
"PN2599.5.T54 N63 2014","0","0"
"F3444 .P38 2014","1","0"
"D359 .M348 2014","1","1"
"PN1035 .P64 2014","1","0"
"DS799.847 .P65 2014","1","0"
"DR1316 .P67 2014","0","0"
"PQ3980.5 .B57 2014","0","0"
"PQ3988.5.N6 Q24 2014","1","0"
"DT96 .B44 2014","2","0"
"PS3560.A538 P75 2014","0","1"
"B105.A55 D68 2014","0","0"
"BR1700.3 .W35 2014","0","0"
"DT38.7 .H46 2014","0","0"
"BP173.63 .M44 2014","0","0"
"HQ1240.5.S64 O24 2014","0","0"
"PR3534 .S29 2013","0","0"
"PQ9281.A66 C5313 2014","1","1"
"PS3511.I9 G83196 2014","3","0"
"BT98 .W46 2014","1","0"
"PS3509.L43 Z5995 2014","0","0"
"DA990.U46 V45 2014","0","0"
"PQ2188 .E93 2014","0","0"
"BL51 .S5246 2014","0","0"
"PR4757.T4 I74 2014","0","0"
"PR2955.O86 S73 2014","3","0"
"PL2727.S2 Z73 2014","1","0"
"P94.6 .W49 2014","0","0"
"PT2601.D614 Z89 2014","0","0"
"PR756.T72 W66 2014","2","0"
"D13 .H856 2014","8","0"
"PR830.D4 P336 2014","0","0"
"E744 .K23 2014","4","0"
"PN6222.C9 A58 2014","0","0"
"PS3614.A575 A7 2014","2","0"
"PN2049 .N53 2014","0","0"
"BT1103 .K45 2014","1","0"
"PN2091.E4 M37 2014","1","0"
"DR45 .L36 2014","0","0"
"PR9199.4.M3345 B48 2014","0","0"
"F2270.1.G57 L66 2013","0","0"
"PR6003.E7247 B5 2014","1","0"
"PS3615.B7435 B63 2014","4","0"
"PS3554.E924 C35 2014","1","0"
"PR6120.H660 C37 2014","2","0"
"PS3557.A71122 A6 2014","1","0"
"PR6102.I73 C43 2013","1","0"
"PQ4916.E45 C4413 2014","0","0"
"PQ8098.28.A3 C45 2013","1","0"
"PS3619.O878 C58 2014","0","0"
"PS3623.I459 C53 2014","0","0"
"PN2053 .U59 2014","2","0"
"PS3556.R564 C66 2014","2","1"
"PS3613.E436 A6 2014","1","0"
"PR6111.I46 C74 2013","2","0"
"PR6058.A59286 C75 2013","2","0"
"PR6119.E26 C76 2013","1","0"
"PT8951.16.O73 D6213 2014","1","0"
"PR6069.A496 K5637 2014","0","1"
"PN2053 .U84 2014","1","0"
"PS3603.O555 E36 2014","5","1"
"BT746 .G60 2014","2","0"
"PR9393.9.C5 Z63 2014","0","0"
"PR6113.I5567 E55 2013","2","0"
"PR6123.O523 E45 2013","1","0"
"PQ6657.O5516 E7613 2014","0","0"
"PS3601.B48 A6 2014","0","0"
"PR6107.I455 F56 2014","2","0"
"PN1995 .C65 2014","3","0"
"PR6061.U86 F5 2013","1","0"
"PS3620.O3259 A2 2014","2","0"
"D810.W7 B347 2014","2","0"
"BT303.2 .B57 2014","0","0"
"PR9199.3.A65 H36 2013","0","0"
"PR6102.R332 H37 2014","1","0"
"DG311 .M66 2015","3","0"
"PR6106.A45 H6 2013","1","0"
"BT821.3 .R63 2014","0","0"
"PR6103.H388 H8 2014","1","1"
"PQ2676.E67 J413 2014","1","0"
"PR6113.O825 I5 2013","2","0"
"PR6101.R37 I5 2014","2","0"
"DT576 .I53 2014","0","0"
"BX4705.C476 A25 2014","3","0"
"PR6102.H38 K43 2014","0","0"
"PR6107.R4384 L59 2014","1","0"
"PR6102.Y73 M57 2014","0","0"
"PQ7798.23.A369 S2513 2013","0","0"
"PS3623.I843 M66 2014","0","0"
"PG3476.T75 A2 2014","0","0"
"DT1641.Y45 N25 2013","2","0"
"PR6073.H485 M97 2014","1","0"
"BT761.3 .S93 2014","0","0"
"PN6071.E8 N62 2014","1","0"
"PQ9698.429.C68 H3313 2014","0","0"
"PR1508 .O43 2014","0","0"
"PS3573.A782 A6 2014","1","0"
"PN2049 .G68 2014","1","0"
"PQ2607.U8245 Z575 2014","2","0"
"BQ5630.S2 A53 2014","0","0"
"B689.Z7 D313 2014","0","1"
"PR6104.U539 P74 2013","3","0"
"DS121.65 .A33 2014","1","0"
"PJ5055.51.A74 A6613 2013","0","0"
"PR6118.E596 S67 2014","2","0"
"PS3561.I483 Z884 2014","0","0"
"PS3602.I285 S86 2014","1","0"
"PR6066.O84 T35 2014","4","0"
"PS3552.A446 T37 2014","4","0"
"PQ1842 .A47 2013","3","1"
"BX4705.T39 D84 2014","1","0"
"BT21.3 .H46 2014","1","0"
"PS3613.C3453 A6 2014","1","1"
"PR6106.E34 T45 2014","2","0"
"PQ2625.I2 A2 2014","1","0"
"PR6118.E596 T47 2014","1","0"
"PR6061.H25 T76 2013","1","0"
"PR6039.O32 Z8446 2014","0","0"
"P53.45 .T69 2009","3","0"
"HQ77.9 .G69 2015","0","0"
"F1439 .B66 2015","4","0"
"PT2625.E3224 W313 2014","0","0"
"PS3607.R45252 W44 2014","0","0"
"PS3612.I467 A6 2014","1","0"
"DS793.Y45 P67 2014","4","1"
"PR6113.I44 Z34 2013","0","0"
"PR6065.B7 N56 2014","2","0"
"BX3544.A1 V53 2013","1","0"
"DP76 .H57 2009","1","0"
"BT300 .U2318 1961","2","0"
"PQ7797 .B535 2012","0","0"
"DD221 .G69 2014","0","0"
"KKH9860.S533 C66 2010","0","0"
"PN5246.F35 A3 2014","0","0"
"DG975.R85 V56 2011","0","0"
"D805.5.A96 H55 2014","0","0"
"DB2244.7 .M355 2012","0","0"
"PN1997.K655 S54 2013","0","0"
"DX210 .L83 2014","0","0"
"PQ3989.3.D43 B38 2013","0","1"
"JQ3566.A58 B88 2013","1","0"
"JQ3566.A58 B87 2013","1","0"
"DT549.86.S25 M33 2013","1","0"
"DT450.44 .P37 2008","1","0"
"PQ3989.3.G84 B68 2006","0","1"
"PQ4716.M3 D439 2014","2","0"
"PQ4037 .S76 2014","0","0"
"PG3476 .A92 2012","0","0"
"DT31 .T39 2014","0","0"
"BL980.P6 S95 2013","1","0"
"HQ767 .A1853 2014","2","0"
"HF5438.4 .C426 2014","0","0"
"GN50.45.U6 T47 2014","2","0"
"K1420.5 .B359 2014","3","0"
"HQ796 .H863 2014","0","0"
"K1401.5 .D73 2014","0","0"
"P301 .S824 2014","0","1"
"BF315.5 .R38 2014","3","1"
"LC1567 .R46 2014","0","0"
"HE323 .C69 2014","7","0"
"JF799.5 .B35 2014","1","0"
"HD2910 .L48 2014","0","0"
"HN794.A8 D32 2014","0","1"
"LB3060.83 .F57 2013","0","0"
"DK510.764 .M358 2014","0","0"
"LB2806.36 .K35 2014","3","0"
"HV4708 .P45 2014","3","0"
"HQ759.5 .P36 2014","1","0"
"PS3569.H3337 S53 2014","1","2"
"DK268.A1 M896 2014","1","0"
"DK268.A1 M896 2014","1","0"
"PR6111.N69 O64 2013","2","0"
"PQ4873.A7 Z775 2012","0","0"
"DS740.5.A34 B35 2011","1","0"
"PG3365 .A1 2000, t. 3","1","0"
"PR6057.A672 F38 2014","2","0"
"PG3365 .A1 2000, t. 9","0","0"
"GF75 .D44 2014","1","0"
"HT168.M55 R63 2014","3","2"
"JV6225 .B674 2014","0","0"
"BF315.5 .B875 2015","2","0"
"HF5230.A3 B87 2014","0","0"
"HV703 .C55 2014","0","0"
"HV7431 .B845 2014","0","0"
"KF3464 .G743 2014","3","0"
"LC196.5.U6 W446 2014","1","0"
"K970 .F65 2014","1","0"
"LC5163.A35 E38 2014","0","0"
"JZ1305 .S667 2014","0","0"
"HD6072.5 .E58 2014","0","0"
"HD6072.5 .E58 2014","0","0"
"P96.M36 B85 2014","0","0"
"HD2330 .E58 2014","1","0"
"HF5410 .A36 v.21","0","0"
"HG173 .F5184 2014","0","0"
"PN4874.B575 A3 2014","5","0"
"JZ5566.4 .G46 2014","2","0"
"HC60 .Y86 2014","3","0"
"HV551.5.A8 H86 2014","0","0"
"JC574 .M66 2014","1","0"
"BF175.5.L55 T46 2014","3","0"
"HC240.9.C3 L56 2014","0","0"
"P324 .S26 2014","3","0"
"HQ625 .M59 2014","0","0"
"BF575.N35 K58 2014","3","0"
"HV6433.785 .P35 2014","3","0"
"PN4867.2 .S56 2014","0","0"
"JZ1305 .O56 2014","0","0"
"HD62.13 .S43 2014","0","0"
"KF390.5.C6 H64 2014","3","1"
"HQ1075 .L657 2014","0","0"
"JK2356 .R44 2014","1","0"
"HQ1075.5.A3 N67 2014","6","0"
"HV6535.G6 P654 2014","1","0"
"HD8055.I5 C54 2014","3","1"
"GN34.3.F53 S74 2014","0","0"
"JZ6374 .A47 2014","4","0"
"GN17.3.B28 A58 2013","2","0"
"LB1028.3 .M393 2015","1","0"
"LB3013 .S515 2015","0","0"
"HC427.95 .C4893 2014","0","1"
"HD9199.A2 F75 2014","2","0"
"HM651 .D82 2014","0","0"
"JZ5538 .C6656 2015","0","0"
"BF724.3.E5 S3313 2015","0","0"
"HV6431 .W347 2015","0","0"
"BF723.P25 K54 2015","1","1"
"JZ5588 .C745 2015","1","0"
"LB1028 .D545 2014","4","0"
"LC196 .S625 2014","1","0"
"HC240 .E8557 2014","1","0"
"HC240 .E895 2014","0","0"
"HC79.E5 E849 2014","1","0"
"HQ1090 .V36 2014","5","0"
"HT1332 .N56 2014","0","0"
"HD9502.A2 P37 2014","1","0"
"HV9475.I3 I35 2014","0","0"
"HG3550 .A78 2014","0","0"
"PN4751 .M22 2014","1","0"
"PN4815.2 .N49 2014","4","0"
"LB1027.223 .P76 2014","1","0"
"HV6025 .M54 2014","1","0"
"JZ4839 .R44 2015","1","0"
"HV6322.7 .R46 2014","1","0"
"LC212.2 .R53 2014","2","1"
"JF1525.C74 C43 2014","2","0"
"HD62.5 .R487 2014","0","0"
"KZ6368 .T47 2014","1","0"
"HG4523 .A4613 2014","0","0"
"HT111 .S325 2014","0","0"
"HQ1728.5 .S55 2010","1","0"
"JF1525.I6 A34 2015","0","0"
"P306.5 .T725 2014","2","2"
"PQ4861.N3675 G35 2013","0","0"
"DT156.5 .W36 2012","1","0"
"PQ4141 .F47 2014","1","0"
"PN1998.3.P367 N35 2014","5","0"
"GN347 .M4928 2010","0","0"
"PA23 .F55 2014","0","0"
"PN5276.T7468 A3 2013","0","0"
"HV6322.3.A7 Q535 2013","1","0"
"D639.P7 I85 2014","0","0"
"PA3875.E73 D52 2013","1","0"
"D651.I6 V58 2014","0","0"
"E185.96 .B87 2014","8","0"
"PQ4682 .F328 2014","0","0"
"D228 .M35 2013","0","0"
"PQ4268.N643 D42 2014","0","0"
"JN5657.M62 M75 2014","0","0"
"B765.T54 D535 2014","0","0"
"PQ4037 .S76 2014","0","0"
"PQ4730.P22 Z65 2012","0","0"
"PQ4037 .S76 2014","0","0"
"BT746 .B46 2014","0","0"
"PQ2667.R493 N66 2014","0","0"
"JC71.A41 B47 2011","0","0"
"BS1286 .G67 2014","0","0"
"PS336.T7 A53 2014","0","0"
"PQ4863.E68 Z488 2014","0","1"
"DG545.8.P36 C66 2013","0","0"
"DK67.5.I8 R675 2011","0","0"
"PQ4866.A4 Z59 2014","0","0"
"PQ4906.A976 G58 2014","0","0"
"PN2080 .C65 2014","5","0"
"PQ4873.A6934 R63 2014","0","0"
"PQ4023.D75 S76 2014","1","0"
"PQ7298.422.A39 R47 2014","0","0"
"P147 .B62 2014","0","0"
"PQ4903.A665 M87 2014","1","0"
"JC423 .A83 2003","0","0"
"BT265.3 .G67 2014","1","0"
"PQ7409.2.A44 A94 2013","0","0"
"DR2105.S73 D66 2013","0","0"
"HN214.P6 B47 2012","0","0"
"PQ4862.R7 S64 2014","0","0"
"DS559.92.C5 N4413 2006","1","0"
"DS511 .W37 1975","0","0"
"HA1450.12.Z9 S53 2007","1","0"
"DT155.2.H345 M87 2014","1","0"
"F2172 .M65 2014","0","0"
"D810.S2 R64 2014","2","0"
"PR8771 .K46 2014","0","0"
"DB2191.M38 K5737 2013","0","0"
"DK651.B84 P68 2010","0","0"
"DS121.65 .R56 2014","0","0"
"KQE740 .A937 2014","1","0"
"KBP173.25 .A67 2013","0","0"
"HM281 .F4913 2013","0","0"
"PA3009 .C36 2014","0","0"
"PQ4904.E25 O94 2014","0","0"
"LA493 .C75 2013","0","0"
"HM621 .M67 2014","3","0"
"PQ4904.I213 S76 2014","0","0"
"BL2532.R37 G37 2012","0","0"
"GT4825.H6 T753 2013","0","0"
"F1789.N3 F47 2012","2","0"
"PJ7737 .I57 2013","0","0"
"DT157.36 .S86 2014","0","0"
"PQ2703.A7628 T76 2014","0","0"
"F1486 .E38 2012","2","0"
"PQ7409.2.M24 S23 2012","0","0"
"PQ7298.422.A39 C75 2013","0","0"
"PQ3989.3.C32 E25 2006","0","1"
"PQ4088 .C646 2012","0","0"
"PH3351.S9654 A6 2013","0","0"
"P130.5 .B456 2008","0","0"
"PQ4311.D4 E89 2014","0","0"
"PQ4907.I57 N47 2014","0","0"
"PQ4053.A87 C64 2012","0","0"
"PQ4873.A691545 L38 2014","0","0"
"PQ2631.E25 Z63285 2014","0","0"
"JQ3981.A58 B29 2012","1","0"
"PQ4907.E33 S45 2014","0","0"
"PQ4866.R342 S85 2014","0","0"
"PQ8098.17.U86 C84 2014","0","0"
"PQ4915.S56 D57 2014","0","0"
"PQ4688.D55 Z59144 2014","0","0"
"PQ4088 .C643 2012","0","0"
"HD9787.C944 B38743 2013","0","0"
"PQ4867.E498 V58 2014","0","0"
"B317 .B58 2014","0","0"
"PG3470.V68 Z886 2011","0","0"
"PQ4835.A846 Z5827 2014","0","0"
"PQ4916.R455 F56 2014","0","0"
"JQ3981.A56 D425 2011","0","0"
"PQ4906.R225 R47 2014","0","0"
"DS917.52 .K5537 2013","1","0"
"JN6693.5.S8 K22 2010","1","0"
"JN6693.5.S8 K22 2010","1","0"
"DS918 .P277 2013","0","0"
"JN6693.5.S8 K22 2010","1","0"
"B5254.S636 Y53 2013","0","0"
"PQ4873.O3934 P747 2014","0","0"
"PQ4912.I55 S47 2014","0","0"
"RA418.3.U6 B37 2014","7","0"
"DS910.2.K7 C347 2013","0","0"
"PQ4878.I528 Z72 2014","0","0"
"PQ4037 .M37 2014","0","0"
"PQ4916.O544 A6 2013","0","0"
"PQ4053.H67 P47 2012","1","0"
"PQ4913.O537 C373 2014","0","0"
"PQ4867.I7 Z73 2012","0","0"
"PQ4817.A33 Z794 2014","0","0"
"PQ4918.E37 C37 2014","0","0"
"PQ4286 .B56 2014","1","0"
"DS922.42.Y82 A3 2013","0","0"
"DK511.V65 S484 2013","0","0"
"PN1997.M2635 P66 2014","0","0"
"PN2080 .C6482 2014","0","0"
"PQ2662.L263 Z47 2014","0","0"
"PQ2682.U45 T75 2014","0","0"
"P92.A4 T58 2013","1","0"
"PR6113.A865 C43 2014","1","0"
"DT157.36 .J394 2013","0","0"
"PN3355 .K56 2014","1","0"
"PQ2605.O15 Z48 2014","0","0"
"PQ7627 .C43 2014","0","0"
"DT159.6 .T88 2014","1","0"
"PQ4862.I146 O774 2014","0","0"
"PZ50.531 .Y4886 2009","1","0"
"DT154.65 .N37 2013","1","0"
"DT159.9.K47 A46 2014","1","0"
"PQ4864.A426745 Q36 2014","0","0"
"DK510.763 .M345 2013","0","0"
"PG3492.52.R396 R44 2014","0","0"
"PQ2661.D32 P45 2014","0","0"
"PQ4863.U42 T87 2014","0","0"
"PQ7614 .T47 2013","1","0"
"JS7365.S68 H55 2014","0","0"
"PQ4835.A18 Z46 2014","0","0"
"DS518.1 .P25 2013","0","0"
"PQ4710 .D557 2014","0","0"
"PH3351.S824 Z87 2013","0","0"
"DF217 .M37 2013","0","0"
"PQ4876.A98 T73 2014","0","0"
"F2924 .M56 2013","1","0"
"PQ4880.O4 M333 2014","0","0"
"PN1993.5.I88 N265 2014","0","0"
"PQ4065 .C64 2014","0","0"
"GV1785.N6 J37 2014","0","0"
"PH3381.Z328 T47 2014","0","0"
"NE654.H499 J46 2013","0","0"
"DD881.3 .S36 2014","1","0"
"B809.3 .S56 2014","0","0"
"PQ4827.U9 Z46 2014","0","0"
"PQ4863.A2385 N65 2014","0","0"
"B3197.6.E8 S54 2014","0","0"
"PQ4876.A3937 C66 2014","0","0"
"PQ4873.A38 Z46 2014","0","0"
"DT159.6.N83 I274 2013","0","0"
"PG3021 .B95 2014","1","0"
"F1938.5.T76 S25 2012","1","0"
"JZ5584.C7 D47 2013","1","0"
"PN1998.3.H687 H685 2014","1","0"
"KHH2210.H86 A75 2013","0","0"
"CB353 .K645 2010","0","0"
"PQ7378 .B35 2013","2","0"
"F3799.C7 S44 2014","0","0"
"BP10 .K37 2012","0","0"
"GT120 .S36 2014","2","0"
"PH3015 .S95 2013","1","0"
"PN56.C684 F45 2014","4","0"
"DS146.G4 R634 2014","0","0"
"TD171.5.E22 Y3772 2013","1","0"
"BF1548 .A46 2014","2","0"
"DT157.672 .B36 2013","1","0"
"DT407.4 .I54 2006","0","0"
"PQ4088 .M656 2012","0","0"
"DT159.9.M37 A45 2013","1","0"
"DT159.9.M37 A45 2013","0","0"
"PQ4710 .R66 2014","0","0"
"PQ4409.M6 S47 2014","3","0"
"PN56.F34 A473 2013","2","1"
"PH3404.B8 K66 2013","0","0"
"PQ4300 .A1 2011","2","0"
"PG41 .U59 2013","1","0"
"PJ6801.6 .D57 2012","0","0"
"PT2603.A53 Z54","1","0"
"PQ2676.Y26 E93 2014","0","0"
"GR550 .H375 2012","0","0"
"PJ8310 .D57 2012","0","0"
"PQ6719.A367 T75 2013","0","0"
"DT154.6 .A23 2007","1","0"
"PR9199.4.P464 L66 2014","11","0"
"PG3470.T56 A6 2011","0","0"
"HD9536.D654 B3735 2013","0","0"
"GR105 .K87 1998","1","0"
"PQ4845.N4 Z888 2014","1","0"
"JL3029.C6 J56 2014","0","0"
"PQ4634.S86 Z95 2013","0","0"
"PL958 .K79 2013","0","0"
"DK66 .O33 OPS-021","0","0"
"LC3735.M6 E377 2014","1","0"
"DS913.2 .Y515 2009","0","0"
"DK66 .O33 OPS-023","0","0"
"BP80.B23515 S74 2014","0","2"
"TR27.5 .F64 2014","3","0"
"PS3511.O344 Z596 2014","0","0"
"PR658.C47 C87 2014","1","0"
"E467.1.W46 A3 2014b","1","0"
"DS149 .G738 2014","2","0"
"PT134.D456 W48 2014","2","0"
"PS3573.I933 D4 2014","0","0"
"DS119.2 .R67 2014","0","0"
"PS3575.O68 G57 2014","2","0"
"PT2359.H2 A7433713 2014","1","0"
"TR680 .R28 2014","0","1"
"PS3563.I696 O98 2014","1","0"
"PR549.N3 M68 2014","1","0"
"TR729.D6 M67 2014","1","0"
"PS3503.R167 Z67 2014","0","0"
"E468.9 .W285 2014","2","0"
"PR3072 .C44 2014","9","0"
"PS3561.A885 S58 2014","0","0"
"PR5908.L5 H46 2014","0","2"
"TT877.5 .I54 2014","0","0"
"DK507.46 .M37 2014","0","0"
"DK759.E83 C36 2014","0","0"
"PS3618.O3549 A44 2014","0","0"
"HQ1587 .J64 2014","0","0"
"BT304.95 .M34 2014","2","0"
"D764 .R9558 2014","14","0"
"F2521 .F33213 2014","3","0"
"PQ2499 .C613 2014","6","0"
"P94.5.H58 C66 2014","2","0"
"HQ29 .M653 2014","0","0"
"PS3573.I448414 A6 2014","1","0"
"PS2848 .F6 2014","0","0"
"BL51 .F88 2014","1","0"
"PR9199.4.F7375 A6 2014","1","0"
"PQ8498.32.A65 E436 2014","0","0"
"PN1995.9.F54 K58 2014","1","0"
"PS2848 .M75 2014","0","0"
"PR9619.4.L66 N55 2014","0","0"
"PS3620.A967 N83 2014","0","0"
"PR9372.9.M38 S43 2014","1","0"
"F215 .B8835 2014","0","0"
"E457.65 .T74 2014","0","1"
"E185.6 .M467 2014","0","1"
"PN1031 .S25 2014","1","0"
"PS3561.R88 A6 2014","0","0"
"BQ9289.5 .H45 2014","1","0"
"PQ8180.23.E498 P35 2013","0","0"
"DK66 .O33 OPS-024","0","0"
"PG2987.R4 E92 1994","0","0"
"DK66 .O33 OPS-025","0","0"
"F3738.2 .H873 2014","0","0"
"DK66 .O33 OPS-026","0","0"
"F3799.A1 V36 2011","0","0"
"DK66 .O33 OPS-027","0","0"
"N7397.6.S733 S25 2012","0","0"
"PN1993.5.E2 C667 2013","1","0"
"NC1460.N82 A4 2013","2","0"
"PA6271.C4 A55 2014","0","0"
"HD9866.M42 M39 1996","0","0"
"PL2859.N4 J58 2013","0","0"
"TR37.M37 M65 2013","0","0"
"PQ4905.N53 U556 2014","0","0"
"F1938.4 .D47 2011","0","0"
"DK66 .O33 OPS-016","0","0"
"DF211 .G56 2012","0","0"
"F1938.25.H2 D485 2010","0","0"
"N6604.S38 D47 2012","0","0"
"DK66 .O33 OPS-017","0","0"
"DK66 .O33 OPS-019","0","0"
"HD5822.55.A6 I57 1979","2","0"
"BH39 .S86 2013","0","0"
"DS712 .M87 1994","0","0"
"DT155.4 .T35 2013","1","0"
"PQ4863.A3976 Z46 2014","0","0"
"DK66 .O33 OPS-001","0","0"
"DK66 .O33 OPS-002","0","1"
"DS777.488.S868 J56 2013","0","0"
"DS135.N4 M4963 2014","0","0"
"DK66 .O33 OPS-003","0","0"
"DK66 .O33 OPS-003/1","0","0"
"DT155.62 .S23 2013","1","0"
"DK66 .O33 OPS-004","0","0"
"P96.D382 E97 2014","0","0"
"DB2198 .C82 2014","0","0"
"DJK1 .D73 2011","1","0"
"DJK1 .D73 2012","0","0"
"F3735 .T67 2013","0","0"
"DT159.6.D27 T55 2014","0","0"
"DS799.72.J53 A2 2014","0","0"
"DS799.72.J53 A2 2014","0","0"
"JZ5538 .F6618 2013","0","0"
"PQ4037 .A37 2013","0","0"
"P94 .P26 2012","0","0"
"PQ4817.A76 Z56 2014","0","0"
"DT107.87 .A476 2012","1","0"
"DT107.87 .F3787 2011","0","0"
"HD9672.C54 Y84 2013","0","0"
"JQ1850.A91 T37 2014","1","0"
"PQ7409.2.M45 P65 2013","0","0"
"DT266.7 .M38 2011","1","0"
"HQ1236.5.D65 Z455 2012","0","0"
"BQ649.T32 L529 2013","2","0"
"PN1995.9.D6 R325 2013","0","0"
"PS3602 .A335 2014","0","0"
"PQ7079.3.A73 M46 2013","0","0"
"DS98.6 .K43 2013","0","0"
"PQ7797.P576 Z866 2013","0","0"
"PQ2625.A716 Z764 2014","0","0"
"DT107.87 .M34425 2012","1","0"
"PQ4569 .B54 2014","1","0"
"PQ4861.V65 T87 2014","0","0"
"DS921.6 .H33 2013","0","2"
"PQ4829.O565 O334 2014","0","0"
"DE61.C4 P74 2014","1","0"
"HC195.I5 F39 2014","0","0"
"PQ4057 .A73 2014","0","0"
"DG312 .M36 2013","0","0"
"PQ4167 .B35 2014","0","0"
"LA548 .U558 2012","0","0"
"JQ3981.A979 A83 2010","1","0"
"PQ8180.428.A45 P4 2005","0","0"
"PQ4811.E6 Z796 2014","0","0"
"PN1997.3 .N4644 2013","1","0"
"PQ8098.13.I5 A6 2014","0","0"
"DS63.1 .S595 2014","0","0"
"PN1995.9.W6 S35 2014","1","0"
"PR145 .R53 2014","1","0"
"PQ7472.E97 K36 2014","1","0"
"BL695 .C425 2014","0","0"
"E492.7 .B76 2014","2","0"
"DT61 .S63 2014","0","0"
"PN2287.C632 W55 2014","3","0"
"E447 .D69 2014","0","1"
"DS509.3 .C86 2014","0","0"
"CT275.H5862453 A3 2014","19","0"
"E185.97.K5 S56 2014","2","0"
"BD450 .D47 2014","3","0"
"BM720.C6 D74 2014","1","0"
"BS1443.S9 V36 2013","1","0"
"BD450 .R73 2014","2","0"
"DD247.E5 S7313 2014","1","0"
"PR2111 .S79 2014","0","0"
"PS3553.U75 E94 2014","4","0"
"DT14 .A79 2014","0","0"
"DD901.W75 H57 2014","1","0"
"PR756.T72 G48 2014","1","0"
"BS575 .I5 2013","0","0"
"PN1993.5.I7 I73 2012","4","0"
"B5800 .B54 2014","0","0"
"E846 .D37 2014","1","1"
"E608 .A22 2014","11","0"
"PQ8098.12.O38 N6813 2014","4","0"
"BM590 .W45 2014","1","0"
"PQ6072 .R93 2014","0","0"
"DS336 .M48 2014","0","0"
"F1227.5 .M37 2014","1","0"
"DR731 .K56 2014","5","0"
"PN56.E59 M48 2014","0","0"
"PN1995.9.N4 M68 2015","5","0"
"DA676.8.P59 A3 2014","0","0"
"BX801 .J66 2014","0","0"
"E901.1.G55 A3 2014","0","0"
"BL65.V55 G54 2014","0","0"
"PR535.H45 R45 2014","2","0"
"PN2091.S8 P43 2014","0","0"
"DS89.A45 R54 2014","0","0"
"D887 .A425 2014","0","1"
"DT515.42 .O428 2014","0","0"
"BD161 .P67 2014","0","0"
"PR651 .H67 2014","0","0"
"PS3553.O47445 R63 2014","2","0"
"E757 .W296 2014","0","0"
"PN3433.5 .G66 2014","3","1"
"BR516 .S425 2014","2","0"
"PR3017 .T48 2014","0","0"
"PL2303 .X5594 2014","0","0"
"PR4735.H26 S58 2014","1","0"
"DG256.2 .K46 2013","1","0"
"D804.48 .R67 2014","2","0"
"BS1534.S97 S9 2013","0","0"
"D743.23 .B87 2014","4","0"
"PQ6639.N3 Z761 2014","1","0"
"DS119.767 .K37 2014","1","0"
"E356.W3 S66 2014","0","0"
"PQ281 .W45 2014","1","0"
"PQ2286 .A31 2013","2","1"
"D570 .C68 2014","0","0"
"PG2998.J4 L364 2014","0","0"
"E184.A1 K458 2014","1","0"
"PS3552.I5 Z48 2014","0","0"
"PN1993.5.I8 D89 2014","2","0"
"PS3610.O3764 A6 2014","0","0"
"PR9619.4.A43 B76 2014","1","0"
"DS779.43 .D56 2015","0","1"
"BS2655.C5 T46 2014","1","0"
"PR9199.3.E49 C58 2014","1","0"
"PC3937.D47 C6513 2014","0","0"
"F216.2 .C75 2014","3","0"
"P53 .D397 2012","0","0"
"PN98.E36 E39 2015","13","1"
"PR6025.I848 E87 2014","0","0"
"PR6120.A53 F38 2013","0","0"
"D13 .H75 2015","2","1"
"PJ7870.A6 A2 2014","1","0"
"PS3619.H46375 F88 2014","0","0"
"PR328 .D59 2014","0","0"
"D523 .O26 2014","3","1"
"PR6056.R45 H68 2014","0","0"
"PS3557.U3438 H69 2014","1","0"
"PR9619.4.H343 J36 2014","0","0"
"E457.5 .L78 2014","2","0"
"PR6104.A56 K44 2014","0","0"
"PR6023.E285 A6 2014","0","0"
"PS3562.O4816 M33 2014","0","0"
"F1435.3.P8 M38 2014","1","0"
"PQ6639.N3 N513 2014","4","0"
"B2430.N364 N36 2014","0","0"
"PS3602.R699 A6 2014","4","0"
"PR9199.3.P4965 O6 2014","0","0"
"PR6113.I555 Z47 2014","1","0"
"PS3563.A44 O85 2014","1","0"
"PS3604.E1298 P37 2014","0","0"
"BL53 .B373 2015","0","0"
"PS3614.G88 A6 2014","2","0"
"BL65.P7 M348 2014","0","0"
"BL580 .S232 2014","1","1"
"PR9199.4.R558 S66 2014","0","0"
"E615 .S67 2014","4","1"
"CB245 .T84 2014","0","0"
"BT113 .T89 2014","0","0"
"PR6108.I32 W46 2013","3","0"
"PG3485.8.D77 W58 2014","1","0"
"E175.7 .Z46 2014","2","0"
"PQ8076.5.H67 M33 2013","0","0"
"DK66 .O33 OPS-010","0","0"
"DK66 .O33 OPS-011","0","0"
"F3101.A4 G368 2014","0","0"
"G140.5 .G6 2013","1","0"
"DT157.672 .I37 2013","0","0"
"DK66 .O33 OPS-012/1","0","0"
"DK66 .O33 OPS-013","0","0"
"PG5040.29.T625 G85 2014","0","0"
"DT157.65.K42 A3 2012","1","0"
"PG3479.4.R64 Z7396 2014","0","0"
"PG3361.S745 Z536 2013","0","0"
"PG3476.T75 Z57 2014","1","0"
"E184.S5 L83 2014","0","0"
"BX323 .E867 2006","0","0"
"PQ4821.N9 Z74 2013","1","0"
"DC235 .A12 2012","0","0"
"BH221.C762 P66 2011","0","0"
"PH3382.28.E36 S97 2013","0","0"
"KLB2070 .S85 2012","1","0"
"PG3337.L5 Z673 2013","1","0"
"P1036 .F697 2014","1","0"
"PN1995.9.T4 M444 2013","1","0"
"DT157.675 .K435 2012","0","0"
"DT157.673 .Z39 2014","0","0"
"PL2765.U2 A6 2013","1","0"
"BQ6350 .Y83 2009","0","0"
"HG136 .M6 1975","0","0"
"PQ2043 .J42 2013","0","0"
"QH77.T28 S8 1997","0","0"
"D743 .C38 2014","0","0"
"PR9199.3.M33413 N68 2014","0","0"
"HG136 .M6 1976","0","0"
"D847 .K65813 2014","1","0"
"N6834.5.M28 S48 2013","1","0"
"DT157.5 .A97 2010","0","0"
"PQ4851.A74 Z644 2013","0","0"
"PQ4906.O6844 M67 2014","0","0"
"DT154.9 .A226 2011","0","0"
"DA670.E14 B59 2013","1","0"
"PQ4863.A39527 F37 2014","0","0"
"PQ7276 .C945 2012","0","0"
"F3271.4.L44 A48 2014","0","0"
"Z1290.N4 K37 2014","0","0"
"PL2336 .X538 2012","0","0"
"PN1998.3.B454 M36 2014","1","0"
"B829.5 .J86 2014","1","0"
"PQ2159.C72 C66 2013","0","0"
"PN1993.5.L3 S37 2014","5","0"
"PN441 .H428 2011","2","0"
"PL2971.F85 H83 2010","0","0"
"HQ1793.5 .J39 2012","1","0"
"GV1783 .N689 2012","0","0"
"PH3213.C775 I72 2013","0","0"
"B105.C45 K64 2014","0","0"
"CT1218.P5647 A3 2013","0","0"
"PR6069.I4226 C66 2005","0","0"
"D524 .B66 2014","0","0"
"PJ8314 .M87 2012","0","0"
"PN6277.H8 M24 2000z","0","0"
"PR830.L69 W557 2014","0","1"
"GT2853.K6 K67 2010","0","1"
"PJ7824.A646 Z6 2013","0","0"
"D763.I82 N312 2014","1","0"
"DT157.65.T86 M86 2013","0","0"
"TX724.5.K65 H3 2009","2","0"
"DC422 .B47 2014","0","0"
"DS135.I8 C34 2013","0","0"
"UA646.3 .M443 2012","0","0"
"PQ2603.O533 Z67 2013","0","0"
"PJ7830.T3 Z8 2013","1","0"
"PQ2673.E712 Z585 2013","0","0"
"DT266.7 .E42 2013","0","0"
"PQ2663.U84 E38 2014","0","0"
"PQ2662.R559 D36 2014","1","0"
"B395 .P326 2012","0","0"
"PS3606.A4225 R66 2014","0","0"
"CT34.S73 S24 2012","0","0"
"PQ4817.A33 Z7825 2014","0","0"
"DC137.1 .D858 2013","1","0"
"GR355.82.B34 R54 2003","1","0"
"HN310.Z9 V536 2014","0","0"
"LC5800 .S87 2014","0","0"
"HF5416 .L53 2014","0","0"
"HD9975.A2 B39 2014","0","0"
"HC79.E5 C38 2014","2","0"
"HX198.5 .V35 2014","0","0"
"HN373.5 .S68 2013","0","0"
"DS135.C97 K728 2013","1","0"
"CT3600 .K65 2010","0","0"
"PN1993.5.L3 M67 2013","0","0"
"CT3600 .K65 2012","0","0"
"PG5040.22.I96 J25 2014","0","0"
"DA554 .W55 2014","1","0"
"DK651.E649 E44 2009","0","0"
"DK651.E649 E44 2009","0","0"
"HC165 .B352 2013","0","0"
"PG5040.29.V88 S68 2014","0","0"
"PG1420.21.A73 K28 2013","0","0"
"PG1419.21.O59 H57 2013","1","0"
"PK9201.A99 G28 2013","0","0"
"DS134.55 .G75 2014","0","0"
"PG5039.25.D4 S26 2013","0","0"
"PG5040.12.A94 M45 2014","0","0"
"PH3213.C82 Z47 2013","0","0"
"PG5040.26.A24 T95 2014","0","0"
"PG3340 .A1 1959","2","0"
"PG3340 .A1 1959","1","0"
"PG3340 .A1 1959","1","0"
"UB345.R8 M37 2013","1","0"
"PG3340 .A1 1959","1","0"
"PG3340 .A1 1959","1","0"
"PG3340 .A1 1959","1","0"
"PG3340 .A1 1959","1","0"
"PG3340 .A1 1959","1","0"
"PR8718 .S86 2014","0","0"
"CS857.K56 K65 2010","0","0"
"HC340.12 .A646 2011","0","0"
"P95.82.C87 T82 2012","0","0"
"PG5039.29.T495 P83 2913","0","0"
"DK511.R8 K37 2012","0","0"
"JC599.R9 T754 2013","0","0"
"DC609.4 .D465 2014","0","0"
"DG975.R72 D45 2014","0","0"
"JL2081 .R38 2014","0","0"
"PN1997.F696 M87 2014","0","0"
"PN1995.9.P5 D45 2014","0","0"
"PJ8310 .W38 2009","1","0"
"HV9712.5.Z58 A3 2008","1","0"
"DK34.S63 G37 2012","2","0"
"RB155.6 .R53 2014","1","0"
"BX597.M735 A6 2005b","1","0"
"NB339.M67 R49 2013","0","0"
"D521 .P483 2014","0","0"
"BX1558.2 .R677 2003","1","0"
"BR856.3 .B8346 2014","1","0"
"BD331 .P49 2014","0","0"
"HV6433.I8 C3667 2014","0","0"
"PQ5904.N32 C37 2014","0","0"
"GT2853.K6 K68 2010","1","1"
"B3323.P564 S37 2014","0","0"
"DS799.9.H8 J536 2002","1","1"
"DG975.A2223 B637 2013","0","0"
"F1926.F52 P436 2012","1","0"
"BX875.P8 H37 2014","0","1"
"PL2333 .Y293 1991","0","0"
"F1219.3.E3 B37 2012","1","0"
"PQ7671 .M3757 2013","0","0"
"PG5039.18.R2 T366 1965","0","0"
"PN1998.3.K833 Z54 2014","0","0"
"PL2307 .H839 1992","0","0"
"PQ4053.S48 C66 2012","0","0"
"PT2681.T6898 Z5465 2014","0","0"
"HD1491.A7 C68 2013","0","0"
"TP559.A7 P54 2014","1","0"
"PQ2613.I57 Z825 2014","0","0"
"PQ2678.O767 N4 2014","4","0"
"HV6295.G4 M84 2014","0","0"
"PG9621.K3 M8913 2014","1","0"
"N70 .J34 2014","0","0"
"Z286.R4 I64 2013","0","0"
"PQ6623.A745 C3513 2014","0","0"
"PT2668.A27569 V48 2014","0","2"
"DB2408 .R47 2014","0","0"
"DA568.A1 R63 2014","0","0"
"HV6453.C7 S68 2014","0","0"
"K970 .U54 2014","0","0"
"F2849.3 .B75 2013","0","0"
"NC977 .T36 2014","1","0"
"PQ2673.A836 A97 2014","0","1"
"LB2337.4 .R45 2014","3","0"
"F2349.S7 L67 2012","0","0"
"F2349.S7 L67 2012","0","0"
"PQ7798.428.O832 L86 2013","0","0"
"LB2341 .L24 2014","8","0"
"LB2838 .T32 2014","4","1"
"LB1027.9 .S265 2014","0","1"
"F3021.J5 D63 2013","0","0"
"F2849.2 .M4594 2008","0","0"
"HD9506.C662 T67 2013","0","0"
"F2270.3 .S25 2009","0","0"
"PL3031.T282 A13 2002","0","0"
"BX1531.A55 M85 2013","0","0"
"F2687 .C355 2013","0","0"
"DU122.T28 X83 2004","1","0"
"BR1067.A7 H87 2010","0","0"
"BR1067.A7 H87 2010","0","0"
"BR1067.A7 H87 2010","0","0"
"BR1067.A7 H87 2010","0","0"
"BR1067.A7 H87 2010","0","0"
"JF1525.S4 B37 2011","0","0"
"JF1525.S4 B37 2011","0","0"
"PT2668.E866 P43 2014","0","0"
"PQ2605.O28 Z5865 2014","1","0"
"BP10.J383 A477 2013","0","0"
"DT95 .M37 2013","0","0"
"PT2671.O344 Z94 2014","0","0"
"DS70.96.K9 A554 2013","0","0"
"PT2666.R3532 J95 2012","0","0"
"KBP4200 .H35 2014","1","0"
"HM62.C5 X526 2014","1","0"
"PN2978.M873 D89 2013","0","0"
"DS98.6 .B57 2013","1","0"
"BP10.J383 S2225 2014","0","0"
"JZ1242 .M667 2014","0","0"
"PN6757.E43 I6 2014","0","1"
"GB618.813 .H84 2014","0","0"
"PT2662.R88 Z48 2014","0","0"
"DS219.S47 I265 2013","0","0"
"HV6295.I74 S35 2012","0","0"
"PT2685.I467 Z57 2014","0","0"
"KBP492 .Q274 2010","0","0"
"HV636 2012.N7 S36 2013","1","0"
"LC1085 .A23 2014","1","0"
"JK468.P64 H36 2014","1","0"
"GN482 .V57 2014","2","0"
"JC571 .A595 2014","1","0"
"HD4841 .B56 2014","3","0"
"P325.5.P78 B634 2014","0","0"
"KF8742 .C46 2014","1","0"
"HG4928.5 .S65 2014","1","0"
"JV6344 .C44 2014","0","0"
"P95.8 .M85 2014","0","0"
"HX313.5 .C66 2014","1","1"
"HC21 .M4958 2014","0","0"
"LC1091 .D279 2014","0","1"
"KF4755 .C75 2014","3","0"
"JS3137 .S58 2014","0","1"
"HQ519 .H65 2014","0","0"
"HG4928.5.S65 A3 2014","4","0"
"HM851 .H3673 2014","3","0"
"HB3717 2008 .G337 2014","4","0"
"HN353.5 .K48 2014","0","0"
"HV8599.U6 E93 2014","5","0"
"HD87 .F56 2014","0","0"
"HB95 .F734 2014","0","1"
"HG5734.5 .S45 2014","0","0"
"E76.8 .D86 2014","4","0"
"HD87.5 .S27 2014","2","0"
"HD75 .I58 2014","0","0"
"LB2376.6.E85 V36 2014","0","0"
"HG4028.S7 E773 2014","0","0"
"K3601 .L39 2014","1","0"
"K5250 .L39 2014","0","1"
"P96.P75 M336 2014","2","0"
"HQ1073 .M43 2014","1","0"
"JN297.C58 I64 2014","2","0"
"K3224 .D86 2014","1","0"
"PN4872 .W42 2014","2","0"
"HD9560.6 .S37 2014","1","0"
"JC574 .P65 2014","0","0"
"HT169.C6 W3746 2014","0","0"
"JF1525.P85 P85 2014","0","0"
"HD7252 .R44 2014","0","0"
"JK468.A8 G63 2014","4","0"
"HV9469 .G37 2014","2","0"
"CC77.H5 R85 2014","2","0"
"JQ231 .K35 2014","1","0"
"JZ5588 .S7478 2014","1","0"
"HC106.84 .M336 2014","3","0"
"LC1390 .B36 2014","0","0"
"HM671 .L495 2014","1","0"
"HC59.7 .S58657 2014","0","0"
"HC401 .S677 2015","0","0"
"HJ2053.A1 S87 2015","0","0"
"PN5124.C74 S55 2014","0","0"
"JZ5584.S58 R53 2014","0","0"
"GN492 .U7 2014","1","0"
"HD57.7 .B72743 2014","1","0"
"HV6711 .T36 2014","2","0"
"HD9769.F843 E859 2014","0","0"
"HF5381 .C2652725 2014","0","0"
"JK526 2012 .A27 2015","3","1"
"HV29.7 .K66 2014","0","1"
"HD60 .S53 2014","0","0"
"HN65 .E36 2014","2","0"
"HM1033 .B87 2014","1","0"
"GR550 .F35 2014","1","0"
"GN472 .B6413 2014","4","1"
"HF5415.1255 .W38 2014","1","0"
"HD1390 .I576 2015","2","0"
"HD57.7 .H3294 2014","1","0"
"HF3836.5 .L52 2013","0","0"
"HD9472.L63 U535 2014","3","0"
"GN35 .M87 2015","2","1"
"P119 .F54 2014","0","0"
"LC196 .F455 2014","3","0"
"JC328.3 .I58 2013","0","0"
"JK468.I6 G74 2014","1","2"
"HD60 .S83713 2014","5","0"
"HD9999.C383 E83 2013","0","0"
"HB251 .R87 2014","0","0"
"KF5753 .M325 2014","0","0"
"HV410.5 .S63 2014","0","0"
"JK2261 .S824 2014","6","0"
"LC5129 .B47 2014","2","0"
"LB1631 .T55 2014","2","0"
"HM1019 .U54 2014","1","0"
"LB1576 .B4943 2014","0","1"
"DC235 .G6625 2013","1","0"
"PQ7390.H39765 H57 2013","0","0"
"PQ7297.R386 Z46 2010","0","0"
"PE1408 .M34 2007","1","0"
"PT80 .A87 2014","0","0"
"PJ7525.2 .S534 2014","0","0"
"B2798 .A46 2014","0","0"
"PQ7297.P63 Z68 2014","1","0"
"PA6482.A63 K46 2014","2","0"
"BP170 .A92 2010","0","0"
"B105.C473 G56 2014","0","0"
"DD247.B32 H36 2014","0","0"
"DS119.6 .K54 2014","1","0"
"BS580.A3 A45 2013","0","0"
"PL1900.T54 L58 2013","0","0"
"PR878.M36 D87 2014","0","0"
"BP166 .S54 2011","0","0"
"D544 .H35 2014","0","0"
"DS779.46 .L5892 2013","0","1"
"BV3160 .G48 2010","0","0"
"PM7854.H3 A33 2013","0","0"
"BP194 .J364 2013","0","0"
"PN1993.5.A1 O86 2007","0","0"
"KQC660.N55 K53 2011","0","0"
"BP171 .A245 2014","0","0"
"GN855.E3 T37 2014","0","0"
"PJ7846.A55 Z48 2008","0","0"
"PR5562.A2 R69 2014","1","0"
"G69.H225 K84 2013","1","0"
"DT107.88 .E4 2013","0","0"
"DS740.5.I63 L56 2014","0","0"
"PJ7860.A42 Z8 2012","0","0"
"BP190.5.S4 M339 2013","0","0"
"PQ2631.E25 Z55 2014","0","0"
"PQ2611.A82 Z63 2014","0","0"
"BL65.S8 W44 2012","1","0"
"NA4828 .B655 2013","0","0"
"BP188 .S35 2012","0","0"
"F3094 .I538 2014","0","0"
"BL51 .M838 2014","0","0"
"PQ1985.G5 Z62 2014","0","0"
"BP130.45 .K49 2002","0","0"
"GT2788.A3 N833 2013","0","0"
"P26.K643 T94 2013","0","0"
"BX4705.D6286 V56 2014","0","0"
"F2810 .E45 2013","0","0"
"PJ7912.A36 Y36 2011","0","0"
"PN1993.5.L3 F56 2013","0","0"
"F61 .C71 v. 85","0","0"
"DT107.87 .R87 2011","0","0"
"NX525.A1 C66 2014","1","0"
"DT107.87 .B836 2013","0","0"
"PJ7840.A322 S233 2011","0","0"
"F1938.58.F45 G84 2013","0","0"
"BP10.J383 Z36 2013","0","0"
"GR275 .K43 2013","0","0"
"D568.4.L45 D47 2014","0","0"
"PJ7916.A299 R86 2011","0","1"
"PJ7962.H354875 S54 2012","0","0"
"PR6063.I785 B66b 2014","13","1"
"PJ7866.Q43 S87 2010","0","0"
"PJ7842.H3314 A63 2011","0","0"
"F1938 .L37 2013","0","0"
"HC153 .M48 2013","0","0"
"PJ7940.A762 R37 2011","0","0"
"PS2124 .B76 2014","0","0"
"JL2020.C58 F744 2013","0","0"
"PJ7866.D38 T43 2011","0","0"
"PQ2672.E25 Z545 2014","0","0"
"F1232 .M67783 2006","0","0"
"PJ7862.H842 I53 2011","0","0"
"PG5039.18.A47 K28 2014","0","0"
"PG5039.15.R3 N22 2014","0","0"
"PJ7938.B76 H55 2010","1","0"
"PG5039.24.E44 T88 2014","0","0"
"PG5040.14.R48 N47 2014","0","0"
"PN5355.C95 L42 2013","1","0"
"DD256.7 .V2235 2013","0","0"
"PG5040.12.U58 Z26 2014","1","0"
"PG5039.23.U83 P46 2014","0","0"
"PJ7924.A859 D45 2011","1","0"
"PG5040.12.A94 P22 2014","0","0"
"PJ7926.H3914 B36 2011","0","0"
"PQ3988.5.M6 B45 2011","0","0"
"DA550 .H36 2014","2","0"
"PQ2629.R58 C65 2014","0","0"
"KJC2636 .C67 2014","1","0"
"E98.E85 B49 2014","3","0"
"JC599.M6 B56 2014","2","0"
"K4610 .P54 2014","0","0"
"HN113 .B73 2014","0","1"
"CC75.7 .M34 2013","0","0"
"BL2050 .D96 2014","0","0"
"JK4816 .T56 2014","1","0"
"PN1992.77.S66 R53 2014","1","0"
"HG2988 .T87 2014","0","0"
"PN1992.5 .C75 2014","0","0"
"H62 .W45 2014","3","0"
"HQ792.N5 G46 2014","2","0"
"HQ1031 .M3937 2014","0","0"
"HB3722 .S86 2012","0","0"
"JA71 .B444 2014","0","0"
"H61.29 .S25 2014","1","0"
"LB1032 .E37 2014","0","0"
"DA450 .M36 2014","1","0"
"D632.5.G7 H95 2014","0","0"
"RC455.4.S87 R66 2015","1","0"
"GV749.7 .T46 2014","0","0"
"PQ2704.D25 K46 2013","0","0"
"PQ731 .E87 2013","0","0"
"D639.C38 M68 2014","0","0"
"DB2066 .B282 2014","0","0"
"BX4659.C9 F82 2013","0","0"
"CD997.V65 V37 2014","0","0"
"PQ3988.5.N6 E45 2014","1","0"
"PQ2664.U6765 D68 2012","0","2"
"PT2671.L38 V3 2014","0","0"
"PQ2635.O8 F68 2014","0","0"
"PQ4088 .B375 2012","0","0"
"PR6111.E44 L38 2014","0","0"
"PJ8230 .F58 2009","1","0"
"PR6114.A84 B75 2014","0","0"
"PN6790.S47 G35 2012","1","0"
"DC146.L48 V35 2014","0","0"
"UG635.C95 K825 2013","0","0"
"PR6054.O95 T89 2014","1","0"
"PQ3989.3.D534 R68 2014","0","0"
"DC337 .T37 2014","0","0"
"PQ4861.V65 C76 2014","0","0"
"DG990 .A34 2014","0","0"
"PQ4055.W6 M37 2014","0","0"
"PJ7870 .A3 2013","0","0"
"HQ77.9 .T714 2014","8","0"
"BM755.S326 A3 2014","0","0"
"BM755.S326 A3 2014","0","0"
"PT2668.A68 A1 2004 Bd. 10","0","0"
"DS247.A138 S73 2014","1","0"
"HM821 .C676 2014","2","0"
"HV10.5 .S677 2014","2","0"
"DT1638 .A43 2014","1","0"
"PR9199.4.G74797 L88 2011","0","0"
"PN4888.T4 A77 2014","1","0"
"PE1449 .C62 2010","7","0"
"F128.9.J5 B43956 2014","0","0"
"PT2670.O354 Z46 2014","0","0"
"PT2671.A4452 C66 2014","0","0"
"DD260.85 .M34 2014","0","0"
"PT2668.A5 Z748 2014","0","0"
"PT2723.H58 K66 2014","0","0"
"PJ7870 .A32 2011","0","0"
"PG5039.29.P85 P74 2014","0","0"
"BF115.H83 M96 2002","4","0"
"F1411 .S954 2014","1","0"
"BX1462.2 .M374 2013","0","0"
"PJ7932.I46 F37 2013","1","0"
"F2341.M5 C35 2012","0","0"
"Z6605.P4 S767 2006","2","0"
"Z6605.P4 B56 2004","1","0"
"PJ7932.I46 M56 2012","1","0"
"PJ7932.I46 A53 2012","1","0"
"PR6073.A828 P93 2014","11","0"
"PT2621.R27 L43 2005","2","0"
"PJ7932.I46 A99 2013","1","0"
"DK38 .M264 2014","0","0"
"D639.S7 M5 2014","0","0"
"PR6069.E3654 S53 2014","0","0"
"PH3382.3.O85 Z68 2013","0","0"
"PJ7962.A28 A49 2013","2","0"
"PH3241.F347 J45 2013","0","0"
"DB2101.W46 Z27 2014","0","0"
"PR6054.U415 A6 2014","0","0"
"PJ7521 .S27 2013","1","0"
"PJ7916.A219 S58 2011","1","0"
"PR6062.A825 B45 2014","1","0"
"JC71.A7 P63 2014","0","0"
"PQ4713.S83 W43 2013","0","0"
"PG5039.18.O693 B76 2014","0","0"
"PG5039.32.A84 T66 2014","0","0"
"PG5039.17.R58 M84 2014","0","0"
"PG5040.32.A97 A75 2014","0","0"
"PG5040.21.A54 B72 2014","0","0"
"PG5039.12.L34 C44 2014","0","0"
"PG5038.O8 L28 2014","0","0"
"HC153.5 .A52 2012","0","0"
"HG3881 .C34 2013","0","0"
"BX1468.2 .H58 2009","0","0"
"F1939.S457 R83 2007","0","0"
"PJ7846.A813 Z7 2013","0","0"
"F2849.2 .D45 2013","0","0"
"F2341.C8 C37 2005","1","0"
"HD1486.A7 T735 2013","0","0"
"HQ1793.5.Z75 I27 2012","1","0"
"F1938.5.T7 C75 2012","0","0"
"PJ7958.U69 A39 2014","1","0"
"PJ7924.U728 N245 2012","0","0"
"PJ7840.A45 Z98 2005","1","0"
"JC88 .F49 2012","0","0"
"HN787.A8 N87 2010","0","0"
"HC440.E5 N385 2005","0","1"
"PG5039.14.R95 L62 2014","0","0"
"PG5039.21.U35 H58 2014","1","0"
"HX806 .Z47 2014","0","0"
"PR9499.3.B65 T354 2013","0","0"
"UB251.C6 B8 2012","0","0"
"PG5040.29.V32 S84 2014","0","0"
"PG5040.26.R24 S62 2014","0","0"
"PG5040.36.B68 N29 2014","1","0"
"F1938.5.M56 M573 2013","0","0"
"PK2598.S815 P7513 2013","0","0"
"DS777.43 .C63 2014","2","0"
"PT2671.I69 V45 2014","0","0"
"BX595 .R6835 2013","1","0"
"PJ7862.H2444 Q2 2014","1","0"
"JN6699.A5 S8525 2013","0","0"
"DS778.X788 A3 2014","1","0"
"PJ7864.U55 A83 2011","1","0"
"DD228.8 .M535 2014","0","0"
"PG5040.26.E85 C89 2014","0","0"
"PN1995.9.P6 C28 2014","0","0"
"JN3007.F68 I46 2014","3","0"
"PJ7848.M827 Z46 2013","0","0"
"JN3007.F68 P475 2014","1","0"
"D802.F8 P48 2014","0","0"
"HV6570.9.F8 G58 2014","0","0"
"PN2888.R36 V44 2013","0","0"
"PQ2637.I33 Z62364 2014","0","0"
"BL820.A6 M39 2014","3","0"
"PS3613.C4397 B75 2014","0","0"
"PS3619.I254 B9 2014","0","0"
"PQ1575.Z5 A34 2014","0","1"
"BR305.3 .J36 2014","1","0"
"PS3511.I9 G849 2014","1","0"
"PR317.W66 S35 2014","1","0"
"D804.348 .G46 2014","1","0"
"DS134.72.L52 B47 2014","0","0"
"F2538 .C47 2014","0","0"
"PS3573.I45535 Z46 2014","0","0"
"PR3605.N2 Z93 2014","7","0"
"PR3069.M32 B86 2014","2","0"
"G1033 .A45 2014","0","0"
"F232.S7 A45 2014","2","0"
"PR468.E36 H86 2014","0","0"
"BR195.C46 M33 2014","1","0"
"PR868.B52 P75 2014","1","0"
"E184.A1 R314 2014","0","0"
"E123 .H27 2014","2","0"
"D767.92 .S33 2014","0","1"
"DS919 .K57 2014","0","0"
"DS383.5.A2 J338 2014","0","0"
"PS3608.O76275 A6 2014","2","0"
"BX4705.P3655 B76 2014","0","0"
"E185.61 .L814 2014","0","0"
"PS3601.D3698 Z34 2014","1","0"
"F68 .A66 2014","1","0"
"D570 .W57 2014","3","0"
"F226 .W26 2014","3","0"
"D767.99.O45 S55 2014","2","1"
"PN1993.5.G3 H36 2014","1","0"
"PR9619.4.P556 G74 2014","1","0"
"PS3563.A339 L37 2014","0","0"
"PS3551.B48 L48 2014","0","0"
"PN1995.9.W6 P85 2014","1","0"
"PN98.E36 M38 2014","3","0"
"PS3568.O8466 M56 2014","0","0"
"PL2886.O1684 Z74 2014","0","0"
"PS231.E46 H37 2007","1","0"
"E806 .N4146 2014","2","1"
"BX1795.P47 R43 2014","0","0"
"PS3622.I49395 R45 2014","1","0"
"BL600 .R589 2013","1","0"
"PS3568.A698 A6 2014","8","1"
"PS3602.Y74 S28 2014","0","0"
"PS3565.L43 A6 2014","1","0"
"PS3562.U75 S59 2014","0","0"
"PS217.T7 T69 2014","2","0"
"PS3612.O428 T86 2014","0","0"
"PS3238 .W44 2014","0","0"
"PS648.W64 W67 2014","0","0"
"PJ5030.Z55 S5813 2014","0","0"
"PQ2230 .A2 2014","0","0"
"PN56.P38 P47 2014","0","0"
"HM623 .O84 2011","0","0"
"PG5039.29.Z68 C47 2013","0","0"
"PR6107.I884 P64 2014","0","0"
"PG5069.P44 P47 2014","0","0"
"DS423 .T733 2013","1","0"
"PN763 .R43 2014","0","0"
"PG5038.S45 T95 2014","0","0"
"PG5039.3.O647 S26 2014","0","0"
"HD9574.T7 F76 2014","0","0"
"PG5039.26.R65 P89 2014","0","0"
"DS775.7 .Z48 2014","0","0"
"DS450.A35 I634 2011","1","0"
"HM621 .S77 2014","0","1"
"DS481.B6 N437 2013","0","0"
"LB3205 .N35 2014","2","0"
"HC435.3 .H36 2014","0","0"
"HD9502.A78 I58 2011","0","0"
"HD6077.2.I4 K43 2013","0","0"
"DS481.A6 D78 2013","0","0"
"HC59.3 .Z43 2014","0","0"
"PL857.I78 A36 2003","0","0"
"PR559.E7 H3","2","0"
"DS793.K45 Z362 2013","0","0"
"BX597.K528 A3 2013","0","0"
"PK2659.S3636 S2813 2013","1","0"
"PS3618.O9 C66 2013","0","0"
"HB3722 .W63 2014","2","0"
"U54.I4 C43 2013","0","0"
"JC571 .I63 2013","0","0"
"PN2888.P2623 J67 2009","0","0"
"PJ7866 .M6 2013","2","0"
"PR6054.H55 P76 2013","0","0"
"PR9499.4.B493 C66 2013","0","0"
"PJ7958.U69 H33 2014","1","0"
"PR9499.4.S276 F59 2013","0","0"
"PR9497.32 .B35 2013","0","0"
"HG3976.5 .Q34 2012","0","0"
"HQ799.2.V56 Y646 2012","0","0"
"DA577 .T43 2014","2","0"
"BP180 .R67 2012","1","0"
"DX145 .W44 2014","0","0"
"PR6052.O98 H69 2014","0","0"
"DS921.6 .S54 2013","1","0"
"DL159.5.T9 H6513 2014","0","0"
"JV2018 .W45 2014","0","0"
"PQ4879.C46 P47 2014","0","0"
"HC272.5.V38 B43 2013","0","0"
"B804.H66 V58 2014","0","0"
"BF575.B67 H87 2014","0","0"
"D13 .K67 2014","0","0"
"PN1995 .M81 2013","0","0"
"UB325.T28 C446 2013","0","0"
"PG5039.13.E5 T74 2014","0","0"
"PG5040.29.T368 P63 2014","1","0"
"PG5039.18.A47 D56 2014","0","0"
"PR5221.R35 M9","2","0"
"PR5221.R35 M9","3","0"
"PR5221.R35 M9","2","0"
"PR5221.R35 M9","2","0"
"HB97.5 .C294 2014","2","0"
"BX601 .S48315 2013","1","0"
"PL2457.Y5 L58 2013","0","0"
"DT155.7 .M88 2013","0","0"
"GR305.5.A78 P24 2012","0","0"
"PJ7828.J5347 D39 2011","0","0"
"GR305.5.A78 P34 2012","0","0"
"HV6665.F8 A9 2014","0","0"
"PK1931 .H56 2012","0","0"
"HV8205.C67 F54 2012","0","0"
"DS750.82 .M36 2012","0","0"
"PK2199 .J6 2013","0","0"
"PJ7816.U65 M39 2010","0","0"
"PQ3989.S47 Z564 2014","0","0"
"HC375 .B423 2014","2","0"
"PN849.U43 H35 2014","0","0"
"PL2461.Z7 Z468 2012","0","0"
"PQ2607.U8245 R339 2014","1","0"
"PN1993.5.C4 L4885 2012","2","0"
"PG5039.21 .U243 2003","0","0"
"ND1040 .Z58 2012","0","0"
"PQ441 .I55 2014","0","0"
"E668 .L27 2014","2","0"
"E840.8.H285 B35 2014","5","0"
"PR9199.4.B495 B47 2014","2","0"
"BX1492 .W275 2014","1","1"
"DE73 .C66 2014","6","0"
"BP173.J8 B274 2014","0","0"
"E907 .P37 2014","1","0"
"PQ8098.29.K3 P3313 2013","0","0"
"PQ558 .N66 2014","2","0"
"PR9199.3.W386 E24 2014","3","1"
"F197 .D53 2014","3","0"
"E210 .B94 2014","3","0"
"E813 .C66 2014","1","0"
"PS3557.O35836 G36 2014","1","0"
"PR4688 .W55 2014","0","0"
"BD511 .S74 2014","2","1"
"BR115.P7 C78 2014","0","0"
"PS648.S3 H478 2014","2","0"
"PS3555.N4224 H54 2014","1","0"
"PQ6073.H65 H58 2014","0","0"
"BP173.75 .I7663 2014","4","0"
"DS119.6 .I87 2014","0","0"
"DS126.995 .S84 2014","1","0"
"DS70.8.K8 V66 2014","2","0"
"DK254.L46 S543 2014","1","0"
"PS3568.O3125 L55 2014","11","0"
"PT7148 .M56 2014","1","0"
"BP163 .B765 2014","3","1"
"PS3570.H4 A6 2014","0","0"
"PS3561.E3864 M87 2014","1","0"
"DK288 .B395 2014","1","0"
"BL1055 .O35 2015","0","0"
"BX1210 .P69 2014","3","0"
"R722.32.P43 A3 2014","1","0"
"DC148 .H2913 2014","4","0"
"DE31 .P47 2014","4","0"
"PS3554.I839 P46 2014","0","0"
"PR9570.S53 W59 2014","1","1"
"E176.2 .W37 2014","2","0"
"BS2370 .E93 2014","0","0"
"BP134.W6 J37 2014","0","0"
"BS1325.6.T9 D453 2014","0","0"
"PA3014.P65 R65 2014","3","0"
"PN1996 .S37235 2014","0","0"
"DA437.N87 K38 2014","0","0"
"PE1479.B87 P65 2014","2","0"
"PR6066.R34 S58 2014","1","0"
"PL2823.E5 A2 2014","0","0"
"DT73.T26 T48 2014","2","0"
"PS3545.I5365 Z7326 2014","3","2"
"PJ5208.A5 T49 2014","1","0"
"PR6062.E9255 Z46 2014","1","0"
"PR6109.Y47 W58 2014","1","0"
"HQ1236.5.D44 W668 2014","1","0"
"PR9199.4.H86 W67 2014","2","0"
"CT1097.H69 M33 2014","0","0"
"PS3608.I284 A36 2014","0","0"
"PR9199.4.M6445 A646 2014","0","0"
"PS3602.E66347 A53 2014","1","0"
"PS3612.E3353 A84 2014","14","0"
"PN1997.2.A94 A95 2014","0","0"
"PS3603.O7343 B43 2014","0","0"
"PS3612.A733 B47 2014","0","0"
"B105.B64 M55 2014","1","0"
"PS3607.E42 B54 2014","0","0"
"PS3565.H6 B54 2014","1","0"
"PS3623.O6285 A6 2014","1","0"
"D640 .Z64 2014","1","0"
"PS3603.O8883 A6 2014","0","0"
"PN2287.C5 G375 2014","1","0"
"PS3616.I8744 C66 2014","0","0"
"PR9619.4.H3645 C75 2014","1","0"
"PN2287.P54 D44 2014","1","0"
"BT78 .V54 2014","0","0"
"PS3620.R85 D53 2014","0","0"
"PJ5129.R2 Z67 2014","0","0"
"PN3171 .H3256 2015","0","0"
"BL41 .M3493 2014","1","0"
"PR9348 .F43 2013","0","0"
"PN1993.5.A1 R3613 2014","2","0"
"PR6123.A444 F5 2013","3","0"
"PC2127.F7 A54 2014","2","1"
"PN3427 .F35 2014","3","0"
"BS1430.52 .B78 2014","1","1"
"PN495 .K63 2014","0","0"
"PR9199.3.L36 G73 2014","0","0"
"PS3616.O8837 H45 2014","0","0"
"PS3563.E458 H47 2014","0","0"
"PN2287.A457 D8713 2014","0","0"
"BS2585.53 .S735 2014","0","0"
"PR6103.A562 J64 2014b","0","0"
"PN86 .G684 2015","6","0"
"PN94.2 .L45 2014","1","2"
"PS3555.P5 L83 2014","2","0"
"PR9199.4.S35 L97 2014","0","0"
"PR6102.U782 M56 2014","7","0"
"PL1107 .R65 2014","9","1"
"PN2080 .M5365 2014","2","0"
"PS3613.C385747 N66 2014","1","0"
"PR9196.3 .O53 2014","3","0"
"PS3611.E85 O55 2014","1","0"
"PS3605.N63 O64 2014","3","0"
"PT2673.E74 A9713 2014","0","0"
"PN56.W3 S65 2014","1","0"
"PR6123.I57358 P76 2014","0","0"
"PG3245 .R43 2014","0","0"
"PR9199.4.M32764 R54 2014","0","0"
"BS579.O87 S36 2014","1","0"
"PM197.E3 S5 2014","0","0"
"PG1920.29.K75 K6913 2014","0","0"
"PL2919.X536 Y68 2014","0","0"
"PR9275.S273 L83 2014","0","0"
"PR6114.I93 S77 2014","0","0"
"PS3563.C38322 S86 2014","1","0"
"PS3613.A8833 T38 2014","1","0"
"PS3551.B2687 T45 2014","1","0"
"BL48 .T365 2014","0","0"
"PN1655 .T54 2014","1","0"
"PN2301 .T44 2014","2","0"
"PS3613.O3645 T48 2014","1","0"
"PS3612.I632 T88 2014","3","1"
"E184.A1 T944 2014","0","0"
"PS3603.O53215 U58 2014","0","0"
"DL321 .V55 2014","2","0"
"PS3602.A6255 A6 2014","0","0"
"PS3623.H58565 W35 2014","0","0"
"PS3608.U59496 A6 2014","2","0"
"PS3623.A3573 W53 2014","0","1"
"PS3602.O65666 W55 2014","1","0"
"PG5039.18.O43 C28 2013","0","0"
"RA395.F7 B587 2013","0","0"
"PQ2675.R33 Q84 2014","0","0"
"JC574 .Z5 2012","0","0"
"PL2674.A633 C45 1989","0","0"
"PK2907.N37 S26 2013","0","0"
"PQ2680.A325 C76 2014","0","0"
"DG737.9 .D36 2013","0","0"
"PQ2011.L6 L4 2013","1","0"
"PK2199.A764 A6 2013","0","0"
"PJ7838.B739 H87 2011","1","0"
"HX263 .B68 2014","0","0"
"PQ3989.2.D57 Z732 2014","0","0"
"PQ2671.U64 L65 2014","0","0"
"PJ7940.A395 K45 2013","0","1"
"PK2917 .D83 2013","0","0"
"PJ7940.A98 T33 2008","1","0"
"PK2038 .S56 2012","0","0"
"PL2306.S73 D8 1988","0","1"
"PK2098.41.D33 Z88 2013","0","0"
"PJ7838.B64 W33 2014","0","0"
"HB91 .M427 2014","7","0"
"B3318.H5 J46 2013","0","0"
"JC11 .F853 2014","5","0"
"RS431.A64 M37 2014","0","0"
"PJ7964.A44 S27 2013","0","0"
"PL4756 .N35 2012","0","0"
"HT863 .T66 2014","2","0"
"PJ7765 .W23 2013","1","0"
"PK1981 .H56 2013","0","0"
"PK2040 .T7148 2013","0","0"
"PK2098.16.A747 A83 2013","0","0"
"PK375 .V57 2013","0","0"
"PK2098.2.H37 S26 2013","0","0"
"DS797.28.G368 G344 2012","1","0"
"PJ7966.Z39 W38 2013","1","0"
"PQ2672.E1113 P37 2014","0","0"
"PK2038 .S26 2012","0","0"
"PK2038 .S26 2012","0","0"
"PQ4882.A8 T47 2014","0","0"
"GR305.7.L36 J33 2013","0","0"
"PQ2220.D723 Z788 2012","0","0"
"PJ7952.U66 M34 2013","1","0"
"DP402.S17 P47 2013","0","0"
"PK2098.39.U3984 A76 2013","0","0"
"BQ8512.9.C5 Y36 2007","1","0"
"PK2098.25.A875 B45 2013","0","0"
"PQ6666.A48 R67 2014","0","1"
"DS485.K183 P57 2013","0","0"
"PJ7814.T324 K58 2010","1","0"
"Z792.5.T75 F68 2014","0","0"
"PG3476.N3 Z48 2014","4","0"
"PQ2678.E357 A86 2014","0","0"
"DS797.28.D864 G66 2004","1","0"
"F2230.2.A9 P45 1994","1","0"
"PQ2682.O436 T47 2014","3","0"
"F3411 .B3518 2009","1","0"
"PQ2719.O76 P43 2014","0","0"
"PR9199.3.W4988 O64 2014","0","0"
"PQ2679.A52435 P37 2014","2","0"
"BX3714.B5 E38 2010","1","0"
"PN1661 .D59 2014","0","0"
"PJ7862.A564 B33 2013","0","0"
"PG1195.K57 A6 2011","0","0"
"PG1195.K57 A6 2011","0","0"
"PJ7914.Y639 A95 2010","1","0"
"PQ3919.2.G423 Z4513 2014","0","0"
"PJ7964.A33 A34 2012","0","0"
"PJ7948.Z843 A68 2014","0","0"
"P925 .H37 2013","0","0"
"PJ7832.U49 A68 2010","0","0"
"PT2615 .A215 2014","0","0"
"PS3612.A58547 G36 2014","0","0"
"BR100 .T97 2014","3","0"
"PQ1801 .H25 2014","0","0"
"PQ1801 .H25 2014","0","0"
"PQ2671.E79 R44 2014","0","0"
"BX4662 .S25 2014","0","0"
"DK754 .I58 2014","0","0"
"PQ2719.A454 J48 2013","0","0"
"DS134.36.S38 L45 2013","0","0"
"PT2707.A66 W4713 2014","0","0"
"PR6003.U7 Z733 2014","0","0"
"DT450.435 .C65 2014","4","1"
"DS135.R73 F47 2014","0","0"
"HD30.19 .F553 2013","0","0"
"PG3491.7.M477 S63 2013","0","0"
"F3321 .B295 2013","1","0"
"PQ7392.V535 G46 2007","1","0"
"HD1440.E2 M29 1994","1","0"
"PE1421 .P56 2014","11","0"
"PJ7838.B64 H55 2013","0","0"
"HV48 .K75 2014","4","0"
"BV2290 .J473 2010","1","0"
"DS485.K183 V58 2013","0","0"
"PS3604.A748 W65 2014","12","0"
"BF175.5.M95 C58 2013","1","0"
"PJ7814.T27 T43 2013","1","0"
"PQ8520.25.R6 E77 2014","0","0"
"PJ7824.A3114 F28 2012","1","0"
"F1776 .R38 2013","1","0"
"PK2098.D53 Z735 2013","0","0"
"PJ7816.U65 F5 2012","0","0"
"HQ801.A2 B43 2013","0","0"
"HN210.Z9 M69 2013","0","0"
"PQ7390.A269 C35 2013","0","0"
"PJ7677 .N39 2013","0","0"
"PQ7390.B3 E5 2013","0","0"
"PQ7298.425.R728 D53 2011","0","0"
"PQ7380 .A6863 2012","0","0"
"PJ7962.A989 A65 2012","1","0"
"PQ7390.C2115 R67 2013","0","0"
"PK1934 .S56 2011","0","0"
"PJ7924.A993 G43 2011","0","0"
"PK2098.B447 Z48 2013","1","0"
"PJ7874.O975 J87 2013","0","0"
"PK2098.26.A386 Z46 2013","0","0"
"PK1830.S235 M34 2013","0","0"
"PK2201.P73 Y45 2013","0","0"
"PQ7392.C22 A75 2014","0","0"
"PQ1145.S8 R43 2013","0","0"
"RA390.C9 F84 2013","0","0"
"F1788.22.C32 A5 2013","1","0"
"DS796.H757 N444 2013","0","0"
"PR6069.W47 A6 2014","2","0"
"BL240.3 .S77 2014","0","0"
"DS145 .G484 2013","0","0"
"PN1998.3.H68 D534 2013","0","0"
"PR6058.A6948 A6 2014","1","0"
"BF311 .H646 2013","6","0"
"PJ7914.T348 Q8 2013","1","0"
"DS135.C96 P65 2014","2","0"
"HV6430.E35 A3 2014","1","0"
"CS1169.Z4352 C446 2012","1","0"
"PJ7942.I525 Y36 2013","0","0"
"PR4146 .A24 2013","3","1"
"PJ7938.B7144 R54 2013","0","0"
"GN43.2.M4 B76 2013","0","0"
"PK2098.S853 R3363 2013","0","0"
"PJ7962.H3955 M33 2013","0","0"
"HD38.5 .F73512 2002","0","0"
"BF515 .B68 2014","3","0"
"P306 .M347 2012","1","0"
"PR3039 .S37 2014","4","2"
"DS79.769 .A395 2014","3","1"
"PJ7974.U866 A83 2013","0","0"
"PN2287.P393 A3 2014","4","0"
"PS3619.H334 W48 2014","4","1"
"PJ7910.H422 B39 2012","1","0"
"PL3031.T3 L5725 2014","0","0"
"PJ7862.A2684 D37 2002","1","0"
"BL1975 .D3695 2014","0","0"
"PJ7814.T27 D39 2013","1","0"
"PJ7916.A7545 H33 2013","1","0"
"PJ7804.L275 Q24 2013","0","0"
"PJ7916.A7545 M35 2013","0","0"
"PJ7948.S86 R45 2013","1","0"
"BX830 1962 .R69 2014","0","0"
"PJ7802.B272 J34 2010","1","0"
"PJ7804.M329 M56 2013","0","0"
"PR1228 .T46 2014","2","0"
"PN56.5.W64 F735 2012","0","0"
"PJ7942.H3315 Z36 2012","0","0"
"PL2861.O3526 A84 1987","1","0"
"R601.Y8 Z46 2013","0","0"
"F2726 .L33 2014","0","0"
"BL1320 .A25 2003","0","0"
"BL1320 .A25 2003","1","0"
"BL1320 .A25 2003","0","0"
"PJ7914.T78 Z45 2013","1","0"
"BL1320 .A25 2003","0","0"
"DS799.7 .A28 2013","0","0"
"BL1320 .A25 2003","0","0"
"BL1320 .A25 2003","0","0"
"BL1320 .A25 2003","0","0"
"BL1320 .A25 2003","1","0"
"BQ978.D3 D36 2013","0","0"
"PR6054.O8628 A6 2014","0","0"
"PE1211 .D84 2014","1","0"
"DD240 .M48 2014","0","0"
"PS3552.U8895 W45 2014","1","0"
"PQ7392.F4759 E52 2013","1","0"
"BS521.88 .M48 2014","0","0"
"BS2575.6.P65 M95 2014","2","0"
"PJ7805.Y26 A63 2012","0","0"
"HA4687 .A4 2008","1","0"
"HA4687 .A4 2008","1","0"
"HA4687 .A4 2008","1","0"
"HA4687 .A4 2008","1","0"
"HA4687 .A4 2008","1","0"
"HA4687 .A4 2008","1","0"
"HA4687 .A4 2008","1","0"
"HA4687 .A4 2008","1","0"
"HA4687 .A4 2008","1","0"
"HA4687 .A4 2008","1","0"
"HA4687 .A4 2008","1","0"
"HA4687 .A4 2008","1","0"
"HA4687 .A4 2008","1","0"
"HA4687 .A4 2008","1","0"
"HA4687 .A4 2008","1","0"
"DS556.45.C5 B87 1998","0","0"
"PJ7940.I327 I54 2013","1","0"
"DS145 .G484 2013","0","0"
"GT5856.68.H9 S45 2012","0","0"
"PG3233 .Z3446 2013","1","0"
"PR6113.O724 H69 2014","9","0"
"PJ7677 .I67 2010","1","0"
"CR5955.A2 P4833 2011","1","0"
"HB3666.6.H74 M38 2008","1","0"
"TX801 .T736 2012","1","0"
"RA395.I4 H435 2013","0","0"
"DK4420.D63 S456 2012","0","0"
"DS483.4 .B37 2013","1","0"
"HB3666.6.T34 M38 2008","1","0"
"DK4800.L833 I925 2012","0","0"
"D524.6 .S44 2014","0","0"
"PN1993.5.I8 F55 2014","1","0"
"PN4151 .A78 2013","1","0"
"DS597.336 .W66 2004","0","0"
"DS597.336 .W66 2004","0","0"
"JZ1418 .A83 2014","1","0"
"PR881 .M83 2014","0","0"
"DT433.245.N9 K246 2013","1","0"
"BX3534 .O87 2014","0","0"
"PG5040.23.A78 A6 2013b","1","1"
"HV5515.15 .D867 2014","0","0"
"HC340.12 .S7244 2013","0","0"
"PQ6641.A365 A6 2014","1","0"
"PQ7390.G773 P67 2013","0","0"
"DT157.5 .S283 2012","0","0"
"PQ7390.A355 A36 2013","1","0"
"HE2868 .G66 2013","1","0"
"PQ7389.L78 Z59 2012","0","0"
"BP80.W215 M39 2007","2","0"
"ND1049.W36477 A4 2008","0","0"
"PL4208.2.E5 I5 1985","0","0"
"F1755 .G365 2013","0","0"
"DS589.P47 G37 2004","0","0"
"G155.C5 T684 1999","0","0"
"HD1699.N5 U63 2013","1","0"
"PR6107.A53 P57 2014","1","0"
"PR6126.I38 C53 2014","0","0"
"D848 .A16 2013","2","0"
"PR6062.U454 N68 2014","0","0"
"DT155.9.W47 T57 2010","0","0"
"PN1993.5.C8 G665 2013","1","0"
"QH185 .H6 1985","0","0"
"DT157.5 .B395 2011","0","0"
"E99.A7 C68 2014","0","0"
"JK2249 .T43 2014","4","0"
"BF575.F2 W25 2014","5","0"
"BF575.A86 D54 2014","5","0"
"HD58.9 .F864 2014","1","0"
"BF575.M44 B45 2014","3","0"
"LB2395.7 .C38 2014","3","0"
"JA76 .B729 2014","1","1"
"HD1691 .P486 2014","3","0"
"HQ751 .Y83 2014","3","0"
"HV6773.53.O3 K73 2014","1","0"
"HG221 .D63 2014","4","0"
"E99.D1 B93 2014","0","0"
"JC495 .W44 2014","2","0"
"HD3871 .E54 2014","1","0"
"HV4708 .M356 2014","1","0"
"JC571 .H76265 2014","0","0"
"JC251.S8 H68 2014","1","0"
"HN290.R5 P46 2014","4","0"
"E99.C6 R43 2014","0","0"
"HV4045 .D74 2014","1","0"
"GR72.3 .H69 2014","0","0"
"GT1555 .W2797 1987","0","0"
"PR9440.5 .P46 1992","0","0"
"B2948 .M33 2014","0","0"
"PQ8520.13.H38 P54 2013","0","0"
"F1787.5 .P45 2013","0","1"
"DT157.5 .A255 2013","0","0"
"PQ7390.K68 A6 2013","1","0"
"JV141 .C68 2013","1","0"
"BL2075 .N87 1976","1","0"
"F2230.1.S68 A43 2007","0","0"
"HF5415.32 .A38 2014","1","1"
"JZ1773 .P45 2015","0","0"
"GV944.A4 A44 2014","1","1"
"HG8781 .S26 2015","1","0"
"HC285 .T6713 2014","0","0"
"HQ784.V55 C435 2014","0","0"
"HG5782 .Y374 2014","0","0"
"JZ5538 .M3594 2014","0","0"
"LB3013.3 .C537 2014","1","0"
"HG4652 .V66 2015","0","0"
"HD30.19 .C67 2014","0","0"
"HG186.E542 L663 2015","0","0"
"HV7436 .G54 2014","2","0"
"JV7590 .E946 2007","0","0"
"HQ1075 .J66 2014","0","0"
"LC171 .V66 2014","2","0"
"HD9385.I84 M3713 2014","0","1"
"HF5384 .E47 2014","1","0"
"JA85.2.U6 R54 2014","0","0"
"HC435.3 .I345 2014","0","0"
"HD6189 .S54 2014","2","0"
"HD2746.55.I4 B44 2014","0","0"
"JZ5930 .N38 2014","5","0"
"LB2336 .T47 2014","3","0"
"JZ5538 .B44 2014","0","0"
"HF5415.32 .F56 2014","4","0"
"HM741 .B457 2015","5","0"
"JK275 .P376 2014","0","0"
"HT169.C62 B3764 2014","1","0"
"HD9980.5 .Q28 2014","1","0"
"JZ1570.A55 M35 2015","0","0"
"HM821 .S697 2014","0","0"
"HD1537.C5 S85 2014","5","0"
"JZ4971 .H86 2015","0","1"
"JK2249 .W43 2014","1","0"
"JZ4841 .R84 2015","1","1"
"HD62.5 .T525 2014","22","0"
"JK1968 2012 .A52 2014","1","0"
"HD69.P75 T477 2015","4","0"
"HQ777.5 .H96 2014","0","0"
"HG3701 .S595 2014","3","0"
"HM851 .W454 2014","3","1"
"LB1044.75 .D54 2015","0","0"
"LB2838 .E35 2014","1","0"
"HN801.Z9 E427 2014","4","0"
"HF5625.15 .B36 2014","0","0"
"HG4521 .J33 2015","0","0"
"LA2317.C4813 E56 2014","0","0"
"HC79.C6 B293 2015","0","0"
"HT361 .I4793 2015","1","0"
"JC574.2.U6 I57 2014","2","0"
"GN495.6 .M44 2014","1","0"
"P107 .S75 2014","1","0"
"LB1029.S53 L5 2013","1","0"
"P96.M4 M54 2014","3","0"
"LC5215 .M9 2014","0","0"
"P96.M385 B87 2014","1","0"
"JZ5584.A78 P42 2014","0","0"
"H97 .C624 2015","1","0"
"LB1707 .M27 2014","0","0"
"HN31 .R39 2014","0","0"
"HN90.R3 C65 2014","0","0"
"HQ734 .R353 2014","0","0"
"P118.2 .L668 2015","4","0"
"HT1523 .G66 2014","2","0"
"HD59.35 .C67 2014","0","0"
"LB1139.35.C64 T38 2015","0","0"
"LB1576 .B476 2014","1","0"
"LC4704 .U55 2014","0","0"
"HV6713 .K37 2015","0","0"
"LA217.2 .T85 2014","0","0"
"HQ799.2.P6 S85 2014","2","1"
"D765.2.W3 G76 2013","0","0"
"PQ6176 .O76 2014","0","0"
"PQ2664.E8495 V58 2014","0","0"
"RB129 .H36 2014","2","0"
"PS3570.H31837 Z465 1997","0","0"
"GV943.9.S64 C37 2014","0","0"
"HN700.6.Z9 C6585 1986","1","0"
"PQ4920.U99 T75 2014","0","0"
"CT1137.M67 M67 2014","0","0"
"DS793.S215 S26 1989","1","0"
"F3320.2.C388 K67 2009","0","0"
"PM5131 .I22 2009","0","0"
"PQ7383 .I85 2014","0","0"
"HG179 .A44 2014","0","0"
"NC221.H66 A4 2014","0","0"
"DK67.5.F5 S345 2014","0","0"
"JS7169.S86 R64 1992","0","0"
"PL2685.Z5 M455 2013","0","0"
"DT325.7 .T68 2013","0","0"
"UG1242.B6 Z55 2014","0","0"
"D764.3.M6 M54 2011","0","0"
"HD62.5 .A556 2014","1","0"
"DK265.8.A72 V37 2013","0","0"
"DT155.7 .S28 2013","0","0"
"PL2336 .H783 1995","1","0"
"DK511.K18 P768 2013","0","0"
"HD9575.R82 D34 2012","0","0"
"HN787.Z9 C69 2012","1","0"
"HV8658.K46 T63 2013","0","0"
"E183.8.R9 K45 2013","0","0"
"BL980.R8 S553 2013","0","0"
"HN787.A8 M35 2010","1","0"
"P95.82.R9 M855 2013","0","0"
"PL2466.Z7 S455 1989","0","0"
"PS559.C47 A15 2014","2","0"
"DT155.2.R84 U43 2013","1","0"
"DS156.C42 K37 2014","1","0"
"PL1071 .C36 2013","0","0"
"DS797.86.D474 L58 2011","3","0"
"DK268.S8 N382 2013","0","0"
"DK601.2 .S565 2014","0","0"
"DK68.7.J3 P38 2014","0","0"
"DK572.S55 Z86 2011","0","0"
"DK573 .Z43 2009","0","0"
"DK511.E2955 S34 2011","0","0"
"HD5830.A6 Y68 2014","0","0"
"JN6695 .S83 2014","0","0"
"HD1995.15 .K66 2014","0","1"
"DK67.5.S8 R87 2014","0","0"
"DG209 .R572 2012","0","0"
"PR9387.9.A3 C4 1973","0","0"
"PL1071 .Y36 2013","0","0"
"PL2302 .L5743 2013","0","0"
"GN575 .V47 2014","0","1"
"PL8702 .A384 2013","0","0"
"HX311.5 .I337 2014","0","0"
"HC336.9.F37 S55 2014","1","0"
"HN530.2.Z9 S695 2014","0","0"
"DS731.R9 K87 2013","0","0"
"DS798.9.H33 S96 2014","0","0"
"DK188.3 .S57 2012","0","0"
"HM131 .I28385 2013","0","0"
"NK7303.R58 Z56 2013","1","0"
"DT283.6.S62 D84 2014","0","1"
"TR140.D47 P75 2014","0","0"
"PK6561 .H43 2004","0","0"
"PK6561 .H43 2004","0","0"
"PK6561 .H43 2004","0","0"
"PK6561 .H43 2004","0","0"
"PK6561 .H43 2004","0","0"
"PK6561 .H43 2004","1","0"
"PK6561 .H43 2004","1","0"
"PK6561 .H43 2004","1","0"
"PK6561 .H43 2004","1","0"
"PK6561 .H43 2004","0","0"
"DK38.7.T23 A25 2013","0","0"
"PA4413.A7 M36 2014","0","0"
"BP65.I8 I93 2013","0","0"
"D802.R8 P56 2014","0","0"
"HN733.5 .S435 2013","1","0"
"HV315.15.Z9 U35 2009","1","0"
"CT3710.L583 Z446 2013","0","0"
"DK571 .E76 2013","0","0"
"DK254.G88 K46 2011","1","0"
"PQ4046 .F55 2014","1","0"
"RM216 .M57 2003","1","0"
"PK6418 .L363 2013","1","1"
"JN6598.K7 K374 2014","0","0"
"F1849.S3 P474 2013","0","0"
"PT2449.P7 Z72 2014","0","0"
"E907 .T45 2012","0","0"
"PL2908.N5 Z78 2013","0","0"
"PT2669.N4 Z46 2014","0","0"
"DS318.9 .K478 2004","1","0"
"DK572.M37 S54 2012","0","0"
"PA3093 .P58 2013","0","0"
"DK549 .S76 2012","0","0"
"DK572.P74 P48 2012","0","0"
"BP165 .R374 2002","1","0"
"DK559.5.T87 S44 2012","2","0"
"TL540.C56 I25 2012","0","0"
"PK6458 .M83 1993","1","0"
"PC803.7.E97 M36 2014","0","0"
"DK268.S8 M44548 2013","0","0"
"B655.Z7 R48 2014","3","0"
"BR115.B57 A55 2014","6","0"
"PQ6073.P6 V53 2014","0","0"
"BV2190 .M37 2014","3","0"
"PN51 .Z485 2014","2","1"
"PS3529.N5 Z63765 2014","0","0"
"PS3569.C47928 F36 2014","1","0"
"DP264.F7 P34 2014","4","0"
"BQ4960.C6 F58 2014","3","0"
"D767.25.H6 Z95 2014","2","2"
"BT15 .B69 2014","0","0"
"DA565.S7 M87 2014","0","0"
"DG55.A65 I83 2014","0","0"
"E263.N5 R64 2014","0","0"
"PR6019.A67 Z78 2014","1","0"
"PN56.M54 M6126 2014","2","0"
"PG1419.21.I8 N5413 2014","0","0"
"F1219.3.I4 O26 2014","0","0"
"DS79.757 .M55 2014","0","1"
"TR183 .R6324 2014","1","1"
"PR2880.A1 H65 2014","0","0"
"PR830.U7 P43 2014","4","0"
"PS3561.O6 W49 2014","0","0"
"PG3488.O4 Z575 2014","0","0"
"PS3602.O65745 C66 2014","0","0"
"PR4658.A2 H36 2014","4","1"
"PS508.I5 D38 2014","0","0"
"PS3613.L36 A6 2013","1","0"
"DS135.I6 H63 2014","2","0"
"HQ1236.5.U6 B868 2014","0","0"
"PR9635.25.L44 H43 2014","0","0"
"PS3553.H346 K56 2014","0","0"
"PS3618.A644 Z46 2014","0","0"
"PS3553.A686 A6 2014","1","0"
"PR9194.5.W6 R44 2014","0","0"
"PQ8497.A65 Z647 2014","0","0"
"PS508.N3 S66 2014","4","1"
"PS3557.O476 A6 2014","1","0"
"PR9619.3.J246 S68 2014","1","0"
"PS3602.T4887 S94 2014","0","0"
"PS3619.H4538 T34 2014","0","0"
"PR9619.4.R68 T45 2014","0","0"
"PS3603.O7726 T58 2014","0","0"
"DS119.7 .H5397 2014","1","0"
"PS153.N5 M39 2014","1","0"
"DG254.2 .L85 2014","1","1"
"PS228.B6 T97 2014","0","0"
"PS595.M3 Y68 2014","0","0"
"PS3610.A7725 A6 2014","0","0"
"PQ4686 .P337 2013","0","0"
"HC340.12.Z9 P6124 2014","0","0"
"D810.S7 T479 2013","0","0"
"DS79.76 .M46 2013","0","0"
"DK511.M57 V45 2013","0","0"
"DK511.K185 S97 2012","0","0"
"PQ2007 .M6 2014","0","0"
"PQ2007 .M6 2014","0","0"
"PQ2007 .M6 2014","0","0"
"PQ2007 .M6 2014","0","0"
"JN6699.A5 K957 2014","0","0"
"DK268.A1 S77 2012","0","0"
"PQ4872.U255 A81 2014","1","0"
"CS859 .L39 2014","0","0"
"HD9394.7.R84 P65 2014","0","0"
"PT2668.A4223 S65 2014","0","0"
"BP80.S35 M84 1996","3","0"
"DK572.K36 P753 2012","0","0"
"PQ653 .S555 2014","0","0"
"DK511.M437 O45 2012","0","0"
"BR937.V67 S36 2012","1","0"
"PL2308 .S55 1985","1","0"
"DK254.R3 T55 2013","1","0"
"PC3941.A716 K3 2014","0","0"
"PL2671 .L498 1988","1","0"
"PK6465 .Z8937 2005","0","0"
"HD9015.R92 R55 2014","0","0"
"JN6699.A5 K962 2014","0","0"
"PK6561.N37 I8 2002","1","0"
"R534.A1 B65 2014","0","0"
"DK571 .Z43 2012","0","0"
"PQ4903.A662 F56 2014","0","0"
"DS734.97.R8 A755 2013","0","0"
"DS734.97.R8 A755 2013","0","0"
"PQ4919.A4663 D46 2013","0","0"
"D550 .L48 2014","0","0"
"DK511.A5 P76 2013","0","0"
"DK511.K18 K67 2013","0","0"
"PR8869.2 .S73 2014","0","0"
"VA573 .B37 2014","0","0"
"PQ4902.O83 S67 2014","0","0"
"HC335.2 .Z48 2014","0","0"
"DK759.E83 S56 2012","0","0"
"DK505.74 .D585 2013","0","0"
"PQ4876.A4435 Q45 2014","0","0"
"DS126.995 .B745 2014","1","0"
"PQ4913.O83 U48 2014","0","0"
"BT303.2 .T4413 1987","2","0"
"DB2078.U6 P655 2012","0","0"
"JN5690.S5 B88 2014","0","0"
"PQ4872.E8 Z5714 2014","1","0"
"PQ4863.A3894 Z47 2014","0","0"
"PN5279.M63 I9992 2014","0","0"
"JZ1720 .I58 2013","0","0"
"PS3608.O832 K58165 2005","0","0"
"UB270 .M87 2014","0","0"
"HV393 .P36 2014","0","0"
"PL957.5.C47 K56 2004","0","0"
"DS432.G85 G563 2014","0","0"
"PQ4913.O74 S66 2014","0","0"
"DS913.2 .H357 2008","0","0"
"BF698.4 .M347 2015","4","1"
"BF636 .S18 1999","1","0"
"HC440.E5 M44 2014","0","0"
"PT2673.U29234 Z46 2014","0","0"
"HD320.5. V58 2014","1","0"
"PQ4086 .G68 2014","0","0"
"HC1070 .G36 2007","1","0"
"PJ7741.B5 P47 1964","1","0"
"PT2668.E32 F35 2014","0","0"
"PQ4204.2 .A463 2014","0","0"
"RA790.7.I7 S24 1999","1","0"
"N5337.G36 B53 2014","2","0"
"PQ4863.A66144 S767 2014","0","0"
"BV631 .R435 2014","1","0"
"DS518.1 .P74 2014","1","0"
"BV6 .M39 2014","2","0"
"D547.A8 W57 2014","0","0"
"PR4036 .W55 2014","2","0"
"DU123.3.O63 A3 2014","0","0"
"PA3975 .B2 2014","2","0"
"PS3619.C4536 A6 2014","1","0"
"F3031 .D66 2014","2","0"
"DS495.6 .A332 2014","2","0"
"F1028 .D94 2014","0","0"
"PS3569.T69 A6 2014","3","1"
"BS2715.53 .S45 2014","2","0"
"PJ5329 .M88 2014","0","1"
"DA816.I56 M37 2014","0","0"
"PR4887.M74 M43 2014","2","1"
"B3376.W563 T7328 2015","0","0"
"E836 .J63 2014","2","0"
"E467.1.D26 M26 2014","5","0"
"PS3552.U8278 E47 2014","2","0"
"PN56.S5 G56 2014","1","1"
"PE1404 .C638 2014","1","0"
"PN1998.3.H58 C58 2014","2","0"
"PN1995.9.R45 V38 2014","1","0"
"PQ4907.I57 C6713 2014","0","0"
"E185.86 .D354 2014","2","1"
"PR9619.3.H3325 I63 2014","2","0"
"PR3091 .M36 2014","0","0"
"E897.4.G72 D73 2014","1","0"
"DS102.95 .C64 2014","1","0"
"BD161 .M386 2014","0","0"
"E184.S75 B367 2014","3","0"
"PR8873 .L56 2014","0","0"
"F1053.2 .H42 2014","1","0"
"DK502.75 .K46 2015","4","0"
"F869.H74 B36 2014","1","0"
"PS3571.P4 A6 2014","0","0"
"DS38.7 .Y85 2014","1","1"
"PN56.M45 P47 2014","0","0"
"DA175 .J47 2014","0","0"
"E609 .P74 2014","0","0"
"PC4434 .C63 2014","0","0"
"HQ1206 .P746 2015","0","0"
"BS1186 .S64 2013","1","0"
"BP182 .T87 2014","1","0"
"DS649.53 .H53 2015","0","0"
"PS3612.A858 A6 2014","1","0"
"BP190.5.V56 J66 2014","0","1"
"PN1995.9.W6 S63 2014","1","1"
"PS3569.M39 S66 2014","1","0"
"P96.C35 S73 2014","0","0"
"P96.C35 S73 2014","0","0"
"PR6062.O86 S76 2014","8","0"
"PS3552.A763 T54 2014","2","0"
"PN1785 .T736 2014","2","0"
"PS3535.A547 U53 2014","0","0"
"PC3942.29.A487 V5313 2014","0","0"
"PS3570.H625 W58 2014","1","0"
"HQ242.3.A5 S26 2014","0","0"
"HQ1236.5.S66 W66 2014","0","0"
"PN56.3.C6 F73 2014","1","0"
"D521 .A15 2014","0","0"
"PS3560.O5395 A38 2014","3","0"
"PL2478 .L338 2014","6","0"
"PS508.H57 A54 2014","3","0"
"PS3611.N663 A7 2013","1","0"
"PR9086 .A55 2014","1","0"
"BR738.6 .L55 2014","0","0"
"PR6003.U36 Z87 2014","0","0"
"PS3620.O324 B43 2014","1","0"
"PS325 .B44 2014","0","0"
"PS3569.T122 B44 2014","1","0"
"BS1199.B5 A53 2014","0","0"
"PS3623.I58586 B58 2014","0","0"
"BL51 .M354 2014","1","0"
"BD591 .K88 2014","0","0"
"PS3563.C36582 C44 2014","1","0"
"BX8068.A1 S38 2014","0","0"
"PN2061 .B84 2015","3","0"
"DB2178.7 .M84 2014","0","0"
"PS3618.U48 D43 2014","6","2"
"PR9199.3.M62 A19 2013","0","0"
"BT732.5 .R66 2013","2","0"
"BX8763 .F74 2014","1","0"
"PL8010 .E27 2014","1","0"
"PS3569.T457 E44 2014","0","0"
"D1060 .S59 2014","1","0"
"BT65 .M54 2014","1","0"
"PS3608.S8 F57 2014","0","0"
"PS2809.S546 F58 2014","0","0"
"PR6119.T388 F76 2013","1","1"
"PS3605.D874 F76 2014","0","0"
"PQ7797.G79 J813 2014","0","0"
"F1923 .G338 2014","2","2"
"PS3608.A86149 Z46 2014","0","0"
"PS3608.O47765 H47 2014","1","0"
"PQ9698.28.I1547 P8613 2014","1","0"
"PL855.U6895 A2 2014","0","0"
"PS129 .I36 2014","0","0"
"BX9418 .K535 2014","1","0"
"BT355 .E4413 2014","0","0"
"PS3604.A9556 I58 2014","2","0"
"PT2702.R658 N4613 2014","3","0"
"PT8177.23.E88 K5613 2013","1","1"
"PA5110 .L36 2014","1","0"
"BL473 .S65 2014","2","0"
"E457.92 2015","0","0"
"PS3552.U4 Z75 2014","2","0"
"BT155 .E43 2014","1","0"
"PS3566.L45 N6 2014","0","0"
"PG3326 .Z4 2014","10","0"
"PR9369.3.M47 N69 2014","1","0"
"PR6111.A84 O84 2014","0","0"
"PS3513.R452 H7 2014","1","3"
"PQ2011.L5 E57 2014","3","0"
"PS3616.I54 P67 2014","0","0"
"PR6103.A4673 P75 2013","1","0"
"PN6142 .R43 2014","1","0"
"DF220 .H16 2014","0","0"
"PS3618.O315244 A6 2014","3","0"
"PR2933.V53 V53 2014","2","1"
"PS3623.H5727 S45 2014","1","0"
"PS229 .F58 2014","0","0"
"B2430.S7523 D413 2014","3","0"
"PJ5059.E8 T45 2014","0","1"
"PS3616.R548 T46 2014","0","0"
"PR9199.3.M824 T43 2014","0","0"
"PR9199.3.M3225 T45 2014","1","1"
"PR9619.4.B733 U35 2014","1","0"
"BS2675.6.L42 S73 2014","0","0"
"DF572 .P79213 2014","8","0"
"PR6104.R887 W4 2014","3","1"
"BT431.3 .O43 2014","0","0"
"PS3602.E76228 Y68 2014","0","0"
"BS1665.53 .W65 2014","1","0"
"HM811 .G38 2014","0","0"
"DS904 .C526 2000","0","0"
"PQ4902.E76 C57 2014","0","0"
"PT2678.O796 G78 2014","0","0"
"DS316.9.A653 A3 2006","0","0"
"PQ4253.2 .Z66 2014","0","0"
"BS1171.3 .S26 2014","0","0"
"PJ2343 .V367 2014","0","0"
"DG70.V23 B49 2014","1","0"
"B5244.M672 K67 2011","0","0"
"PQ4801.L75 A6 2014","0","0"
"BL220 .K253 2007","0","0"
"PN1998.3.I42 I4717 2005","0","0"
"PK6561 .A7 2002","1","0"
"DP171 .K36 2012","1","0"
"PQ6073.S94 B34 2014","0","0"
"R128.7 .H5613 2013","0","0"
"R128.7 .H5613 2013","0","0"
"R128.7 .H5613 2013","0","0"
"R128.7 .H5613 2013","0","0"
"R128.7 .H5613 2013","0","0"
"R128.7 .H5613 2013","0","0"
"R128.7 .H5613 2013","1","0"
"R128.7 .H5613 2013","0","0"
"R128.7 .H5613 2013","0","0"
"R128.7 .H5613 2013","1","0"
"BX1378.6 .F575 2014","0","0"
"DS316.9.Z335 A3 2002a","1","0"
"PN6519.P5 K58 2000","0","0"
"PS3622.A42578 B9 2014","2","0"
"BT55 .D86 2014","0","0"
"BT761.3 .C66 2014","0","0"
"PR9199.2 .R546 2014","0","0"
"PR6005.O4 Z9336 2014","0","0"
"PQ2664.O8334 Z645 2014","0","0"
"B2598 .A78 2014","0","0"
"PQ2301 .G45 2014","0","0"
"PS3607.U44 B73 2014","2","0"
"GR705 .T76 2011","0","0"
"GT5856.68.H9 M35 2013","1","0"
"KLB2070 .K65724 2013","0","0"
"F2329 .R625 2014","1","0"
"NC976.P472 D546 2011","1","0"
"F2728.B33 S26 2014","0","0"
"NA785 .R44 2013","0","0"
"PK6451.B25 D83 2007","0","0"
"PR6058.U37 A6 2014","0","0"
"PR6058.U37 A6 2014","0","0"
"PK6510 .A1 2007","0","0"
"PQ4919.T76 G56 2014","0","0"
"PQ4909.N34 P37 2014","0","0"
"CT203.P4 K5 1976","1","0"
"B615 .E5 2014","2","0"
"HV6928.5 .B53 2014","1","0"
"PQ4863.A974 Z766 2014","0","0"
"PQ4134 .L86 2014","0","0"
"B751.R643 T35 2003","1","0"
"PN56.T68 B353 2014","0","0"
"RM893 .M57 2005","0","0"
"BX577 .T725 2013","1","0"
"DG279 .A84 2014","0","0"
"HT1521 .S725 2014","0","0"
"HV554.4 .U77 2014","0","0"
"PN1995.65.S7 V29 2014","1","0"
"LC501 .S65 2014","0","0"
"PH3351.S263 E78 2013","0","0"
"HB3633.4.A3 H6713 2011","0","0"
"PS3513.I25 P717 1999","1","0"
"BX1430.M45 A35 2012","1","0"
"PN1993.5.L3 C57 2012","3","0"
"PN1993.5.L3 C57 2012","0","0"
"PK6465 .Z8937 2005","1","0"
"P118.2 .B55 2014","1","0"
"PT2609.N9 V47 2014","1","0"
"BX310 .M827 2013","0","0"
"PN2728.K63 A47  2013","0","0"
"BS1199.V58 I2 2014","1","0"
"DT146 .C35 2013","0","0"
"H62 .H742 2014","10","0"
"PR6058.A5928 M66 2014","2","0"
"JC599.U5 S94 2014","7","0"
"DG737.22 .S69 2014","0","0"
"BL785 .F3813 2014","2","0"
"DS779.28 .L56 2013","1","0"
"PQ4053.M45 G56 2012","0","0"
"JN3971.5.A98 S65 2014","0","0"
"PQ2662.E43 O663 2014","0","0"
"PL2882.O44 M36  2013","0","0"
"DF230.C6 C54 2014","0","0"
"DS271.5 .K375 2002","1","0"
"PQ4841.A4 S675 2014","0","0"
"BP104.6 2002","0","0"
"PL857.I78 Y54 1986","0","0"
"DS324.K49 K37 2005","0","1"
"DS913.2 .H357 2008","0","0"
"B753.R384 A95 2006","0","0"
"DS910.2.J3 H34 2012","0","0"
"B751.Z7 G38 1977","0","0"
"DG450 .C85 2014","0","0"
"BP189.55 .A57 2003","0","0"
"PN1997.2.M64 C67 2014","1","0"
"DS708 .P28 2011","0","0"
"PQ7797.S22435 P64 2014","0","0"
"BP189.55 .A57 2002","0","0"
"PQ2664.O534 Q53 2014","0","0"
"PQ7389.N36 A6 2013","0","0"
"PL857.I78 T542 1999","0","0"
"NA1465.3 .A73 2014","0","0"
"PL857.I78 S46 2004","0","1"
"TT515 .M275 2014","0","0"
"PL857.I78 T543 2011","0","0"
"F2230.2.A9 Y85 2005","2","0"
"F1788.22.V43 V43 2013","1","0"
"PL857.I78 A58 1998","0","0"
"CS299.C872 E83 2011","0","0"
"DC59.8.G3 G47 2014","0","0"
"DF78 .I82 2014","0","0"
"PL857.I78 R56 1995","0","0"
"D621.S8 V48 2014","0","0"
"DS266 .B39 1978b","1","0"
"BM155.2 .A84 2004","0","0"
"BP131 .R35 2005","0","0"
"PK6561.M827 A6 2005","1","0"
"DD801.R76 A48 2014","2","0"
"BR115.G45 S36 2014","0","0"
"BR735 .D59 2014","1","0"
"HV8210.5.A45 M5634 2014","0","0"
"DD801.P48 T48 2014","0","0"
"PJ7874.U7915 H37 2013","1","0"
"E185.97.P38 H63 2014","18","0"
"F3320 .I23 2012","0","0"
"PL857.I78 T35 1997","0","0"
"PA3026 .A22 2014","0","0"
"N6797.J64 A4 2014","0","0"
"Z1003.5.G7 A18 2013","0","0"
"PT2653.W4 E713 2014","0","0"
"PL857.I78 S57 2006","0","0"
"PK6561.S559 H37 2005","0","0"
"PL857.I78 T637 2003","0","0"
"HV6771.B54 T35 2013","1","0"
"PK6481 .D4 2005","1","0"
"DP302.A38 A29 2014","0","0"
"PK6561.N8755 A53 2002","1","0"
"JC311 .K85 2011","0","0"
"PK6525 .M39 2004","1","0"
"HX925 .C36 2014","0","2"
"DS799.63.C5 Y54 2012","0","0"
"DD256.3 .S55 2014","0","0"
"DS916.594.J3 K54 1996","0","0"
"DT325.92.H37 E423 2012","0","0"
"HV551.2 .I58 2013","0","0"
"BR1335 .P28 2004","0","0"
"BP173.6 .S72 2015","1","0"
"PQ6312 .C58 2011","0","0"
"KF889 .M355 2014","11","0"
"BX597.I558 M49 2013","0","0"
"PN6519.K6 S65 2010","0","0"
"HD9114.W42 Z35 2012","2","0"
"DS779.49.B63 D66 2013","3","1"
"LF4823.A4 P76 2013","0","0"
"BM535 .B725 2011","0","0"
"B4377 .K512 2013","0","0"
"BX830 1414 .K66 2014","0","0"
"F1256 .R93 2011","2","1"
"DK34.G3 R95 2012","0","0"
"DT450.435 .C695 2014","0","0"
"DS98.6 .A57 2014","1","0"
"DT295 .H4275 2014","0","0"
"DS98.6 .P37 2013","0","0"
"DT295.3.A1 C53 2014","0","0"
"BL1515.5.Y28 A47 1999","1","0"
"BL1515.5.Y28 A47 1999","0","0"
"HV8192.A45 S83 2014","0","0"
"D16 .E876 2014","0","0"
"BL1515.2 .P5 1998x","1","0"
"BL1515.2 .P5 1998x","0","0"
"PQ6613.A7662 A6 2014","0","0"
"DK511.V66 F87 2011","0","0"
"NX534.A1 V37 2014","0","0"
"NX534.A1 V37 2014","0","0"
"PG5039.26.R6322 Z78 2012","0","0"
"PQ7813 .A34 2008","1","0"
"PQ7813 .A34 2008","1","0"
"DB2228 .V625 2013","0","0"
"JF1525.S4 A87 2014","3","0"
"DK111 .S687 2012","0","0"
"PA3161 .O7842 2014","0","0"
"DK651.S4914 R69 2013","1","0"
"RC451.4.A5 L38 2014","5","0"
"DS113 .K67 2014","0","0"
"PK6481.M9 Z36 2005","1","0"
"PK6455 .A1 2005","0","2"
"PJ5053.K59 Z738 2014","0","1"
"PR9194.52.W67 W42 2014","0","0"
"DS59.K86 R449 2014","0","0"
"PG3476.B42 Z57 2014","0","0"
"PQ7822.L86 K43 2006","1","0"
"DT266.94 .L32 2013","0","0"
"PG3356 .K86 2014","0","0"
"PN5355.C943 M67 2013","0","0"
"PG5039.18.R2 Z48 2014","0","0"
"DT295.5 .L39 2014","0","0"
"DT450.435 .C644 2014","1","0"
"PQ1905 .R36 2014","0","0"
"D522 .M47 2014","0","0"
"BX595 .C475 2012","0","0"
"PM20.1 .P76 2012","0","0"
"PR9199.4.C6967 C66 2014","2","0"
"BP80.A45 V37 1957","1","0"
"PN1992.4.D86 A3 2014","13","0"
"PR9303.9.B78 H57 2009","1","0"
"PQ7822.T67 P75 2009","1","0"
"PN842 .C49 2013","2","0"
"PK6501 .Z96 2005","1","1"
"PQ8098.417.O686 A74 2010","2","0"
"HG2988 .F73 2014","0","0"
"BP165 .S5725 1996","1","0"
"TK5105.875.I57 B3726 2014","5","0"
"PK6561 .I82 2005","1","0"
"HQ1692 .S456 2014","0","0"
"D764 .D487 2014","0","0"
"PQ7822.Q57 I53 2008","1","0"
"DD801.H57 D64 2014","0","0"
"PR6025.A8435 F43165 1960","0","0"
"PQ8098.426.O33 N68 2008","1","0"
"DS266 .A323 2013","0","0"
"PK6561 .F264 2004","1","0"
"DC59.8.T8 K58 2013","0","0"
"PK6561.B535 K45 2002b","1","0"
"PR6070.O455 N67 2014","9","0"
"BP173.7 .H3555 2014","2","3"
"PK6455.Z343 S3 2002","1","0"
"BC177 .S29 2014","3","0"
"HQ784.P5 P43 2014","2","0"
"PR6120.E77 D36 2014","2","0"
"GF581 .H85 2014","2","0"
"PS3615.L5865 R66 2014","1","0"
"NX512.S539 A4 2014","1","0"
"BQ709.R85 B87834 2013","3","0"
"JZ5540 .S6313 2014","0","0"
"BD450 .W5225 2014","7","0"
"DS282 .I87165 2001","0","0"
"DS282 .L3165 2005","0","0"
"HT653.I7 A655 2004","0","0"
"HM881 .S67 2014","3","1"
"HD6668.T73 C64 2013","0","0"
"HF377 .M363 2014","1","0"
"G7653.A6E73 A8 2013","0","0"
"G7653.A7E73 A8 2013","0","0"
"G7653.B5E73 A8 2013","0","0"
"G7653.G8E73 A8 2013","0","0"
"G7653.H3E73 A8 2013","0","0"
"G7653.J4E73 A8 2013","0","0"
"G7653.K4E73 A8 2013","0","0"
"G7653.M3E73 A8 2013","0","0"
"G7653.M35E73 A8 2013","0","0"
"G7653.M4E73 A8 2013","0","0"
"G7653.M6E73 A8 2013","0","0"
"G7653.P8E73 A8 2013","0","0"
"G7653.R3E73 A8 2013","0","0"
"G7653.S5E73 A8 2013","0","0"
"G7653.T3E73 A8 2013","0","0"
"G7653.U82E73 A8 2013","1","0"
"G7653.U8E73 A8 2013","0","0"
"G7653.W4E73 A8 2013","0","0"
"G7653.N3E73 A8 2013","0","0"
"DT442.5 .B66 2014","1","0"
"PG5039.2.A4282 V65 2014","0","0"
"QH13.45 .N38 2014","1","0"
"PG5038.S48 N25 2014","1","0"
"PR2971.E85 S53 2014","0","0"
"GN662 .B45 2014","2","0"
"KF8745.S67 B57 2014","0","0"
"BF698.35.C45 M33 2014","2","0"
"JK1726 .G78 2014","0","0"
"BF311 .F365 2014","0","0"
"HC59.3 .L96 2014","0","0"
"HM851 .T535 2014","5","0"
"BF575.P9 R67 2014","5","0"
"HF5389 .C653 2014","0","0"
"LC3715 .I459 2014","2","0"
"JK1030 .M28 2014","0","0"
"HD8039.K59 L397 2014","0","0"
"HD49 .L43 2015","0","0"
"LB2342.9 .B38 2014","0","0"
"HV6001 .M37 2014","0","0"
"HG106 .R38 2014","2","0"
"HD58.8 .F686 2014","0","0"
"BF723.R46 M37 2014","5","1"
"JZ6374 .P374 2014","4","0"
"HQ471 .P46 2014","2","0"
"P99.4.P72 P73 2014","0","0"
"LC94.C5 Z424 2014","6","0"
"E77 .I94 2015","3","1"
"LC213.2 .C66 2014","2","0"
"HM585 .S557 2014","0","0"
"P53.445 .I67 2014","0","1"
"F2175 .L44 2013","0","0"
"HV6025 .M366 2014","0","0"
"HM646 .H37 2014","4","0"
"HM753 .S765 2014","0","1"
"HC59.72.E5 T73 2014","1","0"
"GN380 .B63 2015","0","0"
"BF161 .R753 2014","3","0"
"DB2042.G4 M45 2013","0","0"
"DS266 .C5165 2002","1","0"
"DS316.85 .R55 1999","1","0"
"LA2325.K57 A3 2013","0","0"
"BF175 .B334 1998","1","0"
"HB143.5 .H364 2014","7","0"
"PR9440.9.G86 A6 2014","0","0"
"BJ1481 .V37165 1999","0","0"
"PG5040.14.O85 J56 2014","0","0"
"PG5038.F63 Z464 2013","0","0"
"CT1217.P47 M35 2013","1","0"
"BP194 .S4517 2000","1","0"
"DS135.A883 A15 2014","1","0"
"BP80.A45 H35 2004","1","0"
"JZ5540.2.M8 D36 2014","0","0"
"E83.67 .W37 2014","0","0"
"KF4550 .B259 2014","1","0"
"BF423 .C74 2014","3","0"
"HJ2095 .E97 2014","0","0"
"KZ1174.5 .B39 2014","1","0"
"HV6773.15.C92 C57 2014","6","0"
"HM1033 .W44 2014","4","2"
"G277 .J34 2014","0","0"
"BF575.E65 S315 2014","1","0"
"HN656.5.Z9 H844 2014","2","1"
"LB2395.7 .B85 2014","2","0"
"E78.C15 P45 2014","0","2"
"HV2380 .D425 2014","0","0"
"HM651 .D55 2014","0","0"
"JC423 .A93 2014","0","0"
"LC96 .B43 2014","0","0"
"PN4784.I6 I58 2014","1","0"
"P204 .E88 2014","4","0"
"LB2806 .B5993 2014","1","0"
"HB141 .B64 2014","0","0"
"JQ36 .G55 2014","0","0"
"K235 .M3745 2014","0","0"
"E98.F7 R64 2014","1","0"
"LB2825 .C76 2014","1","0"
"BF637.R57 B734 2014","0","0"
"JF60 .S257 2014","0","0"
"PK6501.K43 A73 2005","1","0"
"PR6119.O6775 G9 2014","1","0"
"BF575.H27 S73 2014","0","0"
"DD256.6 .A87 2014","1","0"
"PK6546 .P595 2005","0","0"
"BP80.S517 S865 2005","2","0"
"BP183.6 .H365 2004","0","0"
"BQ1600.S917 D43 2013","0","0"
"D531 .F44 2014","0","0"
"PK6561.A373 M37 2005","0","0"
"PQ7298.16.A324 P64 2013","0","0"
"PK6561.A373 D57 2005","1","0"
"PQ7798.429.O27 R66 2013","1","0"
"HA37.G33 P787 2013","0","0"
"GV1782.5 .C485 2014","0","1"
"RC480 .L47 2014","0","0"
"GV706.5 .S77 2014","0","0"
"PG5039.32.A438 S84 2014","0","0"
"PK6561.A373 A6 2004","0","0"
"PK6458 .A96 2000","1","0"
"PQ7798.415.S87 T37 2013","1","0"
"PR6037.C943 Z65 2014","0","0"
"PG5038.C3 T75 2014","0","0"
"PR6058.I45 S68 2014","2","0"
"CN585.A8 P435 2014","0","0"
"BS315 .P4 1981","0","0"
"PK6561.N3 A8 2003","1","0"
"PK6561.M824 S45 2003","1","0"
"PR9619.3.W5 Z93 2014","1","0"
"HQ1595.B88 M38 2014","0","0"
"BX597.I624 M35 2013","1","0"
"PG5038.T9 S82 2013","0","0"
"PG3479.4.U877 Z464 2013","0","0"
"TX723.5.H8 L48 2007","0","0"
"DB958.3 .O73 2007","1","0"
"BP189.7.M42 A3 2002","0","0"
"PK6561.M824 D8 2005","1","0"
"PN1998.2 .M368 1999","0","0"
"PN6790.A7 C83 2014","0","0"
"PQ7798.29.T564 E98 2013","0","0"
"PK6481.M9 Z35 2003","1","0"
"PK6481.M9 Z35 2003","1","0"
"PK6481.M9 Z35 2003","1","0"
"PK6481.M9 Z35 2003","0","0"
"PK6481.M9 Z35 2003","1","0"
"PK6481.M9 Z35 2003","1","0"
"PK6481.M9 Z35 2003","1","0"
"GT498.P45 B66 1988","1","0"
"HD2075.8 .H37 1970","1","0"
"LC45.8.A785 I53 1988","2","1"
"PQ7298.425.R85 C36 2007","0","0"
"PQ7798.419.R53 L58 2013","2","0"
"DS554.98.A5 E36 2010","3","0"
"BP130.4 .T37 1971","1","0"
"BP130.4 .T37 1971","1","0"
"BP130.4 .T37 1971","1","0"
"BP130.4 .T37 1971","1","0"
"BP130.4 .T37 1971","1","0"
"DS778.G354 P56 2013","1","0"
"DS274 .G43 2013","0","0"
"PC3929 .S575 2013","0","0"
"PL2278 .T36 2012","1","0"
"BP195.Z2 D67 2013","0","0"
"DK511.S3 R224 2013","0","0"
"PQ3949.2.L295 B356 2014","3","0"
"JQ281 .V37 2013","2","0"
"PQ2631.R63 Z829343 2013","1","0"
"BL1900.G835 Z48 2012","0","0"
"PK6511.E5 F57 2002","2","0"
"PR6112.E8926 P53 2014","2","0"
"PN45 .I53 2014","0","0"
"PR9265.9.G714 W39 2014","1","0"
"DS481.A43 I58 2014","0","0"
"DS486.S28 K43 2013","0","0"
"PQ2625.O67 Z74 2014","3","0"
"PC2101 .L44 2014","0","0"
"PK2200.S27 M369 2013","0","0"
"PQ2673.E712 Z76 2013","0","0"
"DS610.25.P47 T36 2007","0","0"
"PL2967.7.O423 Q56 2011","0","0"
"PN1997 .M84 Z36 2013","0","0"
"PR9570.T53 M65 1977","1","0"
"PR9570.T53 M657 1980","1","0"
"PR9570.T53 M654 1969","1","0"
"PT2681.T6898 H47 2014","0","0"
"PR9570.T53 M658 1997","2","0"
"BP189.26.I253 Q29 2004","2","0"
"DS776 .J534 2013","0","0"
"DG262 .M454 2014","0","0"
"PN1993.5.I8 D473 2013","4","0"
"BT780 .T735 2014","0","0"
"PJ3771.G5 P34 2003","0","0"
"PN1993.5.I8 G46 2013","0","0"
"PQ7298.2.I46 V56 2011","1","0"
"BS1171.3 .M5625 2014","0","0"
"PQ7298.2.I46 M83 2007","1","0"
"DS493.9.L5 J66 1986","0","0"
"DS741.3.S683 H53 2014","0","0"
"PK2648.Z95 C66 2013","0","0"
"PQ7798.1.L96 F53 2013","1","0"
"BR1285 .Z466 2013","0","0"
"BR1285 .J524 2014","0","0"
"HV6433.A7 M66 2013","0","0"
"BR1285 .Z466 2014","0","0"
"E745.S675 A3 2014","1","0"
"F326 .A543 2014","0","0"
"D591 .D83 2014","3","2"
"PR4172 .W7 2014b","2","0"
"B536.A34 F54 2014","1","0"
"DK34.M8 K44 2014","3","0"
"PR4487.P58 J66 2014","0","1"
"PR6019.O9 Z66958 2014","1","0"
"D570.2 .G88 2014","1","0"
"E169.Z8 H68 2014","0","0"
"B3376.W564 G655 2014","1","0"
"F455 .M37 2014","1","0"
"DS559.5 .N59613 2014","8","0"
"BH39 .K5877 2014","5","0"
"DT1757 .O87 2014","2","1"
"PR9199.3.C667 Z46 2014","0","0"
"PR830.O33 M33 2014","0","0"
"PL2705.I17 Y8313 2014","0","0"
"PR468.A33 C54 2014","1","0"
"DF78 .S69 2014","3","0"
"PS261 .F68 2014","2","0"
"PS3573.H4768 Z78 2014","1","0"
"F3429.1.A3 B76 2014","0","1"
"DT1971 .B67 2014","2","1"
"BV639.W7 U77 2014","1","0"
"PA6706.D5 V36 2014","1","1"
"E449 .S293 2014","1","0"
"D639.P77 A58 2014","3","0"
"PS3603.O7343 A6 2014","1","0"
"PS3554.E1752 B54 2014","0","0"
"PS3616.O5475 B75 2014","0","0"
"PR8755 .C36 2014","5","0"
"PR9619.3.H323 A6 2014","0","0"
"F212 .M85 2014","4","0"
"PS3613.A78644 I5 2014","1","0"
"PR6025.I25 A6 2014","0","0"
"BL51 .C6785 2014","0","0"
"PS3569.E1725 P69 2014","0","0"
"F1032 .J66 2014","1","0"
"PS3576.I66 S43 2014","0","0"
"PS3573.A7675 S67 2014","0","0"
"DP233 .C3813 2014","1","0"
"PS3552.O52 W48 2014","0","0"
"PS3613.O7724 W44 2014","0","0"
"PS3606.O843 W44 2014","0","0"
"PS3573.I53234 Z46 2014","0","0"
"PQ8180.27.U435 A613 2013","1","0"
"DS779.32 .L58 2014","0","0"
"HN49.C6 P38 2014","0","0"
"PL4001.M317 C79 2006","0","0"
"PL4001.M317 D45 2008","0","0"
"DS731.M87 G528 1998","0","0"
"PN3159.C6 W36 2014","0","0"
"PC4977.G39 E55 2013","0","0"
"DS625 .L65 2013","0","1"
"DS554.6 .S63 2003","0","0"
"PN1993.42.I4 G66 2013","0","0"
"BQ582 .R45 2014","1","0"
"PQ7798.436.O88 L6 2013","0","0"
"PQ7798.419.N33 A656 2013","1","0"
"PR591 .M33 2014","1","0"
"PR3478.G47 Z48 2014","0","0"
"DK4121 .S39 2014","0","0"
"DS480.84 .W43 2013","1","0"
"DS480.84 .W43 2013","1","0"
"HC39 .A73 2014","0","0"
"HD60.5.I5 C677 2014","0","0"
"HD60.5.I5 C677 2014","0","0"
"PE1481 .G55 2014","0","0"
"DS485.N27 L46 2012","0","0"
"DS338 .B43 2013","0","0"
"DS580 .S66 2014","2","0"
"PL493 .S78 2014","1","0"
"PR9372.9.D64 B44 2014","1","0"
"D1065.C47 E97 2014","4","0"
"PR9272.9.A433 D54 2014","0","0"
"PR6108.A7875 D43 2014","2","0"
"PS3611.A467 A6 2014","1","0"
"HN49.P6 K73 2011","0","0"
"LB2822.75 .P73 2014","1","0"
"PN1998.3.P367 Z85 2014","1","0"
"PL4001.M317 T48 2007","0","0"
"KKH41.K45 M36 2014","0","0"
"PQ2679.T4 Z46 2013","0","0"
"HQ1742.5.M884 S536 2012","0","0"
"B2017 .Z87 2014","0","0"
"DG975.P15 S56 2013","1","0"
"PL2663.L83 H428 2013","0","0"
"PT2665.R59 Z935 2014","0","0"
"B128.H34 H6 2014","0","0"
"PA6296.B7 K477 2014","0","0"
"PN1993.43.K47 I58 2011","0","0"
"JQ1850.A91 O53 2013","0","0"
"PR6052.O35 A6 2014","1","0"
"PR5264 .S264 2012","0","1"
"DS485.K27 C43 2012","0","0"
"DG848.35 .C8 2014","1","0"
"BL1150 .C66 2013","0","0"
"PQ2152.A4 Z6 2014","0","0"
"GN635.I4 S66 2014","0","0"
"PN682.M55 M46 2014","1","0"
"GE199.R8 E75 2012","1","0"
"DS480.853 .A436 2013","0","0"
"DK510.763 .K6825 2013","1","0"
"PQ2664.U6464 R65 2014","1","0"
"HC60 .L4348 2013","0","0"
"DS553.1 .G67 2011","1","0"
"HQ1031 .A57 2014","0","0"
"JV8509.I4 N67 2012","0","0"
"PK6561.H43 Z773 2013","0","0"
"HD9685.I42 V55 2012","0","0"
"PQ1645 .F47 2014","1","0"
"DS326 .P435 2013","0","1"
"PK2097.E26 P36 2012","0","0"
"LC4037.I4 G64 2013","0","0"
"PQ3959.3.B48 L54 2014","0","0"
"PQ4904.I63 M38 2014","0","0"
"D805.J3 J37 2014","0","0"
"DB2211.K635 V66 2013","0","0"
"B796 .F5356 2011","0","0"
"KQC522 .C658 2013","0","0"
"GT5230 .S88 2011","1","0"
"HX13 .M495 2013","0","0"
"GN635.M4 I63 1997","0","0"
"PK2155 .N49 2013","0","0"
"BL1214.32.B53 T93 2014","0","0"
"PN45 .K37 2014","0","0"
"HM1121 .S628 2001","0","0"
"BD171 .S235 2014","0","0"
"RG106.4.C74 E88 2013","1","0"
"JC599.I4 E364 2013","0","0"
"JC599.I4 E364 2013","0","0"
"HQ1181.I4 N35 2012","0","0"
"JQ3616 .D53 2013","1","0"
"HQ734 .S9764 1995","0","0"
"DS754 .C38 2013","0","0"
"DS749.35 .S853 2014","1","0"
"DS782.5 .Y364 2013","0","0"
"DS786 .Q23 2013","0","0"
"HD1306.E3 D35 2014","2","0"
"PQ4207 .Q37 2013","0","0"
"DS785 .A76 2013","0","0"
"PK2915 .E43 2013","0","0"
"JS7008 .S73 2013","0","0"
"DD78.P64 L64 2014","0","0"
"DC95 .G38 2013","0","0"
"RA395.I4 G68 2012","0","0"
"PL2277 .L38 2014","1","0"
"PQ2678.O67535 M43 2014","0","0"
"PL271.E8 A36 2014","0","0"
"PS169.E25 S55 2014","0","0"
"PN2287.S683 R66 2014","1","0"
"BJ1251 .A67 2014","0","1"
"DS918 .A85 2014","0","1"
"PS648.D4 B47 2014","1","0"
"PS3613.A4354 B57 2014","6","0"
"BJ1535.S6 C43 2014","1","0"
"DK511.C37 C48585 2014","3","0"
"DS797.56.N365 F358 2014","0","0"
"PL787.I83 M67 2014","0","0"
"BT736.2 .I57 2013","1","0"
"PS3618.O845 E44 2014","2","0"
"PN1995.9.E96 E44 2014","0","0"
"DA47.9.I8 E54 2014","0","2"
"PN2293.C38 M63 2014","0","0"
"PN2287.G28 A3 2014","4","0"
"PQ2713.I54 G5813 2014","1","1"
"PS3613.A7756 G66 2014","0","0"
"BS2775.52 .G75 2014","0","0"
"PS3054 .S57 2014","0","0"
"PS217.I35 I35 2015","1","0"
"PR590 .P68 2014","1","0"
"BP188.8.A356 B36 2014","4","0"
"PR6019.O9 Z6934 2014","3","0"
"DS891.2 .P46 2014","0","0"
"DS881.3 .B349613 2014","1","1"
"D804.348 .J49 2014","2","1"
"DS934.6.K44 K562 2013","0","0"
"DC146.L2 A87 2014","2","0"
"D810.S8 K749 2014","0","0"
"PS3523.O833 A6 2014","7","0"
"F317.M7 O25 2014","0","0"
"PS3554.I468 O73 2013","0","0"
"BR1495.P6 S57 2014","1","0"
"BR160.3.P673 M34 2014","1","1"
"DS732 .T6 2014","0","0"
"PR9199.4.S567 Q37 2014","1","0"
"E467.1.J15 G85 2014","6","0"
"DT115 .T94 2014","0","0"
"BL619.P5 R43 2014","1","1"
"DX210 .B86 2014","1","1"
"HQ21 .R876 2015","5","0"
"PR6107.R366 R86 2104","0","0"
"DK68.7.I7 M66 2014","0","0"
"PS3606.R44548 S25 2014","0","0"
"BL480 .S25 2015","3","0"
"BS2664.S97 P47 2013","0","0"
"PS153.H56 U66 2014","2","0"
"B945.A694 K6613 2013","1","0"
"PR5823 .F74 2014","2","1"
"PS1139.B9 Z64 2014","3","0"
"PE64.K45 A3 2014","10","0"
"HQ1726.7 .W6296 2014","3","0"
"E840.8.P34 A3 2014","2","0"
"E184.36.P64 W457 2014","4","0"
"PQ6657.I4 A66 2014","0","0"
"PR6101.L4 A73 2014","0","0"
"PS3619.I5576 B46 2014","0","0"
"PL2658.E3 D55 2014","0","0"
"PS3606.I7698 B75 2014","0","0"
"PR9199.3.R5316 C56 2014","0","0"
"PS3601.B688 C58 2014","2","0"
"PT8951.29.T3 6713 2009","3","0"
"PS3602.U838 C66 2014","1","0"
"PB2281 .C86 2013","1","0"
"BD638 .D357 2014","0","0"
"BR1608.5 .L58 2014","1","0"
"PN2287.C5 F39 2014","1","0"
"PN2595.13.E97 G73 2014","4","0"
"DS274.2.R8 B68 2014","0","0"
"PQ3919.3.S444 H65 2014","0","0"
"PS3626.A62524 I4 2014","0","0"
"PR9199.3.R632 I52 2014","0","0"
"PS3606.O84425 A6 2014","1","0"
"PN1995 .R33513 2014","4","0"
"PR6118.O256 I58 2014","0","0"
"PG3493.46.U45 P5713 2014","0","0"
"PS3552.A6713 L86 2014","1","0"
"PS3562.O877 M45 2014","0","0"
"PQ2637.I53 N85 2014","4","0"
"PQ3989.3.M843 N6813 2014","0","0"
"HD6060.6 .M54 2014","1","0"
"B4815.L84 F43 2014","1","0"
"B5305 .G94 2013","0","0"
"PQ4843.O53 A2 2014","2","0"
"B2430.W474 M33 2014","1","0"
"PS3619.K44 R57 2014","1","0"
"BS476 .F745 2014","0","0"
"PS3605.A78 S48 2014","2","0"
"BS2615.53 .K56 2014","0","0"
"DS146.S7 K8713 2014","1","0"
"PR2833 .T464 2014","4","1"
"PR6053.H786 Z663 2014","2","1"
"BL51 .V324 2014","0","0"
"PS3614.O737 A6 2014","1","0"
"PS3555.N424 T84 2014","1","0"
"PS3610.O36 A6 2014","1","0"
"JA75.7 .V65 2014","2","0"
"PS3626.I55 W35 2014","10","1"
"PS3601.R579 W45 2014","0","0"
"BT732.7 .J36 2013","0","0"
"GT1720 .W66 2014","5","0"
"HQ1154 .B32 2014","6","0"
"PS3609.V48 W67 2014","2","1"
"PS3554.E474 Z36 2014","0","0"
"PQ2678.O428 A87 2014","0","0"
"RC81 .Y35 2009","1","0"
"PR6052.R916 A6 2014","0","0"
"PR6052.E564 A6 2014","2","0"
"RM723.R43 S66 2009","1","0"
"HN730.5.A8 A132 2010","1","0"
"LB1025.3 .G327 2012","0","0"
"BD41 .S46 2014","0","0"
"Z802.P74 Z65 2012","0","0"
"B5253.N45 Y88 1998","1","0"
"DR24 .A544 2007","0","0"
"DR359.S8 N34 2010","0","0"
"DD287.3 .G47 2014","0","0"
"DB2078.U6 L8512 2014","0","0"
"TE103 .I5 2013","0","0"
"B528 .A58 2014","0","0"
"PG4074.85 .S242 2013","0","0"
"PQ7298.32.I55 C66 2014","1","0"
"JN9636 .A97 2012","2","0"
"D810.C8 R48 2013","0","0"
"DS523 .A15 2010","0","0"
"DF78 .G45 2014","0","0"
"HD1531.A7 O55 2013","1","0"
"BQ5136.3.B8 G73 2002","0","1"
"DR2174.M87 M35 2011","0","0"
"PN1998.2 .H357 2004","0","0"
"BL632 .T67 2014","0","0"
"PG3968.5.N7 R49 2014","0","0"
"PQ7798.23.O775 O87 2013","1","0"
"DD232 .J45 2014","0","0"
"DS481.A6 J13 2014","1","1"
"DR1954.H9 L48 2011","1","0"
"PQ7798.41.R843 H68 2014","0","0"
"PG1396.M6 C5713 2011","0","0"
"PT2685.A48 Z46 2014","0","0"
"BT203 .H49 2014","1","0"
"DS481.A6 A25 2014","0","0"
"DS481.A6 A25 2014","0","0"
"DS422.C3 D355 2014","0","0"
"DS432.K5 R69 2012","0","0"
"DD247.H5 R24 2014","0","0"
"DK4430 .P674 2000","2","0"
"HC59.7 .D4845 2014","0","0"
"PT2671.L38 Z75 2014","0","0"
"RA643.86.I5 S56 2014","1","0"
"BL240.3 .B73 2014","1","0"
"HQ1240.5.I4 B38 2013","0","0"
"PQ4610.B38 M3 2014","0","0"
"PN1998.2 .C46 2014","0","0"
"BT40 .J46 2014","3","0"
"PQ2672.E1113 O48 2014","0","0"
"PQ2666.O23 C43 2014","1","0"
"DS481.A23 A3 2013","1","0"
"PQ2666.E6967 R44 2014","1","0"
"PR9499.4.D355 H68 2014","0","0"
"PN1998.3.R46 J43 2014","0","0"
"DS432.G6 P38 2013","0","0"
"DB72.5 .R65 2014","0","0"
"BX595 .O8354 2011","1","0"
"TD883.7.I4 I53 2011","0","1"
"HD5069 .R87 2010","0","0"
"PQ2722.I555 L34 2014","0","0"
"HQ1464.V47 M85 2008","0","0"
"HQ1464.V47 M85 2008","0","0"
"DS135.T7 A465 2014","0","0"
"PR6103.H55 S95 2014","0","0"
"JN2997 .D53 2014","0","0"
"BC76 .P29 2012","1","0"
"PG5040.12.A835 P74 2013","0","0"
"PG3492.6.O325 U52 2013","0","0"
"PT9876.24.E76 F3513 2014","2","1"
"HQ1745.5.Z75 M35 2013","3","1"
"HV6546 .V46 2011","0","1"
"HV887.I4 V46 2011","0","0"
"DS799.5 .I584 2012","2","0"
"LC157.I4 V46 2011","0","0"
"PQ2676.I69 P67 2014","0","0"
"DS422.C64 P8639 2012","0","0"
"DK4185.G3 P688 2012","0","0"
"PQ7798.17.R83 H86 2013","0","0"
"PJ2373.5 .A44 2013","0","0"
"PQ7798.412.E58 R45 2013","1","0"
"PQ8520.29.O38 G47 2014","0","0"
"PQ2672.A5155 A98 2014","0","0"
"DK928.6 .G39 2012","0","0"
"NA8206.M6 H33 2012","1","0"
"DS486.A36 Y33 2014","0","0"
"HM621 .K668 2012","1","0"
"PQ7298.12.R36 H378 2014","0","0"
"PQ2679.E67335 D53 2014","0","0"
"DS485.K4 N37 2013","1","0"
"PQ7797.S56 A6 2013","1","0"
"BL1241.53 .P73 2014","0","0"
"DK511.D2 N3317 2012","0","0"
"DS486.T7 B49 2014","0","0"
"PR6052.R426 D63 2014","1","0"
"JQ379.5.A91 M85 2013","0","0"
"HQ1742 .G476 2012","1","0"
"PQ1627.H2 Z54 2014","0","0"
"PK5409 .T736 2010","0","0"
"PR6114.I27 U8 2014","8","0"
"HB2099 .G46 2014","0","0"
"HQ670 .F36 2014","1","0"
"HV6250.4.W65 R35 2014","0","0"
"PQ7798.428.I57 B35 2013","0","0"
"PQ2676.A8826 E54 2014","0","0"
"HQ1240.5.I4 W661142 2014","0","0"
"HT431 .T43 2014","0","0"
"GT1555 .W2189 2013","0","0"
"PG7158.S4 K717 1983","1","0"
"TT649.8 .W36 2013","0","1"
"DC195.M65 B684 2012","0","0"
"JQ231 .S83 2014","0","0"
"DS422.C3 R69 2014","0","0"
"PR6069.H283 R47 2013","0","0"
"PN1993.5.I8 S66 2013","0","0"
"PN2888.M5 M44 2013","0","0"
"F2906 .C66 2013","0","0"
"PR9499.4.V38 F74 2012","0","0"
"JC574.2.L29 G35 2013","0","0"
"DS480.45 .S2456 2012","0","0"
"PQ7798.416.R37 M63 2013","1","0"
"PQ7798.13.O284 H86 2013","1","0"
"B5252 .Y86 2002","0","0"
"PL958.4 .U745 2001","1","0"
"PQ1875.M8 Z46 2014","2","0"
"PR9639.3.G4 Z65 2014","0","0"
"PQ3989.2.L29 T74 2014","0","0"
"PQ2664.U667 R84 2014","0","0"
"JC599.A7 M574 2013","0","0"
"CS850 .A55 2000","0","0"
"DJK40.5 .E35 2009","0","0"
"PQ7798.29.A4785 T35 2013","1","0"
"PQ7798.17.A53 V465 2013","1","0"
"JC251.L46 C44 2014","0","0"
"BP130.4.N27 S43 2012","0","0"
"HD9576.I62 S42 2012","0","0"
"DS298 .M35 2012","0","0"
"BP170 .N87 2012","0","0"
"KL5314 .M34 2012","0","0"
"GN477 .G55 2012","1","0"
"B753.G34 J34 2012","0","0"
"DS79.9.N35 B37 2012","0","0"
"B753.S834 A733 2012","1","0"
"PK6416 .D87 2012","0","0"
"PK6451.A3 A6 2007","0","0"
"BP80.G275 A455 2007","0","0"
"BP75.3 .M348 2011","1","0"
"KZ904.A7 1828 Q39 2012","0","0"
"B740 .I57 2010","0","0"
"B740 .I57 2010","0","0"
"B753.M84 H36 2011","0","0"
"BP173.7 .A45 2007","1","0"
"DS325.T14 M37 1973","1","0"
"B753.M84 F39 2009","0","0"
"JQ1789.A795 H87 2012","0","0"
"B741 .A84 2006","0","0"
"KBP453 .A95 2005","1","0"
"BP192 .T368 2011","0","0"
"PT2681.T3234 V4 2014","0","0"
"PG3485.E38 Z338 2001","1","0"
"PN56.T5 T46 2014","0","0"
"PN2934 .S63 2000","0","0"
"GV943.9.S64 A48 2012","1","0"
"PN1993.5.K6 K48 2002","0","0"
"PQ7798.23.U497 L89 2013","0","0"
"PQ7671 .B647 2013","0","0"
"DR63 .D547 2005","0","0"
"PR9199.4.B378 D47 2014","0","0"
"PN5414 .U754 2001","0","0"
"PQ7765.7.G38 T43 2013","0","0"
"PQ1993.L65 N44 2014","0","0"
"PG5439.29.I354 D54 2012","1","0"
"PT2671.A274 J4 2014","0","0"
"PQ7081.A1 C66 2011","1","0"
"PT2685.I467 W56 2014","0","0"
"PN1995.5 .B497 2014","0","0"
"PN1990.6.K6 C46 2001","0","0"
"PQ7298.22.A95 M43 2014","0","0"
"PG1418.C63 Z48 2011","1","0"
"BL1975 .L45 2013","0","0"
"PQ7298.15.S69 P53 2014","0","0"
"NX650.E7 M46 2014","0","0"
"PQ7761.H83 H34 2013","1","0"
"HN110.5.A8 P38 2013","0","0"
"HD1516.U8 E27 2013","0","0"
"PT2667.E54 B44 2014","0","0"
"DB957 .O732 2006","0","0"
"BS445 .K56 2014","0","0"
"GV41 .K73 2014","0","0"
"BR158 .R73 2014","1","0"
"DD901.K3 K76 2014","0","0"
"D547.N5 E53 2014","0","0"
"RA567.5.I4 S56 2012","0","0"
"DR2079 .K67 1990","0","0"
"PN6790.U84 C58 2014","1","0"
"DK508.79 .L58 n.s., t.23","0","0"
"PG1619.1.M288 T72 2012","1","0"
"PG1620.3.O26 E65 2009","0","0"
"PN3790.A7 R43 2013","0","0"
"F2849.2 .L49 2013","0","0"
"D640 .M468 2014","0","0"
"B1618.C74 Z44 2013","0","0"
"PK6561.A3792 D55 2007","0","0"
"PN6790.U83 S25 2014","1","0"
"DS797.32.S446 S445 2014","0","0"
"PQ7298.432.I433 S55 2011","1","0"
"PQ7298.432.I433 S65 2013","1","0"
"PQ7298.432.I433 D47 2013","1","0"
"PQ7298.432.I433 E77 2011","1","0"
"BF789.D5 S66 2014","0","0"
"DS799.82.S585 A3 2013","1","0"
"DS799.82.S585 A3 2013","1","0"
"DS799.82.S585 A3 2013","1","0"
"RA441 .C65 2014","0","0"
"JQ247 .K43 2013","0","0"
"B132.C6 C65 2013","0","0"
"DC242 .G56 2014","1","0"
"PQ7298.432.I433 C35 2010","0","0"
"BS2554.H8 B82 2002","0","0"
"DS799.82.S54 A3 2013","0","0"
"PJ7814.S4 Q3913 2014","4","0"
"PQ7298.432.I433 L53 2009","0","0"
"PQ7298.432.I433 M37 2011","0","0"
"DL42.L36 K46 2014","0","0"
"PN6110.7 .B48 2014","2","0"
"PQ7298.432.I433 F87 2008","0","0"
"PS645.P7 2014","3","0"
"PN2080 .B46 2014","1","1"
"DS797.48.S85 S858 2013","0","0"
"BQ8718.3 .S46 2013","0","0"
"BR165 .F375 2014","1","0"
"PQ7298.432.I433 N38 2007","0","0"
"PN6737.H393 W6 2014","0","0"
"PQ7298.432.I433 C36 2008","0","0"
"PQ7298.432.I433 M5 2005","0","0"
"PQ7798.412.R58 U48 2013","0","0"
"DS485.M47 P47 2014","0","0"
"GN58.I4 B74 2013","0","0"
"HQ1745.A53 V36 2014","0","0"
"DS796.T543 Z466 2013","0","0"
"PR6053.U825 O95 2014","15","0"
"DS480.84 .Y33 2013","0","0"
"PQ7798.1.I7 T47 2013","0","0"
"PR6063.C515 H36 2013","1","0"
"K3988.2.I4 S55 2014","0","0"
"U55.S4443 A3 2013","0","0"
"HD82 .S346 2013","0","0"
"PQ2706.E764 S4713 2014","0","0"
"HX313.8.T76 T76 2013","1","0"
"HV6248.S65 A3 2013","0","0"
"DT156.4 .R63 2014","0","0"
"PR9490.9.M66 W44 2013","0","0"
"PN1994 .A284 2014","0","0"
"PT2671.E424 H5 2014","0","0"
"HV551.5.I5 I575 2013","0","0"
"BT304.3 .A76 2014","0","0"
"HQ1769.Y86 C45 1995","0","0"
"DD414 .K56 2014","0","0"
"HQ1246 .D44 2014","1","0"
"F2936 .E88 2013","0","0"
"PQ7797.W48 Z75 2012","0","0"
"DD247.H5 M52413 2014","0","0"
"DD247.H5 F458 2014","0","0"
"P107 .N864 2014","0","0"
"CB351 .E78 2014","0","0"
"PT2666.R35316 R53 2014","0","0"
"PT2681.T6916 R4 2014","0","0"
"D792.C95 S725 2013","0","0"
"PG5024 .V27 2013","0","0"
"BP192 .T368 2011","0","0"
"PG5002.5.P8 S65 2014","0","0"
"BJ1031 .B38 2014","0","0"
"BJ1012 .A445 2014","0","0"
"R510 .R47 2014","0","0"
"DD881.3 .D46 2014","0","0"
"PG5040.23.E782 P72 2014","0","0"
"DB2626 .W255 2014","0","0"
"PQ7798.23.A77 U5 2014","0","0"
"PQ8520.417.O59 I53 2014","0","0"
"PQ8520.28.O75 C66 2014","0","0"
"PQ7201 .M38 2013","0","0"
"HQ1236.5.G7 W65 2014","0","0"
"PQ7798.14.O385 B74 2013","0","0"
"PR9417.5.E54 M48 2013","0","0"
"PS3562.U87 A6 2014","0","0"
"PS153.H56 V54 2014","6","0"
"PQ7298.22.O5926 A85 2014","0","0"
"PQ7298.16.A33 H663 2014","1","0"
"PQ7298.413.A418 S663 2013","0","0"
"DT159.94 .S63 2014","0","1"
"PG5040.12.O76 O52 2014","1","0"
"PQ2603.A52 J3414 2007","0","0"
"PQ4835.A3 Z5895 2012","0","0"
"PT2666.R3532 W54 2014","0","0"
"PG5038.L57 A6 2011","0","0"
"DT530.5.L42 A77 2014","2","1"
"P302.7 .P66 2014","0","0"
"BP173.75 .G87 2014","1","0"
"PR6108.A46 R47 2014","0","0"
"PT2663.Z46 Z48 2014","0","0"
"PR6107.A462 T68 2014","0","0"
"PQ7298.412.E66 N38 2013","0","0"
"PR6056.R88 Z466 2014","4","0"
"B105.B64 T75 2014","3","0"
"PT2667.L283 E95 2014","0","1"
"PH2640 .O67 1974","1","0"
"PH2640 .O67 1974","1","0"
"PQ7797.C84 P37 2013","0","0"
"PR9570.S64 V64 2014","0","0"
"PQ7298.422.O33 L38 2013","0","0"
"PB1689 .B36 2014","0","0"
"PQ8520.424.U52 Y84 2014","0","0"
"PN1995.9.D6 H84 2014","2","0"
"PQ8520.26.A6583 S65 2014","0","0"
"PH2640 .O73 1974","1","0"
"PH2640 .O73 1974","1","0"
"PQ8520.17.A69 R44 2014","0","0"
"PN1997.T86 K37 2014","5","0"
"PG5038.N4558 P65 2013","0","0"
"DB2244 .S48 2013","0","0"
"F3126 .I57 2013","1","0"
"PR3510.A5 C35 2013","3","2"
"PA6675 .W55 2014","2","0"
"HV9471 .G76 2014","4","0"
"PS74 .L584 2014","0","0"
"KD621.M3 P68 2013","0","0"
"PH3382.29.E737 A6 2013","0","0"
"PS3558.O34754 A6 2014","0","0"
"D568.5 .R87 2014","6","1"
"PS3563.A858 D54 2014","0","0"
"PQ7797.B517 Z54 2012","0","0"
"BL1225.K83 M34 2013","0","0"
"HG1235 .R47 2012","0","0"
"PQ8520.422.U2 A6 2014","0","0"
"PQ7297.P285 Z9635 2009","0","0"
"UG1525.I4 S56 2014","0","0"
"PQ8520.426.H55 C83 2014","0","0"
"PS3601.N5488 W67 2014","0","0"
"F2801 .C66 2013","0","0"
"F2846.S24745 P453 2013","0","0"
"PN1997.A43 B43 2013","0","0"
"PG7051 .N557 2014","1","0"
"F2849.2 .B372 2013","0","0"
"PS3610.E55 C65 2014","0","0"
"BM755.S295 Z48 2014","1","1"
"PL8026.K45 I58 2008","0","0"
"HC232 .A43 2014","0","0"
"PQ7203.2 .H475 2014","0","0"
"PQ7798.416.E78 N56 2013","0","0"
"BP130 .M537 2014","0","0"
"PN2888.V3 A3 2013","0","0"
"PG5040.21.U52 P22 2014","1","0"
"PR6056.I8 A6 2014","0","0"
"PG5040.26.R645 K27 2014","0","0"
"PG5040.28.O44 N45 2013","0","0"
"PG5040.32.A64 V57 2014","1","0"
"BV4501.3 .H34584 2014","0","0"
"DB2500.S54 C35 2013","0","0"
"PN6110.P4 A777 2014","0","0"
"PG3483.I435 D43 2014","1","0"
"BP172 .M88 2014","0","0"
"HD7105.35.I5 S23 2013","0","0"
"DS422.C3 C38444 2014","1","0"
"DS422.C3 C38444 2014","0","0"
"HV4546.B36 N43 2014","0","0"
"DS481.G36 M85 2014","0","0"
"D810.S7 C5435 2014","0","0"
"PN4181 .K667 2014","0","0"
"PK6465 .Z873 2002","0","0"
"PK6465 .Z873 2002","0","0"
"DS316.85 .A75 2001","1","0"
"DS316.85 .A75 2001","0","0"
"DS316.85 .A75 2001","0","0"
"PQ8520.14.I13 D6 2014","0","0"
"DS272 .R4875 2002","1","0"
"DS272 .R4875 2002","0","0"
"DS272 .R4875 2002","1","0"
"DS272 .R4875 2002","1","0"
"PG2950 .E548 2014","0","0"
"PG3482.6.H315 M588 2014","1","0"
"DK266 .M367 2014","0","0"
"PK6540 .A1 2002","0","0"
"E125.N9 V37 2014","3","0"
"E176.49 .W58 2014","1","0"
"BL477 .G53 2014","3","0"
"PS3523.O46 Z9955 2014","0","1"
"PS374.N4 S45 2014","0","0"
"E183.8.C5 X8 2014","0","0"
"DC249 .V45 2014","3","0"
"PA3968 .D31 2014","2","0"
"D107 .D38 2014","0","0"
"B721 .F283 2014","1","0"
"E184.C97 H385 2014","0","0"
"D792.J3 C63 2014","1","0"
"PJ5021 .H37 2014","0","0"
"DS122.8 .H73 2014","0","0"
"PJ7876.A9 Z833 2014","2","0"
"PQ6351 .S33 2014","2","0"
"F157.D4 S68 2015","1","0"
"E470 .W38 2014","0","0"
"E457.5 .S794 2014","0","0"
"BP75.3 .A454 2014","6","0"
"PA6480 .T73 2014","0","0"
"PS325 .W47 2014","4","0"
"PA3821.Z5 S64 2014","2","0"
"E184.M5 F65 2014","4","0"
"E377 .E34 2014","0","0"
"BJ2101 .O54 2015","3","0"
"F391.C28 S36 2014","0","0"
"BP194.2 .D755 2014","2","0"
"PS2642.P63 M34 2014","2","0"
"PR691 .C48 2014","0","0"
"PR457 .C69 2014","2","0"
"PR595.W6 H37 2014","0","1"
"PS3564.E467 A6 2014","0","0"
"PS3557.O7554 S88 2014","0","0"
"PS3566.Y55 Z653 2014","1","0"
"B128.H66 E5 2014","3","0"
"HD8081.M6 R66 2014","0","0"
"D141 .C36 2014","6","3"
"PN56.P92 R28 2014","5","0"
"F386 .D57 2014","0","0"
"BL480 .F58 2014","1","0"
"PN1995.9.H5 R36 2014","2","2"
"PS374.M395 B84 2014","1","0"
"PS3552.A45 Z596 2014","6","1"
"PS3568.A446 A6 2014","1","0"
"PN212 .C55 2014","1","0"
"PR478.M6 G49 2014","0","0"
"DR1755.K37 D66 2014","1","0"
"PR2976 .S33718 2014","2","0"
"HQ76.2.U5 W45 2014","1","0"
"KMH40.P64 T39 2003","0","0"
"PT2625.A44 Z6555 2014","0","0"
"DK4435.K87 K87 2014","0","0"
"DS316.6 .B54 1987","1","0"
"PG7023.E87 M37 2014","0","0"
"DS316.85 .R87 1999","0","0"
"DT295.5 .B647 2013","0","0"
"D805.5.S755 G354 2014","0","0"
"DS316.6 .J36 2002","0","0"
"HQ1610.V54 H47 2014","1","0"
"GV943.6.C54 K54 2013","0","0"
"PG5038.P64 D817 2014","1","0"
"F2829 .G85 2013","0","0"
"PK6562.26.A97 S54 2013","0","0"
"DS864 .F825 2013","0","0"
"DS135.P6 Z933 2013","0","0"
"PG7158.M51 H647 2014","0","1"
"N61 .K87 2014","0","0"
"GT3284.A2 I43 2013","0","0"
"F1065.P6 A43 2013","0","0"
"P95.55 .A8812 2014","0","0"
"PT1608.R45 K74 2014","0","1"
"JN96.A58 M54 2014","0","0"
"BM712 .D43 2014","1","0"
"BP173.7 .F36 2014","0","0"
"CS868.V65 T96 2013","0","0"
"HQ1075.5.J3 K564 2014","0","0"
"DT295 .G37 2014","1","0"
"PQ2662.R8255 E83 2014","0","0"
"PA3865 .Z5 2014","0","0"
"DK4446 .B64 2014","1","0"
"PG7158.B742 A4 2014","0","0"
"DS119.76 .J368 2013","0","0"
"DK4121 .L44 2014","0","0"
"PN5355.P6 Z92355 2014","1","0"
"PN2859.P66 N694 2014","0","0"
"PG7177.Y55 P37 2013","0","0"
"PG6703 .J49 2014","0","0"
"PG6703 .J49 2014","0","0"
"GR195 .P79 2013","0","0"
"PG7185.A28 Z93 2013","0","0"
"JN1370 .S36 2014","2","1"
"PG7080 .L563 2013","0","0"
"P327.45.E85 C65 2014","0","0"
"HG2611.O5 H538 2014","0","0"
"PN1992.77.A573 P39 2014","2","0"
"HE356.U55 K46 2014","0","0"
"JN96.A58 P478 2014","0","0"
"H51 .H5754 2014","1","0"
"G582.N8 J64 2014","0","0"
"HF3590.G4 D38 2015","0","0"
"E78.W3 K45 2014","2","0"
"K7128.S7 N38 2014","0","0"
"E99.E7 W75 2014","0","0"
"JA84.U5 N35 2014","2","1"
"K230.F57 R63 2014","1","0"
"JC327 .L584 2014","0","0"
"G615 .N385 2014","1","0"
"HD30.2 .S325 2014","2","0"
"JZ1405 .R37 2014","0","0"
"LC3725 .N88 2014","0","1"
"HB523 .S5325 2014","2","0"
"HM1271 .I58 2014","1","0"
"HV9475.O5 S53 2014","0","0"
"E61 .P15 2014","2","0"
"GT3930 .H39 2014","3","0"
"JZ1747 .H46 2014","0","0"
"PN1992.5 .L68 2014","2","0"
"HD8081.M6 S36 2014","0","0"
"TX770.T65 M67 2014","1","0"
"HC110.E5 B724 2015","2","0"
"HQ1075 .U567 2014","0","0"
"PN5477.P6 S26 2014","1","0"
"BP80.F36 Z59 2001","1","0"
"HD8039.A4 A27 2014","3","0"
"HV9950 .W4185 2014","0","0"
"HG5424.5 .M38 2014","0","0"
"HQ792.A85 D75 2014","0","0"
"HD50 .B76 2014","0","0"
"HB501 .L8745 2014","1","0"
"JZ6300 .P38 2014","0","0"
"JZ1305 .C434 2014","0","0"
"HQ789 .C45 2014","0","0"
"HQ803.5 .C64 2014","1","0"
"HG178.3 .C66 2014","0","0"
"HD8072.5 .A759 2014","5","0"
"JS7193.A3 L26 2014","0","0"
"JA71 .S449 2014","3","0"
"JF2051 .B64 2014","0","0"
"LB2331.2 .V36 2014","0","0"
"HN380.Z9 C6485 2014","0","0"
"KF4865 .C66 2014","0","0"
"HD87 .A757 2014","0","0"
"JN2959 .W45 2014","0","0"
"JZ1480.A5 R84 2014","0","0"
"HD82 .M367 2014","0","0"
"HQ612.7 .S29 2014","0","0"
"HD62.25 .H34 2014","1","0"
"HD9940.A2 A353 2014","1","0"
"HV551.5.P6 M38 2014","0","0"
"JC423 .M36 2014","0","1"
"JN40 .B55 2014","0","0"
"HD58.7 .O244 2014","3","0"
"HV1448.A3 G35 2014","0","0"
"HM1271 .M85 2014","2","0"
"BF723.M54 N37 2014","2","0"
"P95.82.U6 K55 2014","1","0"
"JZ5584.I5 D53 2014","0","0"
"HV6432 .R56 2014","4","0"
"JA85.2.E85 P68 2014","0","0"
"JZ1480 .S358 2014","0","0"
"BF575.D35 B35 2014","1","0"
"JQ3585.A58 S53 2014","0","0"
"HC467 .S68 2014","0","0"
"PN1992.77.S84 S875 2014","2","0"
"PN4784.T73 T73 2014","0","0"
"HD30.23 .L578 2014","1","0"
"E99.C88 M48 2014","0","0"
"BF575.S37 K37 2014","1","0"
"H62.2 .V53 2015","1","0"
"GN388 .V56 2014","3","1"
"LC3725 .V57 2014","0","0"
"BF575.H27 A445 2014","1","0"
"JK2071 .B63 2014","5","0"
"HB3722 .G35 2014","0","0"
"HN740.Z9 I5623 2014","0","0"
"LB3081 .S48 2014","1","0"
"HN25 .W49 2014","1","0"
"HM821 .D6697 2014","2","0"
"LB1072 .I67 2014","4","0"
"PN4815.2 .P47 2015","2","0"
"JC578 .B355 2014","1","0"
"HD8806.A5 N389 2014","1","0"
"HQ799.5 .M448 2014","0","0"
"LB1029.T4 M858 2014","1","0"
"JC121.A8 B78 2014","1","0"
"DS530.65 .P75 2014","0","0"
"HD4145 .M44 2014","4","0"
"G70.4 .R63 2014","0","0"
"LA229 .R47 2014","0","0"
"GN476.7 .H46 2014","0","0"
"JK468.I6 E64 2014","2","1"
"HD9502.5.W552 B33 2015","0","0"
"PG7070 .S98 2014","1","0"
"PQ4634.S224 Z735 2014","0","1"
"BP189.2 .A96 2001","0","0"
"PA8540.K6 Z63 2014","0","0"
"PN2053 .B43 2014","0","0"
"BP130 .K48 1996x","0","0"
"PG7158.I82 S66 2014","0","1"
"PA3265 .D74 2014","0","0"
"PR9499.3.D4867 O93 2014","1","0"
"JZ1763 .D43 2014","0","0"
"BP194.5.G45 F37 2006","1","0"
"PA6661.E8 D54 2014","0","1"
"DS134.66.B53 B535 2014","0","0"
"HV6433.A72 C66 2013","0","0"
"ND699.R425 S844 2013","0","0"
"BP193.22.A3 Z59 2003","1","0"
"DK83 .K58 2013","0","0"
"PQ7081 .P559 2013","0","0"
"PQ8520.413.O44 A63 2014","0","0"
"DT450.435 .L844 2013","0","0"
"DD290.3 .H87 2014","0","1"
"DS316.9.Z335 A3 2002","1","0"
"PQ8520.41.E37 N68 2014","0","0"
"PG7158.Z42 S745 2014","0","0"
"PQ8518 .C83 2014","0","0"
"PQ8520.22.I8 Z84 2014","0","0"
"HN723.5 .S56 2013","0","0"
"PG7158.H55 A4 2014","0","0"
"PK6525 .Q36 2005b","0","0"
"BX1567.W64 W39 2014","0","0"
"DT295 .M39213 2013","1","0"
"DS294 .S16 2013","0","0"
"PQ6041 .B87 2014","0","0"
"PQ6666.A48 A6 2014","0","0"
"H57 .F76 2013","0","0"
"DS316.9.M67 A3 2002","0","0"
"DK4800.K77 D95 2014","0","0"
"PR6113.A986 S54 2014","0","0"
"BF637.S4 M884 2005","1","0"
"PS3573.O525 Z88 2013","0","0"
"HF5414 .D47 2013","0","0"
"PK6423 .J36 1999","2","2"
"PS3611.R534 I58 2014","0","0"
"DK4442 .J36 2014","0","0"
"NC1710 .S65 2013","0","0"
"LC3950 .A36 v. 26","1","0"
"PK6561.J3 Q3 2003","0","0"
"PR9499.3.S576 R43 2013","0","0"
"PK6465 .Z873 2002","0","0"
"PK6465 .Z873 2002","0","0"
"PQ6398.G4 E55 2014","0","0"
"HQ670 .K758 2013","0","0"
"RA790.7.I7 S23 1999","0","0"
"P92.G75 I5353 2014","2","0"
"DG675.6 .S5 1994","0","0"
"DS775.7 .S73 2014","0","0"
"HQ684 .C46 2002","0","0"
"BP166.93 .I43 2005","0","0"
"BR303 .E413 2014","0","0"
"DS292 .A83 2003","0","0"
"HV6219 .K738 2014","0","0"
"B3318.K7 T45 2014","0","0"
"PK6561.P54 D3 1977","2","1"
"PQ2662.O785 V464 2014","0","0"
"PN1968.G7 B69 2014","0","0"
"PC1910 .B364 2014","0","0"
"DP270 .I43 2014","1","0"
"PQ6287 .P75 2014","0","0"
"BP80.N79 M57 2001","0","0"
"BP80.N79 M57 2001","0","0"
"PN2888.U88 C46 2013","0","0"
"PQ4085 .M55 2014","0","0"
"DS485.K66 K43 2013","0","0"
"DG867.13 .T73 2014","2","0"
"PA6519.A73 B43 2014","0","0"
"DD78.M87 E83 2013","1","0"
"JQ292 .K865 2013","0","0"
"PQ6703.A77 H84 2014","0","0"
"PK6561 .S45 2003","0","0"
"PK6561 .S45 2003","0","0"
"JN1998.8 .P386 2014","0","0"
"PQ7798.14.A38 D5 2013","0","0"
"GV200 .H64 2014","0","0"
"PQ7298.18.I65 E56 2014","0","0"
"JC49 .S62 2013","0","0"
"PQ7269.2 .G73 2013","0","0"
"PK6481 .D4 2005b","0","0"
"PK6481 .D4 2005b","0","0"
"BQ4570.S7 S92 2006","0","0"
"HJ1334 .S87 2013","0","0"
"PG5039.12.R35 O166 2014","0","0"
"DS281 .R35 2002","0","0"
"DS281 .R35 2002","1","0"
"DS281 .R35 2002","0","0"
"DS281 .R35 2002","0","0"
"HV7911.D455 A3 2013","0","0"
"PG7177.Y47 S92 2014","0","0"
"PG7170.A214 T66 2014","0","0"
"PG7226.Y46 N54 2014","0","0"
"JQ220.M5 D54 2012","0","0"
"PG7178.Z9 C92 2014","0","0"
"DK32 .A39425 2013","0","0"
"DB2111.Z59 T66 2014","0","0"
"N6827 .E23 2013","0","0"
"PR6037.A35 Z56 2014","2","0"
"PR9499.3.S88 H68 2013","1","0"
"PR9499.4.K44 T73 2013","0","0"
"DT295.5 .A44 2014","0","0"
"PR9499.4.B345 H85 2013","0","0"
"HD5014 .R46 2014","0","0"
"PR9499.4.R694 W45 2013","0","0"
"PR9499.3.R314 U53 2013","0","0"
"PQ4804 .M3695 2014","0","0"
"BR162.3 .C45 2014","1","0"
"BR162.3 .C45 2014","1","0"
"N7093.L343 V85 2009","0","0"
"HD4802 .R42 v. 39","0","0"
"DK771.K5 A55 2013","0","0"
"PQ7245 .E47 2013","0","0"
"B2799.M25 T37 2012","0","1"
"D838.G3 R87 2014","0","0"
"PE1 .C66 n.s., v.203","0","0"
"PN1993.G5 P583 2014","0","0"
"P85.S18 A4 2014","0","0"
"BD450 .P527 2014","0","0"
"PQ2706.R57 I53 2014","0","0"
"B2637.Z7 C35 2014","1","0"
"PN56.A23 A79 2014","3","0"
"E457.2 .K365 2014","1","0"
"B809.8 .Z585 2014","2","0"
"DT30.5 .O784 2014","2","1"
"PS169.S42 Y36 2014","0","0"
"D811.F312 P45 2014","0","1"
"BP130.45 .W55 2014","1","0"
"E355 .A73 2014","0","0"
"BL2747.3 .B39 2014","2","1"
"DT193.5.B45 R63 2014","1","0"
"PR4147 .P48 2014","0","0"
"PR658.D65 B35 2014","1","0"
"PS3558.A32357 A6 2014","0","0"
"PN1009.A1 R89 2014","1","1"
"BX1545 .D39 2014","0","0"
"HQ1587 .C43 2014","2","1"
"PA3015.P67 C66 2014","6","0"
"E183.8.C5 G324 2015","1","0"
"BL87 .C68 2014","0","0"
"BL87 .C68 2014","0","0"
"BL87 .C68 2014","0","0"
"HQ222 .L48 2015","1","0"
"PR6023.A93 Z56655 2014","1","0"
"DS797.82.N437 B448 2014","0","0"
"PS231.S47 P69 2014","0","0"
"BP173.4 .O76 2015","3","0"
"DT20 .M47 2014","6","0"
"PN4055.U63 W43 2014","0","0"
"PR3605.N2 Z73 2014","5","0"
"B1657 .H47 2015","0","0"
"DF77 .S78 2014","2","0"
"DS143 .S228154 2014","7","0"
"PJ7942.H343 M3413 2014","3","0"
"DS98.6 .E75 2014","5","0"
"DP163 .D69 2014","4","0"
"PS3552.A45 Z97 2014","4","0"
"BS2601 .R35 2014","0","0"
"PR3729.T4 Z883 2014","0","0"
"HQ1180 .J68 2014","2","0"
"GV1049.2.T68 L46 2014","1","0"
"PG3476.J3 A2 2014","0","1"
"DT236 .L63 2014","1","0"
"PT9877.22.A65 L5913 2014","0","0"
"DS822.2 .L57 2014","1","0"
"PN56.P49 L58 2014","5","0"
"PN241 .L566 2014","3","0"
"BS2585.53 .S77 2014","2","0"
"PN1993.5.A1 M3845 2014","2","0"
"PQ6666.U35 Z89 2014","0","0"
"PN1993.5.U6 L59 2014","1","0"
"PR2826 .M47 2015","1","0"
"GV915.P54 W55 2014","0","0"
"DS195.5 .M3738 2014","0","0"
"PS3573.I47843 O63 2014","3","0"
"BT303.2 .O98 2014","1","0"
"E840.8.H536 A3 2014","1","0"
"DS504.5 .P37 2015","0","0"
"E185.86 .P89 2014","3","1"
"E185.86 .P89 2014","3","0"
"PR881 .R43 2014","0","0"
"BL639 .R447 2014","3","0"
"PS3568.O6345 R46 2014","0","0"
"PE1103 .L26 2014","0","0"
"DK510.766.M43 B53 2015","0","0"
"BL51 .S469 2014","1","0"
"PN56.P555 B37 2015","0","0"
"PR2991 .S72 2014","2","3"
"DB2078.P7 J47 2014","1","0"
"PQ7296.J6 A6 2014","2","1"
"PS3561.O6 A6 2014","1","0"
"PR6123.I55246 S86 2014","0","0"
"PS3509.L43 Z5997 2014","0","0"
"PR756.T72 K58 2014","2","0"
"HQ76.27.Y68 C66 2014","0","0"
"BJ1535.G6 W44 2014","4","0"
"E183.8.N4 B33 2014","0","0"
"PL992.18.I45 N3813 2014","1","0"
"PA4415.7 .R63 2014","2","0"
"PE1404 .W34 2014","0","0"
"BD331 .D34 2014","3","0"
"BT205 .B2513 2014","0","0"
"DA4 .J36 2014","0","0"
"BX4827.B57 R66 2014","2","0"
"PS3568.A572 C58 2014","22","0"
"PR9199.3.M42378 C56 2014","0","0"
"PL873.I53 K6513 2014","5","0"
"B2430.B274 A5 2014","1","0"
"PG3326 .P7 2014","14","1"
"PR9199.4.H3956 D37 2013","0","0"
"BD444 .F285 2015","2","0"
"BX9415 .C75 2014","1","0"
"PN3157 .A47 2015","1","0"
"PS3561.L339 D58 2014","1","0"
"PQ2673.A4865 E8313 2014","0","0"
"B105.E7 Z59 2014","6","0"
"BR118 .V365 2014","0","0"
"BS521.4 .F445 2014","1","0"
"BX830 1962 .F76 2014","1","0"
"BR1640 .G56 2014","0","0"
"E169.12 .H365 2014","3","1"
"PR5132 .O88 2014","1","0"
"DS274 .H86 2014","2","0"
"PJ7916.L37 I73 2013","1","0"
"PN1997.J64 M33 2014","0","0"
"PS3602.R5313952 J87 2014","0","0"
"PS2067 .A1 2014","2","0"
"HQ77.8.M385 A3 2014","4","0"
"DA566.9.H283 C85 2014","0","0"
"PS3618.O536 M38 2014","4","0"
"BL65.C53 M48 2014","0","0"
"PN1995.9.P7 P68 2014","0","1"
"HQ1170 .O67 2014","2","0"
"B2430.D454 M53 2014","2","0"
"PQ2672.A6875 O8613 2014","0","0"
"PS3561.O83 O97 2014","0","0"
"PN1995.9.T46 W47 2014","1","0"
"D762.P3 A74 2014","1","0"
"PL994.62.M56 C4813 2014","2","0"
"PS3558.O8826 P76 2014","0","0"
"PS3603.O4392 P76 2014","1","0"
"PJ4583 .R49 2014","1","0"
"PR6107.I26 R36 2014","0","0"
"B125 .R43 2014","2","0"
"PL992.24.I43 U5813 2014","0","0"
"PN2888.S125 L39 2014","0","0"
"PL991.415.N3 T3413 2014","0","0"
"TX370 .B67 2014","1","0"
"D521 .S454 2014","4","0"
"PS3607.U799 A6 2014","1","0"
"PL992.18.I48 K913 2014","2","0"
"PJ7838.B7173 T3513 2014","0","0"
"DF261.A8 T54 2014","2","0"
"PA3465 .A1 2014","0","0"
"BS2595.52 .M315 2014","2","0"
"PS3604.O635 T74 2014","2","0"
"DK508.849 .K8713 2014","1","2"
"BJ1461 .B686 2014","0","0"
"PS3573.H47445 A6 2014","3","0"
"PR9199.4.R583 W35 2014","1","0"
"PS3608.U59496 W43 2014","3","0"
"B105.E9 D45 2013","0","0"
"PN56.G45 C66 2014","1","0"
"PQ7298.36.A6 C66 2014","0","0"
"PQ4873.A69143 S27 2014","0","0"
"B2750 .K28 no. 179","0","0"
"PH3351.S579 M54 2013","0","0"
"DD247.H5 G535 2014","0","0"
"PG4511 .K29 2013","0","0"
"PG3199 .G53713 no. 60","0","0"
"PN1995.9.A3 A38 2014","0","0"
"HF3630.2.Z5 R37 2014","0","0"
"DS266 .R3 2002","0","0"
"DS266 .R3 2002","0","0"
"DS266 .R3 2002","0","0"
"DS266 .R3 2002","1","0"
"DS266 .R3 2002","0","0"
"DS266 .R3 2002","0","0"
"DS266 .R3 2002","0","0"
"DS266 .R3 2002","0","0"
"DS266 .R3 2002","1","0"
"DS266 .R3 2002","0","0"
"PQ8519.A5 Z584 2014","1","0"
"B2949.N3 B43 2014","0","0"
"DK274 .M67 2013","0","0"
"PQ7297.B33 L6 2011","0","0"
"PG3350.7 .M36 2014","0","0"
"PT2681.T6916 P64 2014","0","0"
"PN56.U8 F548 2014","0","0"
"JK516 .M477 2014","1","0"
"HM479.S67 S24 1999","0","0"
"PK6561 .A7 2005","0","0"
"DS835 .I89 1962","0","0"
"DS835 .I89 1962","0","0"
"DS835 .I89 1962","0","0"
"DS835 .I89 1962","0","0"
"DS835 .I89 1962","0","0"
"DS835 .I89 1962","0","0"
"DS835 .I89 1962","0","0"
"DS835 .I89 1962","0","0"
"DS835 .I89 1962","0","0"
"DS835 .I89 1962","0","0"
"DS835 .I89 1962","0","0"
"DS835 .I89 1962","0","0"
"DS835 .I89 1962","0","0"
"DS835 .I89 1962","0","0"
"DS835 .I89 1962","0","0"
"DS835 .I89 1962","0","0"
"DS835 .I89 1962","0","0"
"DS835 .I89 1962","0","0"
"DS835 .I89 1962","0","0"
"DS835 .I89 1962","0","0"
"DS835 .I89 1962","0","0"
"DS835 .I89 1962","0","0"
"DS835 .I89 1962","0","1"
"DK510.35.T38 N38 2013","0","0"
"DK651.T966 P47 2014","0","0"
"PT2668.A5 Z6475 2014","0","0"
"PM20 .K87 2012","0","0"
"RA790.7.I7 S235 1960","2","0"
"PG5040.23.A77 S45 2013","1","0"
"PK6458 .S224 2006","1","0"
"DC419.D44 B38 2014","0","0"
"PT2609.N9 U53 2014","0","0"
"DK209.6.P38 A3 2014","0","0"
"JZ1318 .G67943 2013","0","0"
"PQ2607.E834 Z776 2014","1","0"
"PQ2679.E4 Z80 2014","0","0"
"DS916.594.C5 S56 1999","0","0"
"DK511.T17 B458 2014","0","0"
"DK600.2 .M348 2014","0","0"
"DS916.55 .C4389 2004","0","0"
"DK4600.T27 Z94 2013","0","0"
"PL976.4 .M86 2007","0","0"
"PG2950 .G52 2013","0","0"
"DK511.N7 I56 2014","0","0"
"PH3017 .R59 2013","0","0"
"HM1266 .B368 2013","0","0"
"B3357.Z7 K83 2014","0","0"
"PK9201.A99 G458 2013","0","0"
"PG1419.32.I29 U7 2014","0","0"
"BD460.O74 V57 2012","0","0"
"B3192 .K85 2014","0","0"
"BT738 .S975 2014","0","0"
"PG5039.18.R2 Z952 2014","0","0"
"PN1995.9.D6 F7362 2014","2","1"
"JC574.2.E85 R45 2014","0","0"
"BX601 .M4873 2014","1","0"
"BF311 .C8375 2014","0","0"
"DB919 .K57 2013","0","0"
"JC381 .T55 2013","0","1"
"BL65.W2 R53 2014","1","0"
"DS485.B49 B37 2013","0","0"
"D754.B36 R57 2013","0","0"
"PQ2671.O52 D363 2014","0","0"
"BS2625.6.S6 M67 2014","0","0"
"PQ2191.Z5 T44 2014","0","0"
"HD9736.I42 S55 2013","0","0"
"DR2118 .P67 2013","3","0"
"HD6786.Z65 M87 2013","0","0"
"PN5214.W58 D57 2014","0","0"
"DS325.T3 B35 1988","1","0"
"BQ7980.2 .N343 2012","0","0"
"PQ307.W4 L48 2014","0","0"
"DC129 .B374 2013","1","0"
"P92.I4 H66 2013","1","0"
"JN2959 .B287 2014","0","0"
"CS3020 .Z36 2007","0","0"
"HD4870.G7 V56 2014","0","0"
"PQ433 .B75 2014","0","0"
"DS486.D3 R86 2013","0","0"
"PQ3979.2.M28 Z73 2014","0","0"
"DS796.H75 Z448 2014","0","0"
"DS779.49.Z469 L5 2014","0","0"
"BR936 .P768 2014","0","0"
"PK6406 .Z367 2004","0","0"
"PL4718.9.V32 R36813 2013","1","1"
"HB2100.M86 D76 2010","0","0"
"F2936 .W47 2013","0","0"
"DK510.763 .L5565 2014","0","0"
"PK6415 .Z2 2002","0","0"
"D521 .P433 2014","1","0"
"PL2938.5.A58 B35 2014","0","0"
"PN86 .Z37 1993","0","0"
"DS779.49.X53 L57 2014","2","0"
"DS432.A55 M88 2013","0","0"
"PQ2673.A36345 S64 2014","0","0"
"DC198.G47 J67 2014","0","0"
"DS288 .Z385 2004","1","0"
"PR9495.25 .I536 2013","0","0"
"PR9499.4.S837 B365 2013","0","0"
"LA603 .V45 2014","0","0"
"DS316.85 .R55 1999","1","0"
"PN6268.M65 M96 2009","0","0"
"PN1992.4.R34 A3 2013","0","0"
"DS778.M24 M24 2014","5","0"
"PQ536 .D58 2014","0","0"
"PK6481.M6 J36 2000","1","1"
"DS779.49.Z468 S86 2014","3","0"
"F2849.2 .Z53 2013","0","0"
"PK2141.E8 A46 2013","0","0"
"PR9499.4.W352 M93 2013","0","0"
"PQ2285 .H8165 2006","1","0"
"PN6277.P4 M87 2004","0","0"
"F2729 .A43 2013","0","0"
"PR9199.4.M83755 C46 2011","0","0"
"PK6561 .A373 1994","2","0"
"PK2579.M288 A2 2012","0","0"
"F2951 .A39 2013","0","0"
"D805.F8 T49 2014","0","0"
"PQ7798.23.E28 Y44 2013","0","0"
"PR5484 .H3 2014","0","0"
"BT708 .C67 2014","0","0"
"PN1998.3.R69 R36 2009","0","0"
"PN1998.3.S46 R39 2009","0","0"
"JL2020.S8 L53 2013","0","0"
"PQ7798.3.E34 M35 2013","0","0"
"PK6482 .H37 2003","0","0"
"B2430.W474 K84 2014","0","0"
"PQ2609.L75 Z7137 2013","0","0"
"BL65.V55 A76 2014","1","0"
"HD8530.2 .P5385 2013","0","0"
"HD70.C5 L8613 2014","0","0"
"JZ6009.M43 A73 2015","1","0"
"PR6113.A5495 A54 2014","0","0"
"DS111.1 .P38 2014","0","1"
"PQ4029 .B277 2014","0","0"
"HV9713.5.S3 K65 2011","0","0"
"PN1992.77.Z45 G72 2014","0","0"
"P95 .P645 2013","1","0"
"PQ2676.E678 D56 2014","0","0"
"JL3698.N2 S54 2014","0","0"
"DS773.55.H66 X563 2011","0","0"
"PQ2713.U433 B94 2014","0","0"
"F2729 .G665 2014","0","0"
"PQ3949.2.C66 S35 2012","0","0"
"PL2912.A5153 Y3 2014","0","0"
"DK511.U7 P23 2014","0","0"
"DK510.76 .N388 2013","0","0"
"PQ2673.A768122 M47 2014","0","0"
"DS778.7 .W454 2014","0","1"
"PQ2713.O576 P58 2014","0","0"
"BF637.C74 L36 2014","1","0"
"DK602.5.T78 T73 2014","0","0"
"PQ7798.16.O53 N44 2013","0","0"
"PQ8520.13.O8 O43 2014","0","0"
"PQ7298.16.E73 S5 2012","0","0"
"PQ2703.A93 V54 2014","0","0"
"JC311 .B54 2014","0","0"
"JA71 .O74 2014","0","0"
"PL4204 .S883 1992","0","0"
"HD3532.56.A4 M85 2006","0","0"
"UC535.B35 L53 2014","0","0"
"HT135 .I34 2014","1","0"
"JC311 .V95 2013","0","0"
"HE310.C45 S24 2014","0","0"
"JA71 .P649 2014","0","0"
"LC213.52 .F88 2014","4","0"
"DK511.V37 Z45 2013","1","0"
"KMH56 .A28 2006","0","0"
"PT2668.U4 M4 2014","0","0"
"NX556.A1 A65 2014","0","0"
"PA85.M543 A3 2014","0","0"
"DK510.763 .D57 2014","0","0"
"LC208.8 .C37 2014","3","0"
"JC599.R9 G756 2014","0","0"
"B4231 .L34 2014","0","0"
"BL500 .B47 2014","0","1"
"DK510.763 .P388 2014","1","0"
"TG25.M36 W56 2004","0","0"
"Z325 .B66 2014","3","0"
"BP193.7 .R37 2002","1","0"
"HB113.I37 A5 2014","0","0"
"BX601 .M48265 2014","0","0"
"DK113 .G574 2014","0","0"
"HB501 .K26 2013","0","0"
"PG2987.C5 K53 2013","0","0"
"RM723.A27 P36 2010","0","0"
"HG3326 .F863 2012","0","0"
"PQ4865.C6 N6165 1986","0","0"
"PQ4865.C6 N6165 1986","0","0"
"DR1313.32.S27 Z67 2014","0","0"
"PQ3816 .R99 2014","0","0"
"PN49 .V68 2014","0","0"
"TF61 .S254 1994","0","0"
"PQ8518 .T73 2014","0","0"
"PQ2719.F37 P58 2014","0","0"
"HF1413 .P76 2014","0","0"
"PQ2607.E252 T3165","0","0"
"DK273 .S887 2014","0","0"
"DK34.K14 I933 2014","0","0"
"HQ792.T5 P7 1973","1","0"
"D539.5.C8 S65 2014","0","0"
"D539.5.C8 S65 2014","0","0"
"PQ7122.R4 C439 2013","0","0"
"PR5774.I5 P4 1988","0","0"
"DK93 .L43 2013","0","0"
"PQ2716.A3784 H66 2014","0","0"
"PQ7297.P285 Z85 2013","1","0"
"DS774 .Z46635 2012","0","1"
"PQ7297.P3 Z85 2014","0","0"
"HQ799.R92 N678 2014","0","0"
"PQ7296.J6 Z88 2014","0","1"
"HM500 .P67 2014","2","0"
"DK265.8.T955 S65 2013","0","0"
"JZ1308 .C75 2014","3","0"
"NX514.A3 N83 2013","0","0"
"NX514.A3 N83 2013","0","0"
"PQ4902.A7775 L49 2014","0","0"
"DS774.7 .H855 2012","0","1"
"DR1645.S68 M375 2014","0","0"
"GV1627 .R35 2013","0","0"
"PQ4861.N34 Z46 2014","1","0"
"GV1627 .R343 2013","0","0"
"PQ4835.A18 A6 2014","0","0"
"PN2312 .R36 2013","0","0"
"NA1034.5.F48 C37 2014","0","0"
"HN660.5.A8 P69 2013","0","0"
"DS33.1 .S57 2002","0","0"
"DG571 .P36 2014","0","0"
"GN635.B8 R65 1980","1","0"
"ND531 .S39 2014","0","0"
"DK4319.S54 S53 2014","0","0"
"PG7011.P5 K57 2013","0","0"
"HN660.5.A8 P69 2013","1","0"
"PR6051.R564 P374 2014","1","0"
"DA589.7 .M44 2014","0","0"
"PG3012 .R87 2014","0","0"
"PA3612 .A68 1973","2","0"
"PH3382.1.L52 S96 2013","1","1"
"DB2045 .N47 2014","0","0"
"PG5040.21.O825 B37 2014","0","0"
"PK6561.N86 C43 1988","0","0"
"DA334.W8 M388 2014","0","0"
"PC839.G5 H616 1989","0","0"
"PQ7296.L53 E69 2011","0","0"
"PQ2613.I2 A58 1991","0","0"
"PQ2613.A37 M916 1988","0","0"
"PN3448.P8 E316 1988","0","0"
"F1032 .D83413 2014","0","0"
"PL2877.C5363 Z53 2014","0","0"
"PL2877.C5363 Z53 2014","0","0"
"PE1475 .M87 2012","1","0"
"DS371.2 .H9516 1988","0","0"
"PQ2662.R763 Z46 2014","0","0"
"PN56.V53 R66 2014","0","1"
"BT767.8 .C66 2014","1","0"
"PN56.P555 F38 2014","0","0"
"JC599.U8 L47 2014","1","1"
"PN5516.S9 M67 2014","0","0"
"UB271.U52 S437165 1988","1","0"
"UB271.U52 S437165 1988","0","0"
"GT497.A35 A47 2014","0","0"
"T14.5 .C374 2014","5","0"
"LB1631 .M3938 2014","0","0"
"PR6015.I4735 A6 2013","1","0"
"E748.R673 S65 2014","2","1"
"PS3561.E3865 G65 2014","1","0"
"PS3558.A715 F5 2014","1","0"
"BS511.3 .E56 2014","3","0"
"PS3515.O655 G74 2011","0","0"
"LA2317.F94 N6 2014","1","0"
"PR1151 .T56 2013","1","0"
"LB2331.63 .U74 2007","2","0"
"PQ7298.436.A73 H66 2013","0","0"
"DS706.3 .Z566 2008","0","0"
"RC159.A5 M37 2014","3","1"
"PG3453.B84 I733 2013","0","0"
"HT1521 .S83 2014","4","1"
"PH3194.A5 Z643 2014","1","0"
"R575.C95 M225 2014","0","0"
"HV8073.H56 Y36 2013","0","0"
"HT1521 .R458 2014","2","0"
"HV6250.3.R8 K67 2014","0","0"
"HN530.8.C67 O85 2014","0","0"
"D809.S75 S66 2014","1","0"
"BT301.9 .P47 2010","1","0"
"ND699.N3668 N43 2014","0","0"
"DS119.76 .I874 2014","0","0"
"DK254.S595 P2 2014","0","0"
"PH3291.O85 Z54 2014","0","0"
"PN1995.9.P7 S7165 1986","1","0"
"HD70.J3 T87 1992","1","0"
"BR115.I7 T88 2010","0","0"
"PL2443 .R35 2012","0","0"
"DC62.2.V57 F477 2014","0","0"
"P121 .S626 2011","0","0"
"PS3525.I19 P6165 1985","1","0"
"PS3525.I19 P6165 1985","1","0"
"PL2515.5.M56 X56 2013","0","0"
"PL2515.5.M56 X56 2013","0","0"
"HJ2505 .S24 2013","0","0"
"F2791.C5 P6718 2014","0","0"
"HS125 .A65165 1989","0","0"
"P301.5.P47 H36 2014","4","0"
"F2728 .B76 2014","0","0"
"PN708 .R58 2014","0","0"
"GR115 .R365 2013","0","0"
"PQ2227 .D2165 1989","0","0"
"PQ2227 .D2165 1989","0","0"
"DS318 .S246 1990","1","0"
"DS318.8 .S255 1992","1","0"
"PQ7298.28.A448 M3532 2014","3","0"
"PK6561.G843 A75 2014","0","0"
"PH3194.C8 Z65 2013","0","0"
"DS300 .A235 2014","0","0"
"PG3481.A458 A75 2014","1","0"
"HA37.A72 D36 2013","1","0"
"PQ8520.429.A688 M38 2014","0","0"
"PH3145 .G95 2013","0","0"
"TR108.G55 A75 2014","0","0"
"D1060 .C7517 2006","0","0"
"PQ9282.A89 A57 2012","0","0"
"PQ7298.423.A9 M37 2013","0","0"
"DK35 .M277 2014","0","0"
"NA1197.M6 R643 2014","0","0"
"PK935.G5 S2 1973","0","0"
"UB415.S65 C55 2014","0","0"
"DS313 .N23 2014","0","0"
"DK219.6.K34 P666 2014","0","0"
"HV9712.5 .K67 2014","0","0"
"GR44.E43 R25 2014","0","0"
"PN2859.P6 I25 2014","0","0"
"PN1998.3.V655 A3 2014","1","0"
"PR6116.A62 B46 2014","1","0"
"PR6058.A555 S84 2013","1","0"
"HV640.4.S34 N67 2014","0","0"
"PS3618.U48 A6 2014","5","0"
"PQ7298.26.A25 A6 2014","0","0"
"PQ7622.N27 G73 2013","0","0"
"HD476 .T54 2013","0","0"
"DS271.7.Q23 A5 2014","0","0"
"PQ7798.23.O456 A6 2013","0","0"
"DK510.763 .P528 2014","0","0"
"BR75.W56 E96 2011","0","0"
"DS324.F3 Z57 2014","0","0"
"F2821.1.C47 G73 2013","0","0"
"DK557 .K664 2014","0","0"
"PQ7798.1.L48 S85 2013","2","0"
"DS371.2 .P55 2014","0","0"
"PQ7798.41.L455 O74 2013","2","0"
"PG2947.D8 A6 2014","0","0"
"PG2947.D8 A6 2014","0","0"
"PG2947.D8 A6 2014","0","0"
"BS1429 .H54 2008","1","0"
"DK510.763 .K363 2014","0","0"
"JX1807 .Z25 2014","0","0"
"B2799.L49 S55 2014","1","0"
"B753.T873 R58 2014","1","0"
"PQ7298.29.H47 Z46 2014","0","0"
"PT2666.R3532 O84 2014","0","0"
"PQ8520.12.U78 C37 2014","0","0"
"PS3568.E476345 B583 2014","3","0"
"GR258.5 .S47 2013","2","0"
"DK34.K87 K87 2014","0","0"
"PT2666.R3532 M48 2014","0","0"
"HM621 .P45 2014","9","0"
"BR160.E7 F7 2011","0","0"
"PR6063.A438 A6 2014","7","0"
"PG3476.G6536 A6 2013","0","0"
"PT2666.R3532 F33 2014","1","0"
"HT861 .M424 2014","3","0"
"PT2603.E446 A6 2013","0","0"
"HC232 .U7822 2014","0","0"
"F2849.2 .P474 2013","1","0"
"PQ8519 .A5 2014","4","0"
"DS408.5 .T37 2013","0","0"
"DS69.1 .R4","0","0"
"P120.E27 L32 2013","1","0"
"PQ2637.A82 Z7164 2014","1","0"
"DS436 .T19 2013","1","0"
"LB2371.6.F5 D63 2014","0","0"
"B3595.E54 I83 2014","0","0"
"BP188.9 .B374 2014","2","0"
"CB353 .P67 2012","2","0"
"PQ7798.15.S585 C67 1995","1","0"
"PT2668.A27372 L33 2014","0","0"
"HX523 .I54 2014","0","0"
"BT255 .C86 2014","0","0"
"PG3350 .B84 2014","0","0"
"PG3483.2.S72 Z46 2014","2","0"
"DK33 R6384 2013","1","0"
"DJK46 .C493 2011","0","0"
"DJK46 .C494 2012","1","0"
"DD247.Z56 A3 2013","0","0"
"HT169.R8 M685 2014","0","0"
"PQ4013 .S76 2002","0","0"
"PQ4013 .S76 2002","0","0"
"PQ4013 .S76 2002","1","0"
"PQ4013 .S76 2002","0","0"
"PQ4013 .S76 2002","0","0"
"PQ4013 .S76 2002","0","0"
"PQ4013 .S76 2002","0","0"
"PQ7298.23.O73 E78 1996","1","0"
"PQ4013 .S76 2002","0","0"
"PQ4013 .S76 2002","0","0"
"PQ4013 .S76 2002","0","0"
"PQ7390.K68 E82 1995","1","0"
"PQ7298.28.O3146 O43 1995","1","0"
"D551 .P47 2014","0","0"
"D551 .P47 2014","0","0"
"D551 .P47 2014","0","0"
"D551 .P47 2014","0","0"
"PQ8550.28.E5 M37 2014","1","0"
"PQ8550.428.A384 M33 2014","1","0"
"DS516.A5 D344 2014","0","0"
"DK38.8 .R67 2014","0","0"
"HV6771.R8 R39 2013","0","0"
"JK1021 .C365 2013","4","0"
"D764 .U81 2012","0","0"
"DK549 .G872 2014","0","0"
"PR6005.O4 P477 2014","0","0"
"DK51.7 .G67 2014","0","0"
"BJ1523 .M36 2014","0","0"
"D863 .L38 2012","0","0"
"PT2685.A48 L45 2012","1","0"
"PH506 .M85 2013","0","0"
"N8189.5.R8 S42 2014","0","0"
"PQ4286 .Z33 2014","2","0"
"PT2665.R59 S53 2014","0","0"
"PT2666.R3532 B33 2014","0","0"
"PS3611.L79 G66 2014","0","0"
"PQ2529.A4 Z65 2014","0","0"
"PQ51 .M45 2014","0","0"
"PQ2631.R63 Z674 2014","0","0"
"D539.5.C8 F833 2014","0","0"
"GN345 .E6356 2013","0","0"
"HD1536.S65 B493 2012","1","0"
"PG2064.K55 A3 2013","0","0"
"D792.S65 U792 2012","0","0"
"PQ4835.A846 P6 1966","1","0"
"D810.C4 M87 2014","0","0"
"PT2667.U3 A8 2003","0","0"
"PT2667.U3 S8 2003","0","0"
"DF261.M2 L36 2014","0","0"
"PQ9698.29.C54 A57 2014","0","0"
"HM646 .S83 2014","0","0"
"PQ7390.L44 C83 2012","1","0"
"LC210 .S74 2012","0","0"
"DG121 .S43 2014","0","0"
"GN21.M5 N44 2014","0","0"
"PL539.3 .B48 2006","2","0"
"PL539.3 .B48 2006","0","0"
"PL539.3 .B48 2006","0","0"
"PL539.3 .B48 2006","0","0"
"HX343.8.C37 P74 2014","2","0"
"PQ4864.E236 C86 2014","0","0"
"PQ7797.B635 Z6728 2014","0","0"
"F2848 .C375 2013","0","0"
"PQ8550.413.O476 T49 2012","1","0"
"DG975.A65 P84 2014","0","0"
"PQ4866.A767 R58 2014","0","0"
"HQ799.P5 V44 2014","1","0"
"PQ4882.I78 C87 2014","0","0"
"HC905 .N484 2014","3","0"
"HC905 .N48 2013","0","0"
"PR6058.I45 P75 2014","0","0"
"JQ1981 .N49 2011","0","0"
"PN2287.V3 R63 2014","0","0"
"PR9396.9.F3 Z56 2013","0","0"
"PQ4918.A54 P46 2014","0","0"
"PH3281.K85 Z795 2008","0","0"
"DB958.3 .R44 2014","0","0"
"F2235.5.S9 S55 2013","0","0"
"DB949.2 .M58 2014","0","0"
"DB955 .M47 2014","0","0"
"PQ4880.O4 Z87 2014","0","0"
"F3451.C4 E77 2014","0","0"
"PQ4835.A3 A6 2012","0","0"
"PS3556.I485 T46 2014","1","0"
"PH3351.T395 M54 2014","0","0"
"PQ4876.U82 A74 2014","0","0"
"DB919 .N428 2014","1","0"
"B3181 .B45 2014","2","0"
"PR535.L3 J33 2014","1","0"
"BX4827.B57 W545 2014","4","0"
"PR468.C43 L66 2014","0","0"
"DS721 .W33713513 2014","1","0"
"D744.7.U6 S46 2014","5","0"
"PS1541.Z5 D495 2014","0","0"
"B439 .D8613 2014","1","1"
"PE1385 .L64 2014","0","0"
"BL240.3 .G558 2014","2","0"
"PN1998.3.P43 E83 2014","0","0"
"D16.8 .D218 2014","1","0"
"DF211 .F47 2014","2","0"
"G2301.S1 N3 2014","3","0"
"PN1954 .G74 2014","0","0"
"PA4209 .A57 2014","2","1"
"E169.12 .R538 2014","1","0"
"BT303.2 .S28713 2014","0","0"
"PA4228 .L47 2014","2","0"
"E457.2 .M364 2014","0","0"
"BQ942.D427 J33 2014","1","0"
"BX4087 .T46 2014","0","0"
"PJ5021.2 .L48 2014","6","0"
"HQ125.U6 P62 2014","0","1"
"B832 .S57 2014","0","0"
"E176.1 .M93 2014","3","0"
"TR655 .J67 2014","0","0"
"D13.5.F8 B68 2015","4","0"
"BQ436 .T87 2014","2","0"
"PQ2605.O28 A2 2014","0","0"
"BM205 .M66 2014","0","0"
"PR461 .M25 2014","1","0"
"PL957.5.M63 P66 2014","3","0"
"E806 .O54 2014","1","0"
"BL790 .A66 2014","5","1"
"PJ7828.D235 A2 2014","0","1"
"BD171 .S36 2014","1","0"
"PQ4315.5 .L35 2014","1","0"
"PR6039.H52 Z6228 2014","1","0"
"BP173.7 .M63 2014","0","0"
"PR6005.O4 Z5693 2015","2","0"
"PS3566.Y55 Z84 2014","2","2"
"PE1135 .W36 2014","0","0"
"PR3727 .R33 2014","0","0"
"PS149 .R64 2014","2","0"
"DS12 .T76 2014","3","0"
"PN3171 .G34 2014","4","0"
"PH3241.I55 I84 2014","0","0"
"PN56.H55 H654 2012","2","0"
"PH3382.15.G74 S92 2014","0","0"
"DB955.9 .K34 2014","0","0"
"PH3281.M35 F43 2014","0","0"
"PH3202.A35 Z756 2014","0","0"
"PH3281.K25 Z583 2013","0","0"
"PH3281.K896 Z78 2013","0","0"
"GV23 .P65 2013","1","0"
"PQ8356 .G85 2014","0","0"
"PQ4851.A74 Z67 2014","1","1"
"F1783.M38 A4 2011","1","0"
"PQ4080 .M66 2014","1","0"
"BL2566.C9 C363 2013","1","0"
"F2235.4 .R64 2012","1","0"
"F1783.M38 V456 2013","0","0"
"F1783.M38 V345 2013","0","0"
"PQ4903.A664 V64 2014","0","0"
"PQ2666.R37 V5413 2014","1","0"
"PQ2665.R67 Z46 2014","0","0"
"PR1933.H66 P84 2014","1","0"
"PQ8097.B23 Z9 2014","0","0"
"JQ1983 .B74 2014","0","0"
"K230.T54 B83 2014","3","0"
"HJ1000.7 .D44 2014","1","0"
"JF1051 .H358 2014","0","0"
"HD30.2 .W4645 2014","1","1"
"HD58.82 .H365 2014","2","2"
"GR166 .G54313 2015","9","0"
"HM856 .R63 2014","0","0"
"PN4900.P5 P7313 2014","4","0"
"KF221.M8 R66 2014","0","0"
"LB2837 .C59 2014","1","0"
"LC5301.M65 S36 2014","4","0"
"JC599.U6 S653 2014","1","0"
"JQ1850.A91 A826 2014","2","0"
"HQ792.U5 C423 2014","3","0"
"E78.A3 M47 2014","0","0"
"K213 .N38 2014","0","0"
"HB173 .D77513 2014","3","0"
"HX73 .O86 2014","3","0"
"HD6072.6.V52 H667 2014","1","0"
"HN80.P5 A33 2014","1","0"
"HQ1075 .J64 2014","4","0"
"HD9502.A2 S6763 2014","0","0"
"LB875.A332 J36 2014","0","1"
"HD8108.5.A2 L52 2014","0","0"
"JK468.P64 M64 2014","3","0"
"HG4529.5 .C366 2014","0","0"
"E98.F6 S55 2014","0","0"
"GV14 .H643 2013","0","0"
"GV1469.34.S52 S336 2014","7","0"
"GT2846.R8 M34 2014","0","0"
"GR581 .Y43 2014","1","0"
"PQ4903.A666 C33 2014","0","0"
"GV706.4 .P716 2015","0","0"
"PQ2346.Z5 H45 2014","0","0"
"P98.3 .C66 2014","1","0"
"LC158.A2 A37 2014","0","0"
"PS3556.R3633 K47 2014","1","0"
"PQ9469.C3 C334 2014","0","0"
"HM742 .F83 2014","3","0"
"PS3568.A6278 G46 2014","1","0"
"PL2749.C8 Z59 1992","0","0"
"PS3621.L448 B54 2014","1","0"
"PQ4433 .M36 2014","0","0"
"PQ4863.A777 B33 2014","0","0"
"PQ6665.R695 E47 2014","0","0"
"PQ4866.R343 I58 2014","0","0"
"B614.S42 G3 2014","0","0"
"PQ8550.423.A7695 L53 2014","0","0"
"PQ8550.3.R75 H55 2013","1","0"
"PQ7392.N874 S27 2014","0","0"
"PQ7390.F426 U55 2013","0","0"
"PQ8098.17.O384 N66 2014","1","0"
"D639.W7 D66 2014","0","0"
"DK4030 .W49 2014","0","0"
"DK4030 .W49 2014","2","0"
"D805.G3 Z87 2011","0","0"
"PQ8098.422.O73 E76 2014","0","0"
"PQ4902.A77 S64 2014","0","0"
"CN715 .C37 2014","1","0"
"PQ8098.413.A77 E46 2014","0","0"
"JC311 .A347 2014","0","0"
"PQ4639.R23 C66 2013","0","0"
"BX3057.Z6 A495 2014","0","0"
"PQ4882.I425 S38 2014","0","0"
"PQ4417 .C56 2014","1","0"
"DK4420.Z36 S98 2014","1","0"
"PQ2387.R5 Z6935373 2014","0","0"
"PN773 .N68 2014","0","0"
"PQ2672.I385 H66 2014","0","0"
"DK4330 .S735 2014","0","0"
"B689.Z7 D7 1888a","0","1"
"LB2376.3.R6 F85 2010","1","0"
"PG5038.K64 Z2 2014","0","0"
"PQ4063.5.M55 S45 2014","0","0"
"PQ2705.S76 D486 2014","0","0"
"PG3229 .K75 2014","0","0"
"PQ2667.A6857 S45 2014","0","0"
"PQ2191.Z5 C667 2014","0","0"
"PC2073 .B674 2014","0","0"
"DK72 .K37 2014","0","0"
"PS3603.H73 T43 2014","1","0"
"N7483.R688 A5 2013","0","0"
"G69.D434 P45 2012","0","0"
"DG28.5 .G56 2012","0","0"
"PQ2703.O238 L3 2014","0","0"
"PQ3989.2.J4 A6 2014","1","0"
"BL1320 .A25 2003","0","0"
"PL2272 .L533 2013","0","0"
"PL2272 .L533 2013","0","0"
"PL2272 .L533 2013","0","0"
"PQ2702.I97 I54 2014","0","0"
"BF575.E55 P43 2014","3","0"
"HG179 .H247 2014","0","0"
"TX840.B3 M53 2014","1","0"
"HD4928.A52 J326 2014","0","0"
"JK1726 .F79 2014","1","0"
"JZ1308 .C559 2014","3","0"
"LB3013 .B543 2014","1","0"
"DP272.29 .C66 2014","0","0"
"HV8290 .C67 2014","0","0"
"JF1081 .C67345 2014","1","0"
"HC336.27 .V96 2013","0","0"
"TX631 .G524 2014","3","0"
"HM742 .L54 2014","2","1"
"HD9502.C62 E57 2014","1","0"
"BF697 .C273 2014","1","0"
"KF358 .R63 2014","0","0"
"JZ1305 .B383 2014","0","0"
"JC423 .T6213 2014","2","0"
"LC71 .I54 2014","0","0"
"TX353 .J78 2014","7","0"
"HC240 .L89 2015","0","0"
"HG935 .A45 2014","0","0"
"HD9696.8.U54 D533 2014","1","0"
"HD69.S8 O64 2014","0","0"
"HD9018.A55 H37 2014","3","0"
"HD1531.B6 D87 2014","1","0"
"JQ1809.A8 A4325 2014","0","1"
"P94.5.W65 G57 2014","0","0"
"HQ1090.7.A8 D69 2014","0","0"
"HD7091 .B64 2014","0","0"
"HG1601 .S63 2014","0","0"
"HD60 .M673 2014","1","0"
"HV6534.L7 M36 2014","3","0"
"HD3871 .R39 2014","0","0"
"H61.15 .C43 2014","0","0"
"GN419.15 .T46 2014","1","0"
"JK421 .D55 2014","1","0"
"HB501 .R64 2014","1","0"
"HM851 .S2375 2014","5","1"
"LC6519 .L67 2014","0","0"
"LB2375 .C76 2014","0","1"
"HM623 .C85 2014","4","0"
"HC106.83 .R635 2014","1","1"
"HV6768 .F54 2014","0","0"
"BF575.H27 L96 2015","0","0"
"LC149 .L36 2015","1","0"
"HD4319 .L37 2014","1","0"
"HM753 .M466 2014","2","0"
"P53.45 .M85 2014","1","0"
"LB1576 .R427 2015","1","0"
"HV7935 .R47 2014","0","0"
"HD194 .C87 2014","0","1"
"JZ5584.A35 T738 2014","0","0"
"LB1570 .M625 2015","1","0"
"HD1691 .W363 2014","0","0"
"BP80.H27 A754 2006","1","0"
"PS3602.U8665 B876 2014","2","0"
"PQ4866.E716 G83 2014","0","0"
"PL2443 .W783 2014","0","0"
"B752.A964 A75 2006","1","0"
"PK2199.A5 A124 2002","1","0"
"PK6458 .Y388 2009","1","0"
"PL3032.H62 C446 2013","0","0"
"LB2411 .A4162 2014","4","0"
"DK4600.K695 S54 2014","1","0"
"PK6561.I7 Z89 2010","1","0"
"LC2410.T53 S85 2014","0","0"
"QC903.2.V5 C63 2014","0","0"
"PL2303 .L5234 2014","0","0"
"PK6495.K35 Z97 2006","0","0"
"PQ4247 .V46 2013","0","0"
"PL2303 .L5817 2014","0","0"
"PS3560.A2843 S64 2014","0","0"
"PK6501 .Z9825 2007","1","0"
"PS3566.H485 B36 2014","0","0"
"PQ4815.I48 Z88 2014","0","0"
"PG5041.O88 B75 2014","0","0"
"PK6482 .Y385 2008","1","0"
"PK6561.I56 Z92 2006","0","1"
"PG3337.S68 Z67 2012","1","0"
"DG975.P25 S53 2014","0","0"
"PK6561.S559 Z523 2010","1","0"
"PK6561.A38 Z56 2011","1","0"
"B753.F34 R39 2011","1","0"
"PQ2682.E514 I58 2014","0","0"
"PG5001 .D25 2013","0","0"
"PK6550.U5 Z74 2010","1","0"
"PK6561.Y78 A6 2000","0","1"
"PG5025.5 .S852 2014","0","0"
"PG3086 .N68 2014","1","0"
"PQ2675.N46 B47 2014","0","1"
"DK507.95.O78 T27 2014","0","0"
"PG7166.L58 F678 2014","0","0"
"PK2199 .R78 2013","0","0"
"PK2199 .R78 2013","0","0"
"PK2199 .R78 2013","0","0"
"PK2199 .R78 2013","0","0"
"DS517 .G87 2014","1","0"
"DS452 .S47 2013","1","0"
"JS4726 .D87 2013","0","0"
"UF800 .Y56 2014","0","0"
"PQ4918.A576 V56 2014","0","0"
"QC903.2.I4 C55 2013","0","1"
"PL4753 .H56 2013","0","0"
"PL2437 .W826 2014","0","0"
"DS779.2 .C446 2014","0","0"
"DS734.7 .S36 2014","1","0"
"HC427.95 .Z4659 2014","1","0"
"HD1537.C6 L586 2013","0","0"
"DS754.12 .Z48 2013","1","0"
"DS754.19 .D35 2013","0","0"
"HC427.95 .L538 2014","0","0"
"DS793.A6 Z48 2014","0","0"
"PL2705.E526 Z95 2014","0","0"
"DS793.S644 X536 2014","0","0"
"DS797.77.A63 L53 2014","0","0"
"PL2861.A58158 Z644 2014","0","1"
"JZ1734 .G86 2014","1","0"
"HG151.8 .C436 2014","0","0"
"DS793.S6445 L68 2014","0","0"
"DS777.5314 .H364 2014","0","0"
"PL2879.H72 P536 2014","4","0"
"DS753.6.W353 W364 2014","0","0"
"DS706.5 .Q256 2014","0","0"
"KNN1572 .Z436 2014","0","0"
"DS778.P38 P46 2014","1","0"
"HV4150.T53 F8 2013","0","0"
"PL2901.W8 Z47 2014","1","0"
"DS793.Y8 X83 2014","0","0"
"PL2924.Y85 L52 2014","4","0"
"DS740.5.G2 S86 2014","0","0"
"DS777.488.C5 L523 2014","0","0"
"HC427.95 .T37323 2014","0","0"
"DS797.57.J572 X536 2014","0","0"
"HD2097 .Z436 2014","0","0"
"DS737 .Z436 2014","1","0"
"KNQ1572 .Z4659 2014","0","0"
"HC430.T4 Z578 2014","0","0"
"GR154.5 .K854 2013","0","0"
"DS777.488.C515 L563 2014","0","0"
"PL2303 .L576 2014","0","0"
"HN733 .Z438 2014","0","0"
"HD37.C47 Y863 2014","0","0"
"PL2749.C8 Z86 2014","0","0"
"PL2933.E593 S58 2014","0","0"
"PL2933.E593 S587 2014","0","0"
"PL2976.Y58 S553 2014","0","0"
"HC427.95 .Z446 2014","2","0"
"PL2977.J53 B84 2014","0","0"
"PL2919.X564 B56 2014","0","0"
"PL2931.A394 B536 2014","0","0"
"PL2919.X564 B45 2014","0","0"
"DS775.2 .Z47725 2014","0","0"
"DS795.3 .H6834 2014","0","0"
"HC430.T4 D573 2014","0","0"
"JQ1510 .L364 2014","0","0"
"DS777.5316.Y86 Z45 2014","0","0"
"PL2811.I25 A6 2014","0","0"
"PL2904.T544 H86 2014","3","0"
"PL2938.U56 S586 2014","0","0"
"PL2919.X564 J56 2014","0","0"
"PL2978.G66 J575 2014","0","0"
"PL2924.Y85 F46 2014","1","1"
"PN1992.3.C6 W36 2014","0","0"
"PL2931.A534 D895 2014","2","0"
"DS793.S644 T36 2014","0","0"
"DS795.3 .Q256 2014","0","0"
"DS764.23.H36 X54 2014","0","0"
"PL2924.Y85 Z455 2014","0","0"
"HX523 .H364 2014","0","0"
"PL2948.3.J567 Q256 2014","0","0"
"PL2973.B36 Q253 2014","0","0"
"PL2861.O279 S53 2014","2","0"
"HG3340.P44 C496127 2014","2","1"
"DS778.M3 T365 2014","0","0"
"HB615 .S78 2014","3","0"
"HN733.5 .C597 2014","0","0"
"DS778.M3 S82 2014","0","0"
"BV3427.V56 Z48 2013","0","0"
"BQ6345.N36 H428 2013","0","0"
"DS793.L837 Y364 2014","0","0"
"CT3990.H78 W45 2014","0","0"
"PL2966.U82487 L46 2014","0","0"
"PL2840.C24 J58 2014","0","0"
"PL2623 .J532 2014","1","0"
"DS796.S257 J536 2014","0","0"
"PL2828.Z4 H7 2014","0","0"
"PL2698 .W364 2014","0","0"
"PL2933.E5248 A6 2014","0","0"
"PN2878.Z468 F45 2014","0","0"
"PL2956.O63 Z4664 2014","0","0"
"HD9502.C62 F36 2013","0","0"
"PL2931.A534 K664 2014","1","0"
"UG345 .N36 2013","1","0"
"LA2383.C52 S446 2014","2","0"
"DB2211.G44 G44 2013","0","0"
"HB113.2.A2 P627 2014","0","0"
"B3305.M74 P458 2014","0","0"
"GV199.44.E8 W42 1997","0","0"
"PQ4088 .A44 2014","0","0"
"KNS110.J35 A3 2012","0","0"
"GR305 .G67 2013","0","0"
"PQ4906.E75 S85 2014","0","0"
"DK4314.5 .V23 2014","0","0"
"JN6766 .D973 2013","0","0"
"PS3602.T4887 S67 2009","0","0"
"BM514 .M67 2004a","0","0"
"DS146.E85 S354 2014","0","0"
"GR305.5.B34 B37 2013","0","0"
"GN799.C45 W56 2014","0","0"
"PA6085 .L46 2014","0","0"
"JQ249.M54 A85 2013","0","0"
"PL4601 .M36 2012","0","0"
"PR9499.3.B65 F35 2013","0","0"
"HM851 .C45 2014","5","0"
"HM851 .C45 2014","3","0"
"PR9499.4.B3485 T47 2011","0","0"
"PR9499.4.S466 S66 2012","0","0"
"PQ4253.2 .L552 2014","0","0"
"PR1177 .S48 2011","0","0"
"PQ2683.A3566 T47 2014","0","0"
"PK2199.S25 A756 2014","0","0"
"PQ2683.A3564 T67 2014","0","0"
"PK2903 .R364 2013","0","0"
"PC840.414.U822 K73 2014","1","0"
"PG5039.21.U278 T35 2013","0","0"
"GV721.4.K6 N33 2013","1","0"
"B5254.Y484 Y555 2013","1","0"
"HJ2801 .K68 2014","5","0"
"DT60 .U544 2011","1","0"
"NA1033.O77 V72 2013","0","0"
"PK6420.C45 A55 2006","0","0"
"PK6412.C45 A55 2006","0","0"
"GT4874.A2 A55 2010","2","0"
"E125.A35 C37 2014","2","0"
"BP189.7.M42 A32 2009","0","0"
"BV3417 .C44 2013","1","0"
"JS3000 .P728 2013","0","0"
"PG5040.26.L393 Z15 2014","1","0"
"KJP5406.3 .V48 2013","0","1"
"R853.B54 N38 2015","0","0"
"PK6546 .A53 2010","0","0"
"E457.2 .H755 2014","5","0"
"DS753 .X54 2014","0","0"
"LA2383.C62 C4664 2013","0","0"
"DS715 .W842 2013","0","0"
"RM184 .W26 2005","0","0"
"B127.N4 Z57 2013","0","0"
"DS795.8.F67 Z448 2013","0","0"
"ND1043 .D83 2008","0","0"
"DS749.42.L55 D55 2014","0","0"
"PL2338 .R45 2013","0","0"
"PL2354 .R45 2013","0","0"
"RB155 .K458 2014","8","0"
"PK6465 .A2 2010","0","0"
"DS855 .O895166 2012","0","0"
"RA644.T7 G58 2014","2","0"
"HQ767.5.U5 P65 2014","4","0"
"RC521 .P36 2014","0","0"
"PA3013 .P65 2014","0","0"
"P945.A3 K56 2014","0","0"
"JN979 .L54 2014","0","0"
"DS135.F83 L464 2014","0","0"
"PQ4904.I21666 Q3813 2014","0","0"
"D639.J4 P36 2014","1","0"
"R694 .J83 2014","0","0"
"DK267 .S69 2014","0","0"
"HD6276.U93 T37 2014","0","0"
"DS149 .Z835 2014","0","0"
"NA1487.M39 M39 2006","0","0"
"PG5040.23.A425 P73 2013","0","0"
"HQ1391.C95 Z45 2014","0","0"
"DK286 .P38 2010","0","0"
"NA1197.T78 V52 2013","0","0"
"PQ7298.415.S74 A75 2005","0","0"
"DS134.72.S56 A3 2014","0","0"
"HT147.K6 P96 2013","0","0"
"D6 .W65 2013","0","0"
"PQ8550.417.U86 C37 2013","0","0"
"HC237 .G539 2014","0","0"
"PQ6392 .S43 2014","2","0"
"DS904 .K97894 2013","0","0"
"PN1993.5.K6 H366 2005","0","0"
"PJ5054.B3588 S54 2014","0","0"
"PQ6641.A365 P35 2014","0","0"
"PJ5055.22.R828 L35 2014","0","0"
"PJ5055.4.A375 T76 2014","1","0"
"PG1418.C7 Z68 2013","0","0"
"PQ6653.A158 E65 2014","0","0"
"DP272.4.I35 R58 2014","1","1"
"DS135.S95 R55 2014","0","0"
"DG250 .G73 2013","2","0"
"PJ5054.L3166 H34 2014","0","0"
"DS912.35 .M56 2004","0","0"
"BX485 .S874 2013","0","0"
"PS3620.H6833 A6 2014","1","0"
"PJ5055.16.Y672 K66 2014","1","0"
"PL857.I78 K37 1982","0","0"
"PJ5055.22.O4125 M37 2014","0","0"
"JS4730 .C67 2014","0","1"
"PJ5055.27.G52 P47 2014","0","0"
"DS135.E4 Z36 2008","1","0"
"PQ8035 .W47 2014","1","0"
"PL857.I78 A72 1982","0","0"
"DS125.3.A98 A3 2014","0","0"
"PQ8098.23.I47 Z459 2014","0","0"
"DG579.C54 C47 2013","0","0"
"PJ5024 .S723 2014","1","0"
"PJ5024 .O637 2014","0","0"
"PJ5055.35.E945 S52 2014","0","0"
"PQ8097.P322 T46 2014","0","0"
"PQ8098.18.A68 S83 2014","0","0"
"PQ8098.23.A73 T54 2014","0","0"
"DS135.A68 W45154 2014","1","0"
"PL857.I78 I9 2004","0","0"
"PJ5055.26.E559 E43 2014","1","0"
"PL857.I78 S24 2000","0","0"
"BR118 .M285 2014","0","0"
"BR118 .M285 2014","0","0"
"PR9199.3.W3 A6 2014","0","0"
"PR9199.3.W3 A6 2014","0","0"
"D632.5.G3 K65 2014","1","0"
"PJ5054.B374 H35 2014","0","0"
"PJ5054.M3255 K36 2013","0","0"
"GR305.5.T57 N46 2012","0","0"
"PJ5054.K35238 T44 2014","0","0"
"PJ5055.36.R46 I43 2014","0","0"
"PJ5054.G393 S45 2014","0","0"
"PQ6412.L7 R47 2014","0","0"
"BL2016.T36 N36 2012","0","0"
"PJ5055.12.S78 D48 2014","1","0"
"PJ5054.A755 Y36 2014","1","0"
"F1938 .M678 2013","0","0"
"F1938 .M678 2013","0","0"
"F1938 .M678 2013","0","0"
"PJ5054.A49655 Z46 2014","0","1"
"PQ7390.S256 C66 2013","0","0"
"PJ5054.Z5545 M5 2014","0","0"
"PJ5054.K546 O94 2014","0","0"
"CT3990.H78 X86 2013","0","0"
"F1221.O86 R578 2013","0","0"
"PL4754 .M86 2013","0","0"
"PQ4332 .D26 2014","1","1"
"PR6054.U445 D84 2014","0","0"
"PK2098.36.G36 P45 2013","0","0"
"PK9201.A95 I974 2013","0","0"
"HV6250.4.W65 L35 2009","0","0"
"PR6058.A622 Z43 2014","1","0"
"PL857.I78 T662 1992","0","0"
"GR345 .S597  2013","0","0"
"PR8658.2 .S26 2014","0","0"
"DL1065.6 .R677 2009","0","0"
"PK2200.F333 Q23 2014","0","0"
"F1973.H6 B43 2013","0","0"
"B836 .V58 2014","2","0"
"PL857.I78 M38 1997","0","0"
"PJ3671 .S63 2014","0","0"
"PL857.I78 Y66 1981","0","0"
"BR1024 .V65 2014","0","0"
"PL4757 .T36 2012","0","0"
"DA690.H385 D56 2013","1","0"
"PN1990.6.C8 C56 2013","1","1"
"PL857.I78 H35 1984","0","0"
"PQ7386 .M26 2013","0","0"
"GN740 .P34 2014","0","0"
"PT167 .M55 2014","1","0"
"PQ9920 .N37 2014","2","0"
"PL857.I78 I46 1983","0","0"
"PK2200 .H3493 2013","0","0"
"DD901.W4 S35 2014","0","0"
"PK2648.S54 C416 2013","0","0"
"B5233.C6 Z4655 2014","0","0"
"F1933 .C37 2013","1","0"
"F1933 .C37 2013","0","0"
"BP190.5.T54 F39 2011","0","0"
"PR6112.A34 W45 2014","0","0"
"HT151 .C56835 2014","0","0"
"PS3602.R6444 A34 2014","1","0"
"PN56.E75 C85 2014","0","0"
"PQ8098.23.A5 D65 2014","0","0"
"PR1272.2 .M53 2014","3","0"
"D1053 .B73 2014","0","0"
"DS917.8 .C42 2000","0","0"
"GV928.I4 C38 2013","0","0"
"PL957.5.T73 .H3 1996","0","0"
"Z6605.S3 S26 2013","0","1"
"PA3131 .W55 2014","2","0"
"PK2200 .H3493 2013","0","0"
"PK2030.6.P36 Z85 2012","0","0"
"NA7720 .W255 2014","0","0"
"PK2098 .P3185 2013","1","0"
"PK2098 .P3185 2013","0","1"
"HD9014.C462 S44 2014","0","0"
"PQ8098.418.A487 I53 2014","0","0"
"HT720 .N57 2011","0","0"
"HT720 .N57 2011","0","0"
"PQ7798.415.D825 S83 2012","0","0"
"PQ6601.R58 I47 2014","1","0"
"PS3608.O474 P58 2014","4","0"
"PM157 .U34 2013","0","0"
"PQ9928.2.E5 S64 2014","0","0"
"PK2098.29.O535 Z46 2013","1","0"
"PQ8550.13.R38 M57 2013","0","0"
"PQ8550.416.E767 G35 2014","0","0"
"PN56.U8 G66 2014","0","0"
"GV1101 .M285 2012","0","0"
"PG5039.22.I46 K49 2014","0","0"
"BX9415 .K56 2014","1","0"
"PQ2716.U75 E9813 2014","1","0"
"PG5039.29.A78 P74 2013","0","0"
"PR2971.E85 W55 2014","0","0"
"PQ8098.28.O36 E54 2014","1","0"
"PK6561.I56 A2 2014","0","0"
"DS796.C2 G836 2013","0","0"
"F3429.3.S6 V58 2014","0","0"
"PQ8550.23.A758 U7 2014","0","0"
"PN1969.C65 B85 2014","4","0"
"LB1028.25.G7 M555 2014","1","0"
"D764 .P5252 2013","0","0"
"PS374.D38 W37 2014","1","1"
"BS521.8 .H64 2014","1","0"
"BS647.3 .D38 2014","0","0"
"E185.96 .W47 2014","3","2"
"PS3565.L5 A6 2014b","5","0"
"PQ8098.12.O38 Z74513 2014","0","1"
"BQ636 .Z44 2014","2","0"
"PS3553.O51165 B87 2014","3","0"
"PR9199.3.S267 B92 2014","0","0"
"CT788.L415 A3 2014","3","0"
"D62 .C58 2014","1","0"
"D804.177 .M39 2014","1","0"
"B2430.D484 C66 2014","3","0"
"DP646 .T56 2014","0","0"
"DA333.B6 B67 2014","1","1"
"HQ76.25 .C75 2014","2","0"
"PN2287.D37 L47 2014","2","0"
"DA260 .P58 2014","2","0"
"F379.N557 K75 2014","5","0"
"E457.45 .B76 2014","1","0"
"E745.M37 U54 2014","1","0"
"F202.G3 H47 2014","6","0"
"DB2241.H38 Z3613 2014","1","0"
"PS3503.E744 A6 2014","1","1"
"B2948 .W559 2014","0","0"
"E185.86 .P525 2014","4","1"
"D581 .F37 2014","1","0"
"DA533 .G557 2014","8","0"
"F1219.76.D35 C65 2014","0","0"
"HQ1745.5 .W447 2014","3","0"
"DC103 .H25 2014","3","0"
"PT5881.1.B36 K6613 2014","0","0"
"PL873.5.A339 K9613 2014","4","0"
"PR878.D4 C53 2014","0","0"
"HQ250.H37 M49 2014","2","0"
"PQ2663.A7678 L5613 2014","2","0"
"DS666.I2 P74 2014","1","0"
"PT7162.M18 M49 2014","0","0"
"PT8176.1.D54 M3713 2014","4","0"
"B804 .D275 2014","2","0"
"E743.5 .L49 2014","3","0"
"PN56.L27 P73 2014","1","0"
"HQ76.3.A78 Q44 2014","4","0"
"BT375.3 .L56 2014","1","0"
"HQ1233 .L46 2014","0","0"
"PN56.A64 R47 2014","2","0"
"E312.29 .L37 2014","5","0"
"DS489.85 .M64 2014","3","1"
"PS366.A88 S83 2014","0","0"
"HQ16 .B53 2014","4","0"
"PK6481.R8 E54 2014","2","1"
"CB417 .S68 2014","4","0"
"BR127 .T476 2014","0","0"
"BL604.B64 T73 2014","2","0"
"PN1998.3.T583 T83 2014","0","0"
"D606 .H86 2014","4","0"
"E183.8.C5 U114 2014","0","0"
"BS576 .P36 2013","0","0"
"HQ1734 .B68 2014","0","0"
"DA250 .J66 2014","3","1"
"DA566.9.C5 M235 2014","2","0"
"DT87.15 .C66 2014","3","0"
"PS3557.R3789 A86 2014b","3","1"
"BS1181.17 .P48 2014","0","0"
"PR6052.A3195 Z737 2014","0","1"
"PS3601.N5526 B68 2014","1","0"
"DK504.68 .R57 2014","0","0"
"PR990 .R53 2014","0","0"
"B4870.T656 A4 2014","2","0"
"BS1430.52 .T83 2014","0","0"
"DT511.3.W85 W56 2013","0","0"
"DS779.47 .J64 2014","1","0"
"PQ3919.3.C485 C4413 2014","0","0"
"N6537 .H37 2013","0","0"
"BR139.N65 A3 2014","2","0"
"PQ7798.426.U36 W3513 2014","0","0"
"PH351 .H45 2014","0","0"
"F203.5.R6 E46 2014","0","0"
"PS3607.A415 A6 2014","0","0"
"E184.S75 G369 2014","0","0"
"HQ1206 .M67 2014","2","0"
"BJ37 .T75 2014","0","0"
"PR6123.O5273 M88 2014","2","1"
"BS1514.G7 S486 2014","0","0"
"BP173.7 .T563 2014","0","0"
"E877 .B76 2015","2","0"
"DT578 .F66 2014","0","0"
"PN2049 .T44 2014","0","0"
"BX1751.3 .R39 2014","0","0"
"PR1895 .W7 2014","0","0"
"PQ3919.3.R545 U53 2014","1","0"
"E475.27 .L47 2014","0","0"
"PN1995.9.W3 J35 2014","2","0"
"PS595.S75 A14 2013","0","0"
"HF1711 .K57 2014","0","0"
"JN34.5 .C76 2014","0","0"
"JC330 .P64 2014","0","0"
"JC49 .A21137 2014","1","0"
"LC5219 .H35 2014","2","0"
"PK2098.K26 Z87 2013","0","0"
"GR305 .S56 2013","0","0"
"PE1408 .S7836 2012","14","1"
"HM571 .K399 2013","0","0"
"BX3045.C9 O722 2013","0","0"
"PK2098.4.H293 I88 2013","0","0"
"PK3800.U88 T33 2013","0","0"
"HQ796 .P85 2013","0","0"
"PR6003.E282 Z48 2009","0","0"
"F3429.3.L45 G85 2014","0","0"
"PK2040 .S56 2013","0","0"
"PK3799.D828 Z57 2014","0","0"
"PQ6665.T86 J37 2014","0","0"
"PQ7390.C58 Z98 2004","0","0"
"PK2042 .V35 2013","0","0"
"PK3799.T696 Z87 2014","0","0"
"DS422.C3 H56 2013","1","0"
"HD53 .P39 2014","1","0"
"PK2042 .S56 2013","0","0"
"PK1968.5 .B86 2013","0","0"
"PK2907.U56 D35 2013","0","0"
"PK2098.G8 Z57 2012","0","0"
"PT2671.R736 A2 2014","0","0"
"HD9696.8.U64 G66647 2014","6","0"
"HD9696.8.U64 G66647 2014","6","1"
"HC432.5.A37 M34 2013","0","0"
"P945 .A2 2014","0","0"
"BF318 .C366 2014","7","1"
"DS110.G5 G55 2014","0","0"
"ND1049.W4 W47 2013","0","0"
"PA3952 .D69 2014","1","0"
"HT123 .C49 2015","2","0"
"F1219.1.V47 R44 2012","0","0"
"PK2081 .U55 2014","0","0"
"HQ792.A4 N793 2014","0","0"
"R726.8 .G39 2014","25","0"
"Z286.I57 L38 2013","1","0"
"PQ8550.23.I37 D47 2014","1","0"
"PQ8550.418.E75 O4 2013","1","0"
"DS755 .Z334 2014","0","0"
"PQ8098.418.E755 M35 2014","1","0"
"B693.E53 K3513 2014","2","0"
"DA774.5 .B84 2014","2","0"
"PQ7499.3.F67 C37 2014","0","0"
"PQ7392.B55 A73 2013","0","0"
"PK2031 .P316 2013","0","0"
"DT551.84 .M35 2014","3","0"
"PK2099.29.I8 R5 2013","1","0"
"D767 .F37 2014","0","0"
"PN1992.3.C6 B35 2014","0","0"
"GV944.S64 D45 2014","0","0"
"PQ7079.3.G85 V47 2013","0","0"
"PQ8550.13.R38 N6 2014","0","0"
"PM6302 .R65 2014","0","0"
"DS146.G4 K46 2014","0","0"
"HV6569 .B43 2013","0","0"
"DS119.7 .H23 2013","1","0"
"RS131.64 .L5464 2014","0","0"
"QC859 .P453 2014","0","0"
"PS647.W6 W753 2014","0","0"
"RS131.64 .L5363 2014","0","0"
"PK910.G333 J43 2013","0","0"
"PQ8092.S4 E38 2014","0","0"
"HG3284 .B35 2013","0","0"
"DC59.8.E97 B334 2014","0","0"
"PL3031.G822 L67 2013","0","0"
"F2230.2.A9 W56 2013","0","0"
"PK2098.16.A94 Z89 2013","0","0"
"PL1860.J53 Q583 2014","0","0"
"PL2705.E5325 L5638 2014","0","0"
"HQ1742 .M36 2014","0","0"
"PK2040.3 .M57 2013","1","0"
"PQ6358.B5 F564 2014","0","0"
"F3101.3 .T57 2014","0","0"
"PL1740.T85 D66 2013","0","0"
"PK1968.5 .T58 2012","0","0"
"PK2030.K353 C34 2013","0","0"
"HV40.32.A43 E33 2009","0","0"
"PK2098.S48 Z85 2013","0","0"
"PN6519.I4 J38 2014","0","0"
"PK2708.2 .S24 2013","0","0"
"DB2057.N68 H64 2014","0","0"
"DS777 .L53776 2013","0","0"
"PG5040.14.A523 O46 2013","0","0"
"UB435.G3 E58 2014","2","0"
"PK519 .N57 2014","0","0"
"PG7158.N623 D943 2014","0","0"
"PQ4876.R575 T75 2013","1","0"
"PN1995.9.T67 G68 2014","0","0"
"BP50 .S638 2012","0","0"
"PQ4907.I597 I66 2014","0","0"
"PK1937 .K86 2012","0","0"
"E183.8.I55 M23 2013","0","0"
"PK2099.39.I405 I82 2013","0","0"
"PG7051 .C947 2014","0","0"
"PN2859.C93 H7347 2014","0","0"
"Z3101 .M58 2013","0","0"
"Z3101 .M58 2013","0","0"
"D286 .N65 2014","0","0"
"DS135.P6 K689 2014","0","0"
"D804.G4 D58 2014","0","0"
"TT102.5 .Z43 2004","0","0"
"DF211 .B48 2014","1","0"
"GR335.4.H83 H8313 1996","0","0"
"BX601 .L278 2014","0","0"
"PR9272.9.R34 G768 2014","0","0"
"PN1995.9.W6 S37 2014","0","1"
"DC235.1 .K87 2012","0","0"
"DB2650.O46 S822 2014","0","0"
"DK651.M74 G65 2013","1","0"
"PQ7392.E24 D5 2012","2","0"
"LE36.S34 A73 2012","0","0"
"PQ8550.17.O36 H67 2013","0","0"
"PQ6654.I272 L6 2014","0","0"
"G155.M6 N38 2013","0","0"
"HC152.5 .L344 2013","0","0"
"HN771 .A33 2014","0","0"
"HQ1064.M4 V55 2013","0","0"
"PL2732.A35 A6 2012","0","0"
"BX4700.C9 A527 2013","0","0"
"BX601 .M3854 2013","0","0"
"RS131.64 .L5463 2014","0","0"
"PA6047 .C296 2014","0","0"
"F1788 .F586 2014","0","0"
"RS131.64 .L5462 2014","0","0"
"PH2740 .E7","0","0"
"PH2740 .E7","0","0"
"Z2148.L5 M35","0","0"
"Z2148.L5 M35","0","0"
"PL992.9.S53 A2 2014","0","2"
"BJ1408.5 .M67 2014","0","0"
"PG3479.R287 Z47 2014","0","0"
"PR9265.9.B75 M93 2014","1","0"
"PS3620.R688 K55 2014","1","0"
"B4815.H44 A3 2014","0","0"
"PG3491.6.R39 O45 2014","2","0"
"PC4854.D6 D55 2013","2","0"
"PR6070.O5 A6 2014","0","0"
"PG3065.A24 A55 2014","0","0"
"F1938 .H575 2013","0","0"
"PQ8497.V35 Z595 2014","0","0"
"PQ8010 .M67 2014","0","0"
"PG3479.4.I656 Z457 2013","0","0"
"JL2681 .C373 2014","0","0"
"PG3492.38.Z83 D66 2013","0","0"
"F1938.4 .E75 2013","0","0"
"PQ8498.12.A75 E77 2014","0","0"
"F3434.C4 P37 2014","0","0"
"PH3351.S5972 E64 2013","0","0"
"PS3569.K577 C66 2014","0","0"
"DR2051 .J684 2014","0","0"
"JC328.5 .K38 2015","0","0"
"HG4930 .C86 2014","0","1"
"K797 .H37 2014","0","0"
"TX724.5.C5 C54417 2014","6","0"
"JA84.C3 C74 2014","1","0"
"GF80 .P73 2014","0","0"
"HV6431 .E934 2014","0","0"
"HM467 .J33 2015","1","0"
"JC585 .B275 2014","1","1"
"JV6255 .I56 2014","0","0"
"GV125 .D35 2014","0","0"
"HV3006.A4 S786 2014","0","0"
"HN80.N5 M36 2014","0","0"
"QC925 .K47 2014","0","0"
"HQ659 .D68 2014","0","1"
"E164 .M86 2014","0","0"
"HB119.L56 G66 2014","2","1"
"HD9437.U63 S684 2014","3","0"
"LC67.6 .A26 2014","2","0"
"JK1976 .E437 2014","1","0"
"LB3609 .G65 2014","0","0"
"HB141 .F69 2014","0","0"
"E98.R4 G53 2014","1","0"
"HN797.Z9 C6648 2014","1","0"
"PN4749 .C53 2014","2","0"
"BF692 .D54 2014","0","1"
"KZ7180 .L49 2014","0","0"
"KF8742 .F74 2014","0","0"
"E92 .C68 2014","6","0"
"HC227.5 .A73 2014","1","1"
"JZ1237 .S36 2014","0","0"
"PN1991.3.U6 C365 2014","3","0"
"BF515.H27 M37 2014","1","0"
"PN1992.8.W65 D693 2014","1","2"
"HV5840.M6 C37 2014","0","0"
"PN2532.L56 R46 2014","0","0"
"PG3460.C9 T52 2014","0","0"
"HG1615.25 .D472 2015","2","0"
"HG540 .B36 2014","0","0"
"HD9415 .G46 2014","2","1"
"HD9349.S634 C6323 2015","5","2"
"LB14.7 .D36 2014","0","0"
"HV6773 .B47 2014","1","1"
"HG171 .M34 2015","0","0"
"HJ2005 .P8697 2014","0","0"
"HG3897 .O84 2014","0","0"
"HB3722 .F447 2014","1","0"
"HC60 .W348 2014","3","0"
"PN4874.G6985 A3 2014","2","0"
"HQ756 .G554 2015","1","0"
"PN4874.T444 W46 2014","5","0"
"GT3912 .K44 2014","1","1"
"HF1411 .H36 2014","0","1"
"HF5470 .H57 2015","2","0"
"JQ36 .I53 2014","0","0"
"HD1691 .B355 2015","0","0"
"LC1095 .B55 2014","2","0"
"P40.5.L352 C85 2014","0","0"
"KG83 .L39 2015","2","0"
"HC427 .L4455 2014","0","0"
"HD5710.75.U6 W46 2014","0","1"
"JV7625.2 .C47 2014","0","0"
"HG179 .O7787 2014","0","1"
"HC79.T4 N35 2014","1","0"
"JF2051 .G827 2014","0","0"
"JK468.I6 B336 2014","2","1"
"HD7287.96.D44 G68 2015","2","0"
"HD9506.A352 B63 2015","1","0"
"P96.C742 G793 2014","0","0"
"P96.S58 Q47 2014","8","1"
"BF109.F76 D87 2014","1","0"
"HD83 .R37913 2014","0","0"
"HM671 .B45 2014","0","0"
"GF95 .R47 2014","0","0"
"HM821 .T87 2015","0","0"
"JN329.C7 S64 2014","0","0"
"JK1021 .T75 2014","1","1"
"HN373.5 .R67 2015","0","0"
"HV6433.G3 B58 2014","0","0"
"JN329.I6 B63 2014","1","0"
"HD1691 .P39 2014","0","0"
"H62.5.U5 B85 2014","0","0"
"JK1726 .C36 2012","0","0"
"HN740.Z9 S6146 2014","0","0"
"HG6024.A3 N347 2014","2","0"
"P95.8 .F729 2014","0","0"
"HV8073.5 .M155 2014","3","0"
"HB171 .C655 2015","1","0"
"HT1394.N5 W37 2014","0","0"
"TS190.5 .H39 2014","0","0"
"JC596 .H67 2014","1","0"
"HD38.5 .M3639 2014","0","0"
"HQ759 .M68 2014","0","0"
"JF60 .B475 2014","1","0"
"HM821 .M38 2014","4","0"
"HQ759.46 .S84 2014","0","0"
"HM831 .B373 2015","1","0"
"HX73 .C69 2014","4","0"
"HD9993.B542 K43 2014","0","0"
"JK692 .D87 2014","0","0"
"PG3549.L56 A6 2014","0","0"
"PG3482.8.U247 S69 2014","0","0"
"PG3483.E859 I9 2014","0","0"
"PG3478.I89 O84 2013","0","0"
"PG3467.K8 Z886 2013","0","0"
"PG3065.W37 G47 2013","0","0"
"DT1348 .S26 2012","0","0"
"PR431 .B537 2013","1","0"
"PG3491.5.H595 P53 2014","1","0"
"PQ6647.A514 Z79 2013","0","0"
"PG3479.4.I8 N84 2014","0","0"
"PC3680.E85 E97 2014","1","1"
"N5247.W3 A2 2013","2","0"
"N5247.W3 A2 2013","2","0"
"CR2032 .N285 2013","0","0"
"PH3402.T7 V34 2013","0","0"
"PG2988.M67 L58 2013","0","0"
"PH3321.R37 S95 2014","0","0"
"DB950.A1 U54 2014","0","0"
"PH3028 .S925 2014","1","0"
"DB2742.H8 U48 2014","0","0"
"D763.B4 V47 2014","0","0"
"QH70.L29 M87 2013","1","0"
"PC4876 .S45 2014","0","0"
"F317.J2 F67 2014","0","0"
"BD241 .A36 2014","0","0"
"BV3785.G69 W33 2014","3","0"
"PN1998.3.C6635 B833 2014","0","0"
"PR6039.O32 L63465 2014","0","0"
"B2430.L484 B48 2014","1","0"
"PS3616.A365 A6 2014","0","0"
"BL1138.66 .D38 2015","1","0"
"PN1997.V577 Y88 2014","1","0"
"HQ76.3.L29 V57 2014","0","0"
"PQ8334.C45 L67 2014","3","0"
"DR2051 .S66 2015","2","0"
"PS3612.I52 F38 2014","0","1"
"F394.F7 R53 2014","0","0"
"B3327.R64 P665 2014","2","0"
"DE15 .F76 2014","5","0"
"PA3136 .B55 2014","3","0"
"D16.9 .K5813 2014","6","0"
"B701.Z7 I58 2014","1","1"
"BS2575.52 .K6613 2014","1","0"
"PR9265.05 .H37 2014","0","0"
"HQ27 .B47 2014","2","0"
"BS2417.K5 H37 2014","2","0"
"D524.7.M53 F39 2014","1","0"
"DG231 .C65 2015","2","0"
"F369 .L8845 2014","0","0"
"F594 .G776 2014","0","0"
"PA6522 .A3 2014b","2","1"
"F277.C4 H36 2014","1","0"
"BX4705.N5 C69 2014","1","0"
"E445.N54 G54 2015","0","0"
"E458.7 .M94 2014","5","0"
"BR375 .G86 2014","2","0"
"HQ29 .E355 2014","0","1"
"PA4413.A7 R48 2014","1","0"
"PR5907 .S36 2014","0","0"
"BD450 .L795 2014","1","0"
"D568.5 .G37 2014","0","0"
"E508.5 1st .S68 2014","2","0"
"E185.615 .F398 2014","0","0"
"PN56.M54 E67 2014","3","0"
"BX2250 .L357 2014","0","0"
"PR149.S4 L56 2014","2","0"
"BJ1185.C5 H828 2014","0","1"
"PT6592.21.R6 Z568 2014","0","0"
"PS169.W4 B44 2014","1","0"
"E185.97.S37 M68 2014","0","0"
"PR1924 .M466 2014","0","0"
"PS3604.O9547 A6 2014","0","1"
"PN1998.3.R633 A64 2014","0","0"
"PL772 .C65 2014","0","0"
"HQ1735.6 .K56 2014","1","0"
"PS3608.U343 C69 2014","0","0"
"E449.D75 D687 2014","1","0"
"B2918.E5 W55 2014","0","0"
"F1034.2 .K53 2014","0","0"
"F1414 .A76 2014","1","0"
"B1674.W354 L87 2014","4","0"
"F181.8 .D55 2014","0","0"
"HQ1236.5.U6 B562 2014","2","1"
"HQ76.2.P62 M363 2014","0","0"
"HQ75.16.U6 U53 2014","3","1"
"F2324.I79 V356 2014","0","0"
"PH3281.K3 Z58 2014","0","0"
"PN1995.9.S8 G47 2014","1","0"
"PG5039.14.E43 O23 2013","0","0"
"B2849.S92 I55 2014","0","1"
"PG3492.6.E965 N2 2014","0","0"
"PH3351.T226 C54 2014","0","0"
"DP272 .C373 2014","0","0"
"P302 .K497 2013","0","0"
"PQ6605.E7 Z497 2013","0","0"
"DS7 .K38 2014","0","0"
"PR6056.U43 A6 2014","0","0"
"CT3805 .B35 2014","0","0"
"NB133 .P27 2002","1","0"
"PR6068.O234 B68 2014","0","0"
"HQ1180 .P364 2012","0","0"
"F1294 .T47 2013","0","0"
"PQ7236.P7 R67 2008","0","0"
"PQ7236.P7 R67 2008","0","0"
"PN56.H55 B66 2014","1","0"
"PM4466.Z77 B38 2013","2","1"
"PQ6327.P5 A43 2014","0","0"
"D802.R82 B788 2014","0","0"
"RC489.A7 C65 2014","1","0"
"RC552.E18 B64 2015","1","0"
"GV584.N8 N68 2014","0","1"
"PT2681.T6898 A78 2014","0","0"
"PA6279.I6 G55 2014","0","0"
"PQ2707.R445 N68 2014","0","0"
"DK34.G3 K6188 2014","0","0"
"PQ2720.R36 V69 2014","0","0"
"PQ8550.1.L45 H67 2013","0","0"
"DC34.5.A37 B37 2014","0","0"
"PS228.M37 A48 2014","1","0"
"PN1993.5.U6 A854 2015","1","0"
"PS151 .D68 2014","0","2"
"DS281 .S25 2014","0","0"
"DS134 .W65 2014","1","0"
"BP195.I8 P66 2014","0","1"
"PR4148.R4 F37 2014","2","0"
"D887 .B747 2014","1","0"
"D887 .B75 2015","1","0"
"PR4233 .A25 2014","0","1"
"DT365.3 .R49 2014","0","0"
"BR115.C45 W37 2014","2","0"
"BX1912.9 .F67 2014","0","0"
"PS169.A88 C73 2014","3","0"
"E467.1.C98 M33 2014","0","0"
"PN761 .C57 2014","1","0"
"PQ6669.E5117 Z63 2014","1","0"
"PR2848.A2 S35 2014","1","0"
"PR9619.3.M26755 D74 2014","3","0"
"PN1995.9.N38 E26 2015","1","0"
"BR115.C8 W53 2014","2","0"
"PR6106.R4546 F35 2014","3","0"
"PQ6657.I68 T5413 2014","0","0"
"E807.1 .R4125 2014","2","0"
"D794.5 .O37 2014","2","0"
"DS559.5 .S94 2014","0","0"
"E162 .L35 2014","0","0"
"DT95.5 .M54 2014","5","0"
"HQ76.8.U5 G39 2015","3","0"
"PQ6073.M6 S65 2014","2","0"
"HQ1587 .G464 2015","1","0"
"HQ1236 .G56 2014","0","0"
"DS145 .F655 2014","2","0"
"PS3603.L37 H37 2014","2","0"
"PJ5055.22.A94 G5813 2014","2","0"
"PN1995.9.S26 B55 2014","1","1"
"PN1995.9.R63 P56 2014","0","0"
"B3317 .K266 2014","0","0"
"BT203 .S86 2014","1","0"
"BR129 .P38 2014","0","0"
"PN56.M24 S27 2014","0","0"
"PN56.M24 M34 2014","1","0"
"PN2860 .M35 2014","0","0"
"PS1331 .K38 2014","0","0"
"BM509.D56 M43 2014","0","1"
"BP187.3 .S27 2014","3","0"
"DR38.3.E85 M58 2014","0","1"
"PS2384.M62 M623 2014","3","0"
"PN56.M54 C49 2014","1","0"
"HQ1791 .S35 2014","1","0"
"DS316.6 .S55613 2015","0","0"
"BS520.5 .M98 2014","0","0"
"E744 .R84 2014","1","0"
"B2430.F723 D8 2014","4","0"
"D726.7 .H68 2014","0","0"
"PN45 .B376 2015","0","0"
"BL2592.C35 S44 2014","3","0"
"BX4700.B6 S245 2014","1","0"
"PQ3988.5.A5 P73 2014","0","0"
"DK510.766.P87 D39 2014","4","0"
"PT2603.E455 A26 2014","3","0"
"BL458 .R44 2014","1","2"
"PN56.W3 R49 2015","1","0"
"PR447 .H54 2014","0","0"
"DP219 .L39 2014","1","0"
"PS3552.E75 A6 2014","0","0"
"BD215 .G75 2014","1","0"
"PN56.V53 V56 2014","2","1"
"DS727 .V57 2014","2","0"
"E470 .U55 2014","0","2"
"E184.A1 C4425 2014","2","1"
"PN2051 .B79 2015","0","0"
"BS650 .C67 2014","3","0"
"PR448.M66 D38 2014","0","0"
"PN2287.H316 T57 2014","2","0"
"PQ2707.E67 V5613 2014","2","0"
"PR6013.R2 Z69 2014","0","0"
"PE1068.U5 B55 2014","1","0"
"PR6119.W354 B58 2013","3","0"
"BV4935.L43 C66 2014","0","0"
"PS3552.R2147 C38 2014","0","0"
"HQ1155 .C53 2014","1","0"
"PR6115.R444 C43 2014","2","0"
"BL2710 .C47 2014","3","0"
"BT695.5 .K87 2014","3","0"
"BT695 .F38 2014","0","0"
"HM851 .A87 2012","7","0"
"PR6051.L588 Z57 2014","0","0"
"BL613 .D59 2014","8","0"
"DT107.87 .E39 2014","1","0"
"BS2665.53 .W35 2014","2","2"
"BL205 .B56 2014","0","0"
"PS3606.I883 F38 2014","0","0"
"BM723 .F76 2014","0","0"
"HQ1170 .C84 2014","3","0"
"PR6023.A93 Z5635 2013","0","0"
"HQ1410 .D87 2014","4","0"
"PQ2707.U28 P4813 2014","1","0"
"PA3872 .E5 2014","2","0"
"PG1419.1.L335 A2 2014","2","0"
"PN1997.2 .L43 2014","1","0"
"PN1997.2 .L75 2014","1","0"
"BT767.8 .C66 2014","0","0"
"PF640 .N66 2014","1","0"
"PA710 .A37 2014","1","0"
"D922 .B416 2014","1","0"
"PA1058 .B44 2014","1","1"
"PN57.J47 H65 2015","1","0"
"PQ3949.2.F7 M87 2014","3","0"
"BL625.9.I55 K58 2014","1","0"
"PQ2713.A63 D4813 2014","3","0"
"PR6113.A253 S66 2014","2","0"
"PN2193.E86 B53 2014","0","0"
"PS3563.O618 U53 2014","0","0"
"BT701.3 .D45 2014","2","0"
"PT9875.J37 A2 2014","3","0"
"PQ4863.O745 M56 2014","0","0"
"PN56.G55 E875 2009","0","0"
"PG7174.S5 Z46 2013","1","0"
"PG7174.S5 Z46 2013","1","0"
"D726.5 .F366 2014","5","0"
"JC71 .P3516 2014","0","0"
"PT2661.R75 Z756 2013","0","0"
"PG7158.B7962 S73 2012","0","0"
"PG7158.B7962 S73 2012","0","0"
"PN1995.9.D6 A53 2014","0","0"
"DS523.4.M35 A467 2014","0","0"
"HD8709.J362 S87 2013","0","0"
"PQ4037 .A86 2012","0","0"
"JQ1063.A56 L69 2014","2","0"
"PR6116.A83 T78 2014","1","0"
"DS530.65 .M93 2013","4","0"
"PS3604.U7275 M38 2014","0","0"
"DS849.M3 K37 2013","0","0"
"HA4587.B53 C46 2011","0","0"
"JQ1062.A95 A34 2013","1","0"
"PQ2639.H57 Z73 2014","0","0"
"PR6069.U84 M687 2014","0","0"
"HD1698.S644 G68 2013","1","0"
"HA4727 2009 .A4 2011b","1","0"
"HA4727 2009 .A4 2011b","0","0"
"HA4727 2009 .A4 2011b","1","0"
"HA4727 2009 .A4 2011b","1","0"
"HA4727 2009 .A4 2011b","1","0"
"HA4727 2009 .A4 2011b","0","0"
"PN6044 .E73 2014","0","0"
"HA4727 2009 .A4 2011b","1","0"
"HA4727 2009 .A4 2011b","0","0"
"HN530.2.C28 M36 2014","0","0"
"B105.W3 G47 2014","0","0"
"DS597.2 .Z335 2013","0","0"
"HD6077.2.I4 N35 2009","0","0"
"KPG2544.3 .A96 2011","0","0"
"DS595.2.M35 A225 2013","0","0"
"PQ8550.13.A37 P64 2014","0","0"
"DK71 .K26 2014","0","0"
"PQ8097.N4 Z6896 2014","1","1"
"DC420 .D44 2014","0","0"
"PK9051.5 .D24 2006","0","0"
"PK9051.5 .D24 2006","1","0"
"PK9051.5 .D24 2006","1","0"
"PK9051.5 .D24 2006","1","0"
"PK9051.5 .D24 2006","0","0"
"PK9051.5 .D24 2006","0","0"
"PK9051.5 .D24 2006","0","1"
"PK9051.5 .D24 2006","0","1"
"DK857.75.E85 V65 2014","0","0"
"DS95.6.F8 K63 2014","0","0"
"PN4784.T73 G82 2014","0","0"
"PR6051.N3955 O28 2014","1","0"
"PQ245 .L54 2012","1","0"
"DK53 .B84 2012","1","0"
"PR6005.A74 A6 2014","0","0"
"PQ2191.S63 B66 2014","0","0"
"F1232 .G9962 2011","0","0"
"PQ4845.N4 Z48 2014","0","0"
"DT199 .B87 2013","0","0"
"TX769 .O285 2012","1","0"
"DR61.5 .P634 1962","2","0"
"Z305.E293 E95 2014","0","0"
"F3081 .B23 2014","0","0"
"PG5038.B328 N68 2014","0","0"
"PQ6064 .L58 2014","0","0"
"DD220 .K35 2014","0","0"
"PQ2708.A34 P36 2014","0","0"
"PT2671.R376 M45 2014","0","1"
"PH3351.S9654 M27 2014","0","0"
"PT2609.N9 Z46 2014","0","0"
"DT295.5 .G67 2013","0","0"
"DT469.M4975 D35 2013","0","0"
"PJ3711 .M48 1988","2","0"
"PJ6148.5.N44 D54 2014","0","0"
"BT751.3 .B35 2013","0","0"
"PJ6064.J8 K43 2014","0","0"
"DT325.92.M58 A3 2014","0","0"
"DS98.72.J33 P65 2013","0","0"
"PQ1148.E94 C33 2014","1","0"
"B785.P54 G568 2014","0","0"
"KPA2101 .C478 2013","0","0"
"DS924.T655 C535 2013","0","0"
"PQ4389 .V54 2014","0","0"
"PG5038.C3 Z68 2013","0","0"
"NK2673.6.A1 D47 2013","0","0"
"DB2178.7 .K45 2014","0","0"
"DG522.A155 C66 2013","0","0"
"DS556.42 .Y53 2013","0","0"
"KF3825 .H25 2014","10","0"
"PH3382.16.E43 Z472 2014","0","0"
"PQ4710 .P427 2013","0","0"
"HV800.I52 B83 2007","0","0"
"HV800.I52 B83 2007","0","0"
"DS910.2.M66 P35 2013","0","0"
"PQ4913.A68 T45 2014","0","0"
"LB3045.66 .T48 2009","0","0"
"LB3045.66 .T48 2009","0","0"
"PN1998.3.V64 B43 2014","0","0"
"DS910.2.C5 S563 2013","0","0"
"PR6039.H52 A17 2014","1","1"
"PQ4801.L75 Z776 2013","0","0"
"PT2668.A5 Z88 2014","0","0"
"B5254.C564 C4525 2011","0","0"
"DS779.49.X53 S66 2014","3","1"
"PR6063.A34 Z56 2014","1","1"
"PN1995.9.S87 B78 2013","0","2"
"PL3861 .N67 2008","0","0"
"PL3861 .N67 2008","0","0"
"PL3861 .N67 2008","0","0"
"PL3861 .N67 2008","0","0"
"PL3861 .N67 2008","0","0"
"PQ4878.A2 A17 2014","1","0"
"PQ4878.A2 A17 2014","1","0"
"NA1546.H66 X84 2014","0","0"
"PT2685.O36 Z46 2014","0","0"
"HG1302 .Y36 2014","0","0"
"PR9499.3.R3677 P37 2013","0","0"
"GN397.7.I4 P37 2013","0","1"
"HC435.3 .S564 2013","0","0"
"PT2662.E94 G7 2014","0","0"
"PK2598.A56 B36 2013","0","0"
"PQ4903.A87 D47 2014","0","0"
"PS3569.T3655 S83 2014","4","0"
"PQ4872.E785 B73 2014","0","0"
"PQ4862.O63 L63 2014","0","0"
"DS778.C593 A25 2014","1","0"
"HD8716.5 .A384 2014","0","0"
"DS793.G67 D66 2014","0","0"
"DS795.3 .H428 2014","0","0"
"CT787.L54 L54 2014","2","0"
"PQ4916.I33 A87 2014","0","0"
"PQ4809.A52 Z89 2014","0","0"
"PL994.29.I63 K84 2013","1","0"
"BR65.O5 G4 2009 Bd. 21","0","0"
"PL994.77.M5 A6 2013","1","0"
"PS3618.A989 I86 2014","1","0"
"PS3618.A989 M87 2014","1","0"
"JN94.A38 R436 2014","0","0"
"JZ5584.A35 A48 2014","1","0"
"PR6057.R237 G73 2014","0","0"
"PT2671.E43 Z96 2014","0","0"
"PT2625.A95 C34 2014","2","0"
"PQ4902.U88 C56 2014","0","0"
"PT2662.E293 Z64 2014","0","0"
"PQ4916.A337 C53 2014","0","0"
"PQ4174 .B275 2014","0","0"
"BP80.A14 S58 2010","0","0"
"PK6451.B249 A17 2006","0","0"
"PK6549.S44 Z95 2012","0","0"
"BP80.F36 S43 2003","0","0"
"PK6561.G476 A62 2012","0","0"
"PK6561.S84 B39 2011","1","0"
"B753.I24 J34 2011","1","0"
"BP80.M286 F57 2010","0","0"
"DS313 .Q29 2012","0","0"
"BP130.1 .N326 2009","0","0"
"PK6550.V3 A17 2011","0","0"
"BP173.4 .M39 2011","3","0"
"BS580.S6 D38 2012","0","0"
"KBP546.955 .S53 2011","0","0"
"BL238 .M34 2012","0","0"
"BP173.7 .Q29 2010","0","0"
"BP173.75 .Y87 2008","0","0"
"HD9576.I62 H36 2010","0","0"
"PK6233 .V34 2011","0","0"
"BP166.93 .A44 2009","0","0"
"PQ4912.A33 F47 2014","0","0"
"BP187.2 .H38 2010","1","0"
"RC454 .M56 1951","0","0"
"PR6066.O67 T96 2014","0","0"
"BX597.M46 T28 2014","0","0"
"PG5039.21.A26 S56 2014","0","0"
"PG3458 .L444 2013","0","0"
"F1306 .P46 2013","0","0"
"F1391.M8 M37 2010","0","0"
"PL992.415.H92 K56 2008","1","0"
"PL994.415.C424 P85 2011","0","0"
"HN730.5.Z9 M8445 2014","0","0"
"GT1565 .L44 2013","2","0"
"PH3136.5.C45 M35 2013","0","0"
"GV1703.K6 F55 2013","1","0"
"HC435 .H335 2013","0","0"
"R627 .H87 2013","2","1"
"PN2881 .S566 2014","0","0"
"HQ767.5.I5 L35 2014","0","0"
"GV1114.9 .T3555 2013","0","0"
"RC48 .M39 1954","0","0"
"RC48 .M39 1954","0","0"
"PK2903 .P73 2014","0","0"
"PQ6627.R8 M4 2014","0","0"
"PQ6627.R8 M4 2014","0","0"
"PS3572.E2 M37 1994","0","0"
"DS436 .H57 2014","0","0"
"RC111 .B56 1953","0","0"
"RC111 .B56 1953","0","0"
"PL2489 .L65 2012","0","0"
"DS403 .C66 2014","0","0"
"BV639.W7 M36 2014","1","0"
"DS483.75 .O56 2014","0","0"
"HT720 .H58 2014","0","0"
"F3448.5 .M37 2014","0","0"
"DS775.2 .C45267 2014","1","0"
"UA840 .M355 2013","0","0"
"DA688 .H88 2013","2","0"
"DC242 .O34 2014","1","0"
"JC578 .L527 2014","0","0"
"PR6062.O515 .S73 2014","1","0"
"F3451.A45 Y38 2014","0","0"
"F3060 .E64 2013","0","0"
"HD5707.5 .C24 2014","0","0"
"F2324.D53 G66 2013","0","0"
"HX393.5 .P38 2013","0","1"
"PN1995.7 .A97 2012","1","0"
"PG3314.Z8 K378 2013","0","0"
"PG5039.21.O849 N44 2014","0","0"
"PQ6633 .O73 2014","0","0"
"JQ1539.5.A91 L588 2014","0","0"
"KNN122 .Z46825 2014","0","0"
"LE7.M865 C654 2010","0","0"
"BX597.A77 A3 2014","0","0"
"LB1050.5 .P74 2003","0","0"
"PS3571.N448 P7518 2013","0","0"
"PQ7157 .C66 2014","3","1"
"BD431 .P384 2014","0","0"
"DS418 .C97 2012","0","0"
"R737 .F66 2014","8","1"
"Z6605.S3 A9332","0","0"
"JQ629.A38 C585 2014","0","0"
"PS3569.A516 D44 2014","0","0"
"Z6605.S3 A9232","0","0"
"Z6605.S3 A9232","0","0"
"Z6605.S3 A9232","0","0"
"Z6605.S3 A9232","0","0"
"Z6605.S3 A9232","0","0"
"BX4659.S3 H36 1994","1","0"
"PN1998.3.L526 W36 2014","0","0"
"PQ7499.2.A73 Z562 2014","2","0"
"KHQ135.F85 U44 2014","0","0"
"BJ2026 .V27 2014","0","0"
"HD37.C47 S564 2014","0","0"
"PQ8542 .B35 2013","0","0"
"PR6066.E7536 F38 2014","0","0"
"BX4844 .W58 2014","0","0"
"B4231 .S854 2014","1","0"
"PQ8259.R56 Z598 2007","1","0"
"PQ8897.R5 A6 2014","1","0"
"PQ8498.1.R316 A6 2013","0","0"
"DS486.D4 M4 2010","0","0"
"HD2346.P4 P479 2013","0","0"
"PN1995.9.L6 M66 2014","0","0"
"PQ6712.A643 B84 2013","0","0"
"PQ6142 .G37 2014","0","0"
"PQ6663.A7218 A85 2014","1","0"
"B3313.J43 F75 2014","1","0"
"DB2191.B45 E387 2014","0","0"
"LB1576 .G72626 2015","1","0"
"GR930 .V735 2013","0","0"
"HT395.S4 R238 2013","0","0"
"HF5415.1265 .V54 2014","0","1"
"P96.P75 C43 2014","0","0"
"JQ281 .I58 2013","1","0"
"HQ1593 .M529 2013","0","0"
"K5295 .R37 2013","0","0"
"B5134.G424 S58 2013","0","0"
"HV6545.5 .S94 2015","0","0"
"B3317 .F776 2014","0","0"
"HV8885 .S648 2014","0","0"
"PT2664.R324 S82 2014","0","0"
"HT147.I5 O94 2013","0","1"
"HT147.I5 O94 2013","0","0"
"HC435.3 .V46 2013","0","0"
"HT321 .P37 2014","2","0"
"PT2662.R38 B67 2014","0","0"
"PT2668.A438 L34 2014","0","0"
"LB3409.U5 G37 2014","0","0"
"PR9499.3.B264 V678 2013","0","0"
"HQ75.53 .Q83 2014","1","0"
"HN687 .R39 2014","0","0"
"PR9265.9.B75 J364 2014","0","0"
"PR6116.H48 W457 2014","2","0"
"GR305 .P43 2011","0","0"
"B809.8 .M567 2014","1","0"
"BL2018.5.W65 P73 2012","0","1"
"PR9499.4.M33483 M57 2012","0","0"
"D639.P39 H25 2014","1","0"
"PT2609.N9 A6 2014","0","0"
"PG3328.Z7 H853 2014","0","0"
"PR6062.A683 G58 2014","0","0"
"PQ6623.A7657 Z748 2014","0","0"
"F1224 .R63 2014","0","0"
"LB2806.15 .C836 2013","0","1"
"LC505.A2 E86 2014","1","0"
"PK9201.L59 K3737 2013","0","0"
"PG3453.B6 Z61724 2013","0","0"
"DS165 .B355 2013","0","0"
"PR6116.R44 S46 2014","0","0"
"JC51 .B75 2014","0","0"
"PS3619.C256 L63 2014","2","0"
"F1412 .A126 2013","0","0"
"HQ519 .R45 2014","0","1"
"PS3560.I6 M37 2014","2","0"
"PQ8381.D42 S36 2014","0","0"
"F1391.T14 M44 2013","0","0"
"PQ7384 .C394 2013","0","0"
"PQ8458 .K56 2014","0","0"
"NK922 .A56 2012","2","0"
"PQ6641.I9 Z855 2014","0","0"
"GV867 .F45 2006","0","0"
"Z720.A1 E88 2014","0","0"
"HN380.Z9 G563 2014","0","0"
"F1221.Z3 R56 2013","0","0"
"RA569 .F69 2014","3","0"
"R154.K265 W55 2014","1","1"
"D16.25 .N75 2014","0","0"
"F1391.M8 T57 2010","0","0"
"GN296.5.M6 P67 2014","2","0"
"HD7293 .J35 2014","2","0"
"F2326.O35 A5 2013","0","0"
"PQ637.D4 R49 2014","0","0"
"PQ8550.13.R38 H65 2014","0","0"
"Z658.S7 L37 2014","0","0"
"PN5278.C32 K56 2013","0","0"
"F3069 .H54 2004","0","0"
"F1210.9 .O74 2012","0","1"
"PG3335.Z65 G646 2014","0","1"
"DK35 .P643 2014","0","0"
"F1391.M8 J82 2012","0","0"
"KGF2216.M39 S65 2013","0","0"
"BX4827.S317 S8 2014","0","0"
"PN6737.C65 G54 2014","3","0"
"DA774 .S36 1992","1","0"
"JV7590 .C75 2014","1","0"
"PN241 .M24 2014","0","1"
"VG95.G7 A34 2014","0","0"
"HM477.I4 I535 2014","0","0"
"HM477.I4 I535 2014","0","0"
"HM477.I4 I535 2014","0","0"
"HV640.5.S8 D53 2014","0","0"
"DS485.H6 F33 2014","0","0"
"PL4758.9.P389 M3813 2013","2","0"
"DG70.P7 D57 1998","1","0"
"BF692 .T63 2014","1","1"
"LC2605 .L43 2014","0","0"
"LB1028.3 .S268 2014","0","0"
"DS481.N35 A25 1984","0","0"
"DS481.N35 A25 1984","0","0"
"DS481.N35 A25 1984","0","0"
"DS481.N35 A25 1984","0","0"
"DS481.N35 A25 1984","0","0"
"LB1715 .I57 2014","1","0"
"RC504 .J34 2014","0","0"
"D568.4.L45 S38 2014","0","0"
"HV6485.I4 M58 2014","0","0"
"HC79.C6 C6358 2013","2","0"
"HT147.I4 M66 2014","0","0"
"DS480.84 .J48 2014","0","0"
"DL65 .W55 2014","1","0"
"BL580 .C45 2014","0","0"
"HC426.5.C47 W36 2014","1","0"
"PQ4688.F6 Z64 2014","0","0"
"PQ4863.U42 M3 2014","0","0"
"LA1134.H6 Z428 2013","0","0"
"PG3487.C519 S83 2013","0","0"
"DS786 .Z3688 2013","0","0"
"PL2336 .Q556 2013","0","0"
"PL2336 .Q556 2013","0","0"
"PL2336 .Q556 2013","0","0"
"PL2336 .Q556 2013","0","0"
"PQ2707.U3895 S68 2014","0","0"
"DS799.9.T53 H36 2014","0","0"
"PQ4827.U9 A17 2014","0","0"
"F1089.N83 K67 2013","0","0"
"PN1997.C867 I47 2014","0","0"
"PQ4867.U17357 S675 2014","0","0"
"PS3623.I6735 W67 2014","1","0"
"D811 .K3155 2013","0","0"
"DK651.T9 P65 2014","0","0"
"PA3061 .L66 2014","0","0"
"N7346.H66 L5 2014","0","0"
"PS3562.I7844 T35 2014","0","0"
"DA533 .U45 2014","3","0"
"PL2727.S2 H899 2014","4","0"
"UA776.S64 M352 2014","0","0"
"PL2840.Y36 D83 2014","0","0"
"JC599.S65 P76 2014","0","0"
"PQ4082 .L53 2014","0","0"
"UA649 .M56 2014","0","0"
"DS33.2 .Z35 2014","0","0"
"PQ4913.O562 C66 2014","0","0"
"PQ4902.I458 A46 2014","0","0"
"PQ4873.A4635 P37 2014","0","0"
"HG3751.5 .P38 2014","0","0"
"BR143 .P23 2006","0","0"
"HV6295.C5 B36 2014","0","1"
"LB3013.3 .M2455 2014","0","0"
"HM717 .M34 2014","1","0"
"DS796.H75 L5859 2014","0","0"
"PS3619.T846 I3 2014","0","0"
"PK9201.C59 G275 2013","0","0"
"PL2862.I4275 P53 2012","0","0"
"PQ2666.A215 P46 2014","0","0"
"PL72.9.I377 S52 2012","0","0"
"PL2901.H7 S58 2014","0","0"
"BF697 .A87 2014","0","0"
"PR1228 .M37 2014","0","0"
"DG806 .N43 2014","0","0"
"DS98.13.K37 P47 2013","0","1"
"DC421 .G4453 2013","0","0"
"PQ2716.R84 G73 2014","0","0"
"HM742 .W31 2013","1","1"
"DS796.H75 C44833 2014","0","0"
"LC196 .C66 2014","0","0"
"PS3602.O32565 R44 2014","1","0"
"GV885.513 .M44 2014","0","0"
"JZ1480 .Z44 2014","6","0"
"HF5387 .A24 2014","0","0"
"HD30.28 .S396 2014","0","0"
"CC79.5.A5 S94 2014","4","2"
"HD9999.L853 C67 2014","2","0"
"JK521 .H65 2015","1","0"
"HC427.9 .Z43325 2014","1","1"
"JC355 .P334 2015","1","0"
"JC311 .C6448 2014","0","0"
"HB501 .M5486 2014","0","0"
"HD45 .H366 2015","0","0"
"JK2316 .H37 2014","0","0"
"JZ1480 .B29 2015","1","0"
"JF1061 .M67 2014","0","0"
"HC420.3 .H67 2014","0","0"
"HC427.95 .R45 2014","0","0"
"HJ5316 .E58 2014","2","0"
"HD59 .T356 2014","3","1"
"K915 .C43 2014","0","0"
"GT2850 .F674 2014","0","0"
"HF5415.13 .B6753 2014","0","0"
"HQ1075.5.J3 G455 2014","1","0"
"HV6322.7 .G436 2015","2","0"
"HN17.5 .G566 2014","1","0"
"KZ6368 .W37 2014","0","0"
"CC135 .H456 2014","0","0"
"HF5415.1265 .T867 2014","2","1"
"HG4515.13 .C56 2015","1","0"
"HG103 .L66 2014","1","0"
"HQ1061 .I5345 2014","2","0"
"P40.45.A785 L36 2014","1","0"
"HD57.7 .A4275 2015","1","0"
"HD58.9 .P65 2015","1","0"
"HD30.28 .M3656 2014","0","0"
"HD60 .C444 2014","0","0"
"HM1271 .M853 2014","0","0"
"HC59.72.E5 P464 2015","0","0"
"JK1991 .L53 2014","2","0"
"HD9016.A2 P6238 2014","0","1"
"HN670.25.Z9 V555 2014","1","1"
"HD60 .W465 2014","2","0"
"HD66 .P85 2014","2","0"
"HD999.L852 P56 2014","0","0"
"HV6024.5 .R44 2014","1","0"
"KF1439 .R47 2014","0","0"
"HV8079.S48 R47 2014","0","0"
"HF5549 .R637 2015","1","0"
"HM477.E85 R68 2014","0","0"
"JZ1320.4 .R68 2014","1","0"
"HB75 .R67484 2015","1","0"
"HN110.5.Z9 C62667 2014","0","0"
"HM708 .S633 2014","0","1"
"HF5385 .Z334 2014","2","0"
"HT241 .U58 2015","1","1"
"HD6072 .W44 2014","6","0"
"GA151 .T93 2015","4","0"
"DT30.5 .M35 2014","0","0"
"HM1271 .G78 2014","0","0"
"JZ1570 .Y66 2015","0","0"
"KGJ759 .K33 2015","0","0"
"HT352.E85 C66 2014","0","0"
"H61 .B43 2014","2","0"
"LB1576 .L486 2015","0","1"
"BF636.7.C76 R38 2014","0","0"
"BF713 .L82 2014","1","2"
"HV551.2 .B35 2015","0","0"
"LB1576 .E17 2015","0","0"
"HT151 .W44 2014","1","0"
"HQ767.9 .C74 2014","0","0"
"JS241 .G66 2014","0","0"
"HM449 .E88 2014","3","0"
"PN1992.77.H615 H66 2014","0","0"
"HV553 .C55 2014","1","0"
"HD53 .M386 2014","0","0"
"HD57.7 .C88 2014","1","0"
"GT476 .B58 2014","1","0"
"BF575.A86 L68 2014","2","0"
"HD7287.72.G7 C43 2015","1","0"
"P118.2 .M677 2015","4","0"
"HV8148.N5 N497 2015","3","0"
"JC327 .C63 2014","1","0"
"HC256.7 .O96 2014","0","0"
"BF173 .P64196 2015","0","0"
"HD3872.G7 B66 2013","1","0"
"HD30.255 .K76 2014","1","0"
"HM881 .J37 2014","6","0"
"BF713 .R47 2014","1","0"
"HF3836.5 .G67 2014","0","0"
"HG4027.6 .F57 2014","0","0"
"HF5549.5.T7 C5853 2015","2","0"
"HD9681.A2 V37 2014","0","1"
"HD5701.5 .L46 2014","0","0"
"HX11.I5 W67 2014","0","0"
"BF723.R46 U54 2015","0","0"
"KF8742 .E67 2014","1","0"
"E99.C877 D87 2014","2","0"
"LC213.22.C2 H87 2014","0","0"
"JZ1480 .D53 2014","1","0"
"HD57 .P38 2014","1","0"
"LA226 .G395 2015","3","0"
"PN5630 .D34 2014","0","0"
"PN4751 .S56 2014","1","0"
"JK2316 .L36 2014","2","0"
"H61.15 .G86 2014","0","0"
"HV9106.A64 S56 2014","0","0"
"GV1624.A7 S63 2014","0","0"
"HV1451 .D45 2015","1","0"
"JC323 .B648 2015","3","0"
"HN460.V5 S43 2014","0","0"
"HB195 .C693 2015","1","1"
"HD7096.E8 D85 2014","0","0"
"HB849.49 .H367 2014","0","1"
"JC423 .G665 2014","0","0"
"JZ1310 .P694 2014","1","0"
"K5437 .S36 2014","0","0"
"GN320 .R28 2013","3","0"
"HV9582 .P37 2014","0","0"
"JK1726 .W67 2014","0","0"
"PS3545.R815 Z6635 2014","1","0"
"PS217.A38 D65 2014","0","0"
"B279 .L36 2015","0","0"
"BV741 .W46 2014","0","0"
"E467 .C79 2014","3","0"
"BT821.3 .G75 2014","11","0"
"PR408.I59 R83 2014","0","0"
"F7 .P55 2014","1","0"
"BD184 .A36 2014","0","0"
"BR560.N4 B85 2014","6","0"
"PR317.A55 Y42 2014","0","0"
"PA3622.P38 G74 2014","0","0"
"PA3622.P38 G74 2014","0","0"
"PS3569.I44 A7955 2014","0","0"
"E183.8.G7 C78 2014","2","0"
"DK508.925 .C93 2014","3","0"
"DS897.K857 S73 2014","3","1"
"F2537 .M77 2014","0","0"
"B995.L654 M37 2014","0","0"
"F372 .S65 2014","0","0"
"PR888.M63 J69 2015","1","0"
"BX1746 .B425 2014","0","0"
"D790.253 351st .M47 2014","0","0"
"PE1404 .J647 2014","0","0"
"F279.P37 B87 2014","2","0"
"HQ76.2.L42 B456 2014","4","0"
"BS2555.52 .H39 2014","8","0"
"PA6495 .P35 2014","2","0"
"PR9645 .L66 2014","0","0"
"E185.925 .E44 2014","1","0"
"PS166 .S85 2014","1","0"
"E354 .D74 2014","2","0"
"PG3098.3 .V354 2014","0","1"
"PA6706 .A3 2014","6","0"
"DK268.3 .R58 2014","2","1"
"PS3618.A9828 A6 2014","0","0"
"E185.625 .S63 2014","2","1"
"PN56.C55 C36 2014","1","1"
"PS3603.H78 A6 2014","0","0"
"PS3569.H392155 D46 2014","1","0"
"PA 3106 .P38 2014","0","0"
"PN1998.3.S4518 J39 2015","0","0"
"BS1235.53 .O3313 2013","0","0"
"DS35.63 .L37 2014","1","0"
"F2551 .D39 2014","1","0"
"DD229 .R6412413 2014","2","0"
"B2433.L374 G36 2014","4","0"
"BD431 .L4163 2014","1","0"
"PS3603.O53215 M35 2014","1","0"
"P92.C5 M435 2014","1","0"
"B831.2 .S73 2013","1","0"
"PN1590.G39 S33 2014","0","0"
"PT7234.E5 L37 2014","4","0"
"PN50 .W486 2014","4","0"
"BP195.S18 R33 2014","0","0"
"PS3613.A81933 T63 2014","0","0"
"PR3100 .O98 2014","0","0"
"PS3562.A844 S25 2014","1","0"
"GR154.5 .C76 2011","0","0"
"GR154.5 .C76 2011","0","0"
"ND1145 .H834 2014","0","0"
"N6822.5.M3 M48 2014","0","0"
"HT151 .T34 2014","0","0"
"PS3557.I2264 P47 2014","7","0"
"CT3990.A2 Y835 2014","0","0"
"E748.R672 M86 2015","1","0"
"GV1071 .L39 2009","0","0"
"DS779.46 .Q2578 2014","0","0"
"PN2875.J52 B35 2014","1","0"
"LC3085.F7 C54 2014","0","0"
"PR9192.52 .L67 2014","0","0"
"Z6621.K78533 P48 2014","0","0"
"Z6621.K78533 P48 2014","0","0"
"DL528.5 .F76 2014","2","0"
"E815 .W45 2014","0","0"
"PL2848.S463 X43 2014","0","0"
"PL2946.3.A685 A6 2014","0","1"
"HV6773 .C646 2014","11","0"
"E184.37.G74 A3 2014","2","0"
"DS779.49.X53 M36 2014","1","0"
"AC127 .T36 2008","1","0"
"RC552.P67 V355 2014","23","0"
"GV342.27 .A64 2014","0","0"
"RC553.D35 A24 2015","1","0"
"RA790.5 .K56 2014","2","0"
"PG1420.1.N4 H66 2013","1","0"
"DK559.5.P64 N45 2014","0","0"
"PK6546 .Y39 2014","0","0"
"PK6546 .Y39 2014","1","0"
"DS779.49.X53 L56 2014","0","0"
"D299 .Z36 2014","2","0"
"BP330 .J38 2014","0","0"
"DS779.29.J53 J56 2014","1","1"
"PS3552.U46725 I58 2014","0","0"
"DS324.F3 A68 2012","1","0"
"DS324.F3 A68 2012","1","0"
"DS324.F3 A68 2012","0","0"
"PS3552.U46725 P66 2014","0","0"
"BP188 .G47213 2014","0","0"
"PE1128.A2 E54 2014","1","0"
"LA627 .K63 2008","0","0"
"PR6054.U38 A6 2014","0","0"
"HA31.2 .I47 2015","0","1"
"PK6528 .A63 2014","0","0"
"PK6528.A63 Z83 2014","0","0"
"GV342.27 .S63 2014","0","0"
"LB2371.4 K56 2014","2","0"
"JN1129.L32 R94 2014","0","0"
"JZ5588 .S563493 2014","0","0"
"PK6408 .D26 2014","1","0"
"PK6434 .J35 2014","0","0"
"LC93.A2 B87 2014","2","0"
"DK288 .K72 2014","0","0"
"DS318.81 .V345 2014","0","1"
"HV22 .F73 2014","0","0"
"PG2950 .F287 2013","0","0"
"CS857.D65 K66454 2012","1","0"
"B3317 .O326 2014","0","0"
"BX2321.S3 M58 2014","0","0"
"PL8021.E8 E97 2014","0","0"
"F1831 .N48 2011","2","0"
"PL2936.3.U29 Z46 2014","0","0"
"F1829.S2 V397 2013","1","0"
"F1809.P5 D837 2013","1","0"
"BF204.6 .L66 2014","4","0"
"PR9185.6.I5 M46 2014","1","0"
"DS779.28 .W36 2014","0","0"
"DS779.49.X53 J56 2014","3","0"
"RC450.G7 S74 2014","3","1"
"DS779.4 .L566 2014","0","1"
"DS779.49.X53 A56 2014","1","0"
"DS79.9.B25 M37 2014","3","0"
"HN110.5.A8 V46 2014","1","1"
"HF1385 .W55 2014","0","0"
"DS779.49.X53 Z36 2014","0","3"
"RC606.55 .C37 2014","1","0"
"HM1101 .T54 2014","2","0"
"PS29.H68 V65 2014","0","0"
"PQ8550.32.E4 Z85 2013","1","0"
"PL2863.Y36 H86 2013","0","0"
"HM477.F8 P54 2014","0","0"
"BF575.H27 T36 2014","0","0"
"HQ751 .T87 2014","0","0"
"B2949.T64 O33 2014","0","0"
"RT34 .G56 2015","13","0"
"PQ8544 .C84 2014","1","0"
"HE558.R76 W39 2014","1","0"
"RJ53.M35 U56 2011","0","0"
"BJ1012 .C45465 2014","3","0"
"PL992.2.H48 T36 2014","5","0"
"F2329.22.C54 F54 2014","1","0"
"JQ1789.A8 S365 2014","0","0"
"PK6412.S79 M39 2014","0","0"
"KKP41.B79 N69 2014","0","0"
"E415.9.S76 O55 2014","0","0"
"HQ76.25 .G7294 2014","0","0"
"E656 .L44 2014","2","0"
"B5131 .C38 2014","0","0"
"E183.8.C5 B439 2014","1","0"
"DS918.2.C35 W45 2014","0","0"
"PS228.C58 J66 2015","0","1"
"PQ4335 .N39 2014","1","0"
"DR1776.2 .S63 2014","3","0"
"PS3569.T3888 A6 2015","0","0"
"BT103 .W56 2014","6","0"
"BS1151.52 .F66 2014","2","0"
"BR133.I83 R68 2014","4","0"
"BP173.66 .F74 2014","0","0"
"BS2575.53 .C37 2014","1","0"
"PN1995.9.G3 P45 2014","1","0"
"DS244.63 .G74 2014","1","0"
"E843.K42 A73 2014","2","0"
"BM726 .M56 2014","3","0"
"PA6537 .H35 2014","4","1"
"BX9869.H387 B87 2014","0","0"
"E748.S667 G35 2014","0","0"
"DA664.H68 C56 2014","1","0"
"PL2478 .D49 2014","4","0"
"BR45 .B6513 1996 v.17","0","0"
"PT2721.E78 I53513 2014","0","0"
"BP173.7 .M57 2014","0","0"
"PQ4873.A98 L5613 2014","0","0"
"PK6423 .K46 2015","1","0"
"PS1342.A54 M37 2014","0","0"
"DP270 .M29 2015","1","0"
"PN51 .D73 2014","3","0"
"BD431 .W2235 2014","1","0"
"BD241 .R47 2014","2","0"
"B395 .A6155 2014","1","0"
"BR115.P7 G73 2014","0","0"
"PT2663.A64 F3513 2014","0","0"
"DS119.7 .S4761 2014","3","0"
"BT83.63 .P825 2015","0","0"
"DS33.1 .R43 2014","2","0"
"BL65.L33 R85 2014","0","0"
"F234.A7 P67 2014","0","0"
"BP194.185 .M33 2014","0","0"
"D753 .W27 2015","2","0"
"PN1998.3.L44 V47 2014","1","1"
"PS338.S58 W48 2014","1","0"
"PN6120.95.A83 S76 2014","1","0"
"PQ4053.A55 T48 2014","3","0"
"PS3557.A47 T7 2014","1","0"
"BR517 .Y37 2014","0","0"
"PS3558.O635 Z78 2014","0","0"
"PN471 .W66 2014","1","0"
"PN1998.3.K87 W553 2014","3","0"
"PS3619.P475 A46 2014","3","0"
"PS3552.R236 A66 2014","0","0"
"B765.T54 T32 2014","0","0"
"PS3623.O6764 B35 2014","1","0"
"E302.6.F8 K87 2015","0","0"
"PS648.D4 B54 2014","2","0"
"PS3606.O739 B56 2014","1","0"
"PS3620.H64 B86 2014","0","0"
"PQ8619.A85 A7313 2014","2","0"
"PS3605.L4492 C37 2014","0","0"
"PS3554.A23 C48 2014","0","0"
"PS3555.S5 C53 2014","0","0"
"BS2615.53 .N6513 2014","0","0"
"PS3602.L243 C66 2014","1","0"
"PS3611.A824 C66 2014","1","0"
"B808.9 .W45 2014","1","0"
"PS3607.I434 D43 2014","1","0"
"PS3613.C4374 A6 2014","1","0"
"BL51 .W754 2014","0","0"
"PS3556.I763 E83 2014","0","0"
"BJ1500.D68 D5 2014","0","0"
"PS3609.D45 E94 2014","3","1"
"PS3606.R356 E94 2014","1","0"
"PN56 .B74 2014","0","0"
"PS3615.R495 E95 2014","1","1"
"HQ185.A5 M37 2014","0","0"
"PQ3982 .G73 2014","3","0"
"PR9510.9.R69 A6 2014","1","0"
"PS3620.H63 G63 2014","1","0"
"BP52.5 .G76 2014","0","0"
"PL914 .M49 2013","6","0"
"BQ8918.3 .T58 2014","1","0"
"BX1913 .I58 2014","0","0"
"DS119.7 .S4762 2014","6","0"
"BS521.86 .P47 2015","0","0"
"BT453 .L38 2014","0","0"
"PS3619.T36483 L36 2014","1","0"
"PS3545.I342 Z73 2015","1","0"
"F1788.22.A2 K36 2014","2","0"
"DK254.T6 F44 2014","1","0"
"PQ1628.L2 A29 2014","2","0"
"BR333.5.F33 K56 2014","3","0"
"BS2585.52 .M27 2014","2","0"
"PQ7499.3.H35 M6613 2014","0","0"
"B5305 .E24 2014","1","0"
"PS3554.I6 D57 2014","0","0"
"PS3613.A27143 O38 2014","0","0"
"PT2666.I749 K6413 2014","0","0"
"BS2651 .L42 2014","1","0"
"BS2725.52 .M36 2014","0","0"
"PS3507.I68 A6 2014","1","0"
"PS3613.C5853 A6 2014","0","0"
"DT3113 .K36 2015","0","0"
"PS3618.E4414 A6 2014","1","0"
"HQ1240 .R46 2014","5","0"
"BR515 .L465 2014","3","0"
"PR9205.05 .V35 2014","3","0"
"PR9199.4.S53694 S54  2014","0","0"
"DA990.U46 F44 2014","4","0"
"PS3552.E479 A6 2014","2","0"
"PS3602.U3437 A6 2014","1","0"
"PS3553.O4398 S65 2014","0","0"
"PS3620.E425 T35 2014","1","0"
"PR9199.4.L5955 T43 2014","0","0"
"PN1872 .S35 2014","1","0"
"PG3485.E724 A2 2014","3","0"
"PS3608.A54615 T74 2014","0","0"
"PR9619.3.S4838 T74 2014","0","0"
"PS3553.O655 U55 2014","0","0"
"PS3623.H57884 U55 2014","0","0"
"PS3606.R42285 V53 2014","0","0"
"HQ1240.5.A35 W66 2014","0","0"
"PR6109.C44 A19 2013","4","1"
"PG3492.6.A89 K82 2014","0","0"
"PG1420.21.R58 T7 2013","0","0"
"NC976.V4 N38 2014","0","0"
"JA85 .M4446 2014","0","0"
"D804.3 .S634 2014","0","0"
"PK6450.9 .Z37 2014","1","0"
"PQ8550.42.I43 A67 2014","1","0"
"PQ7409.2.H35 S43 2013","0","0"
"PQ7409.2.D38 E73 2013","1","0"
"BH301.K5 R43 2014","2","0"
"HS1355.S64 C874 2011","0","0"
"HD9018.M54 F66 2014","2","0"
"PQ6669.I3877 H57 2014","1","0"
"HT421 .H36 2014","1","0"
"PQ8098.14.I15 M5 2014","0","0"
"HC420.3 .E267 2014","0","0"
"NA7515.R8 A637 2013","0","0"
"PQ8098.23.A667 L65 2013","0","0"
"PQ8097.Y2 C38 2014","0","0"
"GT2884 .P363 2014","1","0"
"PQ8098.416.E763 D4 2014","0","0"
"PQ8540 .S25 2014","0","0"
"KF228.E372 W35 2014","0","0"
"DK67.5.F8 R676 2013","0","0"
"PK6449.E5 A24 2013","1","0"
"PG3491.3.N5924 N68 2013","1","0"
"DS316.S23 N87 2014","1","0"
"DK508.848 .P765 2011","0","0"
"PG3479.6.O2238 S84 2013","0","0"
"D516 .C3 2014","0","0"
"PG5039.18.O748 O88 2014","0","0"
"PH3351.S33 K66 2013","1","0"
"DK37 .S68 2002","0","0"
"PQ307.E87 L33 2014","0","0"
"PN1998.3.K58 A22 2014","0","0"
"PQ8550.43.U33 N6 2013","1","0"
"PQ8550.435.E74 C66 2013","0","0"
"HJ6967.2 .A58 2002","0","0"
"GV865.C439 A36 2013","0","0"
"F2520.1.T9 M35 2004","0","0"
"B105.C477 H66 2014","0","0"
"F2520.1.D47 B84 2006","0","0"
"DG678.5 .B67 2014","0","0"
"DA334.C9 L63 2013","1","0"
"BL2566.C9 B652 2013","0","0"
"PG3460.D9 A6 2011","0","0"
"JK1924 .P65 2014","0","0"
"DS776.6 .D664 2013","0","0"
"PL2942.3.E95 Z446 2014","4","0"
"PL2515.5.M56 Z46 2013","0","0"
"PL2515.5.M56 Z46 2013","0","0"
"PL2515.5.M56 Z46 2013","0","0"
"PL2960.U59 S536 2013","0","0"
"PL2960.U59 S536 2013","0","0"
"PL2960.U59 S536 2013","0","0"
"PL2958.A534 Y84 2014","0","0"
"PL2935.A94 D36 2013","0","0"
"PL2837.E35 Z468 2014","0","0"
"DS761 .Y8 2014","0","0"
"PL2760.E55 Y78 2014","0","0"
"PL2760.E55 Y78 2014","0","0"
"PL2973.S5 Y894 2014","0","0"
"PL2740.N3 Z98 2014","0","0"
"PL2938.E88 W8 2014","0","0"
"PL2946.Y85 W67 2014","0","0"
"PL2965.R86 W45 2013","0","0"
"PL2898.5.Z46 T5365 2014","0","0"
"PL2840.W446 T35 2014","0","0"
"E183.8.C6 W356 2014","0","0"
"PL2677.H3 Z76 2014","1","0"
"PL2938.A593 Y56 2014","1","0"
"UA837 .J56 2014","0","0"
"PL2260.52.W36 Y84 2014","0","0"
"DS777.542 .Z436 2013","0","0"
"PL2978.X535 H86 2014","1","0"
"PL2727.S2 X83 2014","0","0"
"PL2543 .Z68 2014","0","0"
"GR336.K35 Y8 2014","0","0"
"PL2974.E535 T36 2014","1","0"
"Z1003.5.C6 C446 2014","0","0"
"PL2965.W456 N45 2014","0","1"
"PL2978.S536 L56 2014","0","0"
"PL2965.L664 L46 2013","0","0"
"PL2977.X56 H85 2014","0","0"
"PL2972.5.I589 M56 2014","0","1"
"PL2840.H4 S36 2014","1","0"
"PL1277 .Q256 2014","0","0"
"PL2942.W46 Y36 2014","0","0"
"PL2837.K8 W8 2014","0","0"
"PL2972.5.I95 S86 2014","0","0"
"PL2960.U48 T36 2014","1","0"
"D843 .D5 2014","0","0"
"PL2933.E556 J56 2013","0","0"
"PL3748.T75 X53 2014","1","0"
"PL2879.S53 Y68 2014","0","0"
"PL2960.U59 Y5 2014","1","0"
"DS777.5365 .Y4 2014","0","0"
"PN5364 .T536 2014","1","0"
"PL2848.Y8 X86 2014","0","0"
"PL2971.Y84 C36 2014","0","0"
"PL2968.R664 S568 2014","1","0"
"PL2909.I356 J53 2014","0","0"
"DS774.5 .X56 2014","0","0"
"DS797.57.J564 H36 2014","0","0"
"DS797.57.J564 Z446 2014","0","0"
"PL2923.S58 J53 2014","0","0"
"PL2833.7.A529 A565 2014","0","1"
"PL2919.T5 B35 2014","0","0"
"PN2875.J53 Y36 2014","1","0"
"PL2833.5.E35 D355 2014","0","1"
"PL2938.A594 G45 2013","0","0"
"PL2954.3.J56 D3 2014","2","1"
"PL2935.A24 G47 2013","0","0"
"PL2946.G8575 G36 2014","0","1"
"PN2878.C4935 G36 2013","0","0"
"PL2978.5.H855 Z45 2014","0","1"
"DS736 .T86 2014","0","0"
"PL2883.N56 D594 2014","0","0"
"UA837 .W85 2014","0","0"
"PL2623 .N5 2014","0","1"
"PL3031.T32 T368 2014","0","0"
"HQ801 .L536 2014","1","0"
"PL2878.A25 I94 2014","0","0"
"PL2972.D86 B53 2014","0","0"
"PL2946.J56 B5 2014","0","0"
"PL2947.X834 A66 2014","0","0"
"LG51.P28 F456 2014","0","0"
"LG51.S54 D3 2014","0","0"
"GR550 .H664 2014","0","0"
"GR550 .H664 2014","0","0"
"PL3149 .X56 2014","0","0"
"DS778.7 .W664 2014","1","0"
"PL2967.Y834 X56 2014","0","1"
"DS797.57.W898 H664 2014","0","0"
"PL2942.3.A545 X56 2014","0","0"
"PL2898.5.Z46 W84 2014","0","0"
"PL2925.5.X537 X53 2014","0","0"
"PL2977.Y56 Y36 2014","0","0"
"PL2878.N142374 A6 2014","0","0"
"PL2878.N142374 A6 2014","0","0"
"PL2966.U947 X56 2014","0","0"
"PL2947.H83 Y854 2014","0","0"
"CT3990.C47 S85 2014","0","0"
"HG187.C62 G836 2013","0","0"
"PL2978.7.A547 Y894 2014","0","0"
"PL2754.S5 Z876 2014","0","0"
"DS777.488.Y36 Y34 2014","0","0"
"DS778.Y364 A3 2014","1","0"
"DS778.Y364 A3 2014","2","0"
"PL1128 .X53 2013","1","0"
"PL1128 .X53 2013","0","0"
"PQ6664.E478 B3 2014","1","0"
"DS734.8 .D664 2013","0","0"
"DS775.7 .D664 2014","0","0"
"PL2515.5.M56 Z4664 2013","0","0"
"PL2515.5.M56 Z462 2013","0","0"
"PL2515.5.M56 Z464 2013","0","0"
"PL2515.5.M56 Z464 2013","0","0"
"PL2925.K55 L84 2011","3","1"
"PL2515.5.M56 Z466 2013","0","0"
"PL2515.5.M56 Z466 2013","0","0"
"PL2515.5.M56 Z466 2013","0","0"
"DS753.92 .L58 2014","0","0"
"DS730 .C452 2014","0","1"
"KNN1572 .F46 2014","0","0"
"DS778.W3474 G86 2014","0","0"
"HQ1236.5.C6 C446 2014","0","0"
"PN1993.42.T35 L5 2014","0","0"
"PL2675 .A1 2014","0","0"
"PL2675 .A1 2014","0","0"
"PL2675 .A1 2014","0","0"
"PL2675 .A1 2014","0","0"
"PL2675 .A1 2014","0","0"
"PL2675 .A1 2014","0","0"
"PL2675 .A1 2014","0","0"
"PL2675 .A1 2014","0","0"
"PL2675 .A1 2014","0","0"
"PL2675 .A1 2014","0","0"
"PL2675 .A1 2014","0","0"
"PL2675 .A1 2014","0","0"
"PL2333 .H866 2014","0","0"
"PL2443 .L533 2014","0","0"
"PL2840.T29 W6 2014","0","0"
"PL2303 .F366 2014","0","0"
"PL2543 .T53 2014","0","0"
"PL2967.5.T536 Z87 2014","0","0"
"DS748.19 .L58 2014","0","0"
"DS740.5.R8 L523 2014","0","0"
"PL2262 .W364 2014","0","0"
"PL2807.H8 Z575 2013","0","0"
"Z1029 .L6 2014","0","0"
"PL2795.A53 R46 2014","0","0"
"PL2883.I2185 Z795 2014","0","0"
"PL2296 .C446 2013","0","0"
"KNQ2850 .Z68 2014","0","0"
"DS778.7 .K8 2014","1","0"
"PL2901.Y485 K35 2014","0","0"
"PL2302 .P453 2014","0","0"
"PL2357 .Z436 2014","0","0"
"DS747.15 .S5 2014","0","0"
"DS793.K7 S536 2014","0","0"
"KNQ3431 .Y36 2014","0","0"
"DS777.56 .J53 2014","0","0"
"DS777.56 .J53 2014","0","0"
"DS763.63.C58 W36 2014","1","0"
"PL2415 .Y8 2014","0","0"
"Z3107. S24 W46 2014","0","0"
"DS778.D46 L58 2014","0","0"
"DS777.8 .X56 2014","0","0"
"PL2965.H34 X567 2014","1","0"
"HD2097 .H834 2014","0","0"
"JS7352.A2 Z528 2014","0","0"
"DS734.95 .L538 2014","0","0"
"PL2543 .A155 2014","0","0"
"PL2879.Y53 B458 2014","1","0"
"PL2879.Y53 B458 2014","0","0"
"PN2878.S664 A3 2014","0","0"
"PL2922.T564 F36 2014","0","0"
"DS799.65 .H836 2014","0","0"
"PL2868.I243 Z87 2014","1","0"
"PL2899.H213 Z48 2014","2","0"
"DS793.S6445 L86 2014","0","0"
"JQ1510 .Z468 2013","0","0"
"PL2837.E35 T837 2014","1","0"
"PL2905.N294 Z565 2014","0","0"
"PN1009.A1 C36 2014","0","1"
"PL2296 .Z48 2014","0","0"
"HX418.8.R58 A3 2014","1","0"
"DS777.43 .W84 2014","2","0"
"U43.C6 D56 2014","0","0"
"HD1537.C6 Z436 2014","0","0"
"DS793.S282 Y363 2013","0","0"
"PL2278.5.M55 Z456 2014","0","0"
"PK6391 .K59 2011","2","0"
"PQ6066 .F53 2013","0","0"
"PG3229 .E86 2014","0","0"
"PQ6713.I435 L37 2014","0","0"
"PQ8098.14.E4 A63 2014","0","0"
"PQ6702.I465 F57 2014","0","0"
"PQ6666.O643 O256 2014","0","0"
"PQ7298.424.E76 P48 2008","4","0"
"DS274.2.R8 M57 2014","0","0"
"CS2375.D6 A43 2013","0","0"
"F1941.H3 P4813 2012","0","0"
"PQ6352 .S37 2013","0","0"
"PN2287.P565 A3 2014","20","0"
"PQ6666.O643 Z637 2014","0","0"
"PQ6353 .L63 2014","0","0"
"PN6231.T565 O78 2014","6","1"
"PQ295.H65 S939 2014","0","0"
"PQ8098.41.S46 P37 2014","0","0"
"PQ8098.413.A73 M38 2014","0","0"
"PQ2609.L75 Z7425 2014","0","0"
"PL1710 .Z46 2012","0","0"
"PQ8098.2.O8 A64 2014","0","0"
"PQ8098.14.E4 S44 2014","0","0"
"PJ6161 .M838 2013","0","0"
"HQ799.2.P6 J878 2014","0","0"
"F2329.22.C54 M44 2013","0","0"
"DS793.K4 G367 2013","0","0"
"PQ6351 .R67 2014","2","0"
"PQ6672.E696 E57 2014","0","0"
"PQ7409.2.H35 L46 2013","0","0"
"PQ8550.426.O74 P37 2014","0","0"
"PQ8550.28.O67 N66 2013","0","0"
"DS793.K4 G364 2013","0","0"
"F2331.B6 D68 2013","0","0"
"PN1993.5.V4 F55 2014","0","0"
"DS779.46 .J536 2014","4","1"
"DC103 .J32 2014","0","0"
"F3001.13 .G66 2014","0","0"
"PR9499.4.V46 G63 2013","0","0"
"PK2141.E3 T56 2013","0","0"
"DC342.8.L8 F47 2014","0","0"
"GB301 .I53 2011","0","0"
"PR6056.R3 A6 2014","2","0"
"DS775.2 .S45 2014","0","0"
"HD6189 .W6435 2012","1","0"
"HD9743.I42 B44 2013","0","0"
"PR9499.3.J87 A6 2014","1","0"
"HM626 .M67 2014","1","0"
"PQ6321.C55 Q56 2014","0","0"
"PN2888.K43 A5 2013","0","0"
"Z658.S7 M37 2014","0","0"
"HD7262.5.I42 B46 2014","0","0"
"HN683.5 .A23 2013","0","0"
"DS481.V47 A3 2013","0","0"
"JA84.I4 G38 2013","0","0"
"PR9499.4.S66 H86 2013","0","0"
"DC198.F7 W37 2014","0","0"
"DR479.F8 P67 2013","0","0"
"DC121.3 .V69 2014","1","0"
"DR588 .C46 2014","1","0"
"GV1785.A1 R36 2011","1","0"
"HX264.7.J38 S36 2014","0","0"
"PT2615.A238 Z87 2013","0","0"
"JN30 .M388 2014","0","0"
"B3317 .W564 2014","0","0"
"PR9499.4.S535 T85 2013","0","0"
"PN1995 .S768 2014","0","0"
"PQ8543 .A43 2014","0","0"
"PQ6726.A62 M36 2014","0","0"
"R566.T57 P55 2013","2","0"
"JC153.L87 S53 2014","1","0"
"GT3275.2.A2 M67 2014","0","0"
"KF4819 .G569 2014","1","0"
"HV6771.A783 M36 2014","0","0"
"K3820 .E26 2014","0","0"
"KJC5144.M56 E98 2014","1","0"
"PQ6106 .F46 2014","0","0"
"KF9235 .G74 2014","0","0"
"HT1161 .H35 2014","1","0"
"HB173 .W2213 2014","0","0"
"HD60 .T466 2014","0","0"
"JK1967 .E64 2014","2","0"
"HD9685.U6 A66 2014","5","1"
"HQ801 .S659 2014","0","0"
"KF8750 .B69 2014","1","0"
"QC903.2.U6 N36 2014","1","0"
"HN690.Z9 V5526 2014","2","0"
"BF637.B85 B85 2014","0","0"
"LB1028.5 .C283 2014","2","0"
"PN1992.8.C46 C43 2014","1","0"
"HV41 .S674 2014","1","0"
"HD1694.U8 D47 2014","1","0"
"P93.5 .E43 2014","2","0"
"DA722 .W9613 2014","0","0"
"G155.A1 G766 2014","0","0"
"HQ803 .H27 2014","1","1"
"JK1021 .V65 2014","5","0"
"P92.S34 S97 2014","0","0"
"HD8039.C66 A3 2014","0","0"
"HD9565 .O583 2014","4","0"
"JN6581 .H35 2015","1","0"
"JC330.15 .S58 2014","0","0"
"PQ4861.B316 Z75 2014","0","0"
"BF575.N6 A67 2015","4","0"
"HC106.84 .M397 2014","0","0"
"HG187.C6 C37413 2014","0","1"
"HD9575.R82 K375 2015","0","0"
"HM881 .C646 2014","3","0"
"HD62.6 .P635 2014","1","0"
"HN773.5 .C69 2014","0","0"
"HD58.7 .M5557 2014","0","0"
"HQ806 .C83 2014","1","1"
"LB2806.36 .J64 2014","0","0"
"HM548 .H35 2014","0","0"
"HT166 .E47 2014","1","0"
"JZ5584.E85 C375 2014","0","1"
"JZ1253 .F75 2014","0","0"
"HM886 .G44 2014","0","0"
"HQ1075.5.I73 F56 2015","0","0"
"HF5549.5.C75 B65 2014","0","1"
"LC237 .H54 2014","0","0"
"BF38 .B457 2014","1","0"
"HD2899 .I56 2014","0","0"
"HC240 .L275 2014","0","0"
"HB615 .S53 2015","1","1"
"LC4019 .B42 2015","2","0"
"JZ1251 .B84 2014","0","0"
"HM1017 .T73 2014","0","0"
"JZ1600 .I84 2015","0","1"
"JF1525.I6 C65 2015","2","0"
"JK275 .P37 2014","0","0"
"HN59.2 .H467 2014","0","0"
"HN400.M6 M37 2014","0","0"
"HD30.5 .M378 2014","1","0"
"BF311 .V523 2015","0","0"
"JF60 .M44 2014","3","0"
"HG3755 .P23 2014","0","0"
"HD62.6 .P473 2015","1","0"
"JK550 .F69 2014","0","0"
"HM654 .T83 2015","2","1"
"HM791 .P58 2014","0","0"
"HT119 .M33 2014","0","0"
"HD69.P75 P627 2015","2","0"
"JN30 .R446 2015","0","0"
"HC241 .R419945 2014","0","0"
"BF698.35.R47 R63 2014","1","0"
"JN30 .R484 2014","0","1"
"HD5765.A6 D86 2014","0","0"
"HD4904 .H338 2014","1","0"
"HF5386 .W57 2014","1","0"
"HD8039.S42 I547 2014","2","1"
"GV709 .S74 2014","0","0"
"HG4952 .J64 2014","0","0"
"TX945 .S799 2014","1","1"
"HC79.E5 D43 2014","1","0"
"LB2332.6 .T78 2014","1","0"
"JC591 .R67 2014","1","1"
"JN318 .W35 2014","0","0"
"HT170 .U73 2014","0","0"
"JZ1308 .W48 2015","0","0"
"KKN2101 .W75 2015","0","0"
"BF575.A86 D36 2015","0","0"
"HB615 .H57 2014","1","1"
"HD30.28 .B446 2014","0","0"
"LB1576 .B4924 2015","0","0"
"LC2781 .W66 2015","1","0"
"HF1456.5.C6 B47 2014","1","0"
"HD1415 .B286 2015","0","0"
"LB1628 .D47 2015","1","0"
"LB2822.8 .K35 2014","0","0"
"GN407 .E83 2014","2","0"
"HD87 .S7295 2014","0","0"
"HQ792.Z55 Z47 2014","0","0"
"LB1028 .I37 2015","2","0"
"HX244 .S55 2014","0","0"
"HM623 .T335 2015","1","1"
"LB1564.G7 Y68 2014","0","0"
"HG173 .A378 2014","0","0"
"HM585 .M84 2014","0","0"
"KD3946 .M33 2014","4","0"
"HD69.P75 S6144 2015","0","0"
"HB3722 .M442 2015","0","0"
"P53.44 .M57 2014","0","0"
"HG178.3 .S39 2015","1","0"
"CC77.L35 O34 2014","3","0"
"JA75.7 .O74 2015","5","0"
"LB1050.5 .S637 2015","1","0"
"HV6556 .P748 2014","3","1"
"GN799.C45 W56 2014","1","0"
"GV1230 .G54 2014","5","0"
"P91.3 .C73 2015","2","1"
"HN59.2 .G56 2015","2","0"
"GV436 .H48 2014","4","0"
"F1035.H8 L35713 2009","0","0"
"HQ1582 .A73 2014","0","0"
"LA691 .E26 2014","0","0"
"DR479.F8 T85 2014","1","0"
"B751.Z7 N23 2013","0","0"
"PQ2387.R5 Z535 2014","0","0"
"JC599.F8 N37 2014","1","0"
"PL3031.J557 W36 2013","0","0"
"HT720 .K425 2013","0","0"
"HD57.7 .L4318 2014","0","0"
"PQ4220.S2 C65 2014","0","0"
"PQ6653.A723 S64 2013","0","0"
"LC191 .S38 2012","5","0"
"N8660.V6 A3 2002","0","0"
"TP983 .K47 2014","0","0"
"BT701.3 .A74 2011","0","0"
"DC220.1 .F65 2014","0","0"
"PL3031.J557 G367 2013","0","0"
"HX269 .J855 2014","1","0"
"JQ292 .B34 2013","0","0"
"B386.A5 C6 2003","0","0"
"PR9499.3.K77 R68 2013","0","0"
"PN1992.77.Y47 M33 2014","2","0"
"GR110.K4 M66","1","0"
"PR6005.H66 C56 2011","5","0"
"PR9499.4.D83 W43 2013","0","0"
"PR9499.4.A73 C65 2013","0","0"
"BP130.4.A2853 N55 2014","0","0"
"PK1718.M824 A6 2013","0","0"
"PR9499.4.D483 L58 2013","0","0"
"PL4659.B436 A9313 2014","1","0"
"PQ145.1.B56 B56 2014","0","0"
"PK6420.S8 A28 2013","0","0"
"PK2418.D3974 B3713 2013","0","0"
"DR2120.5.N68 R33 2012","0","0"
"DR2120.5.N68 R33 2012","0","0"
"DS479.1.T54 R36 2011","0","0"
"D20 .I54 2014","0","0"
"PR9499.4.B3783 W56 2013","0","0"
"BX597.M325 R725 2014","0","0"
"PR9497.32 F33 2013","0","0"
"N72.H63 H64 2014","0","0"
"DS481.D37 D37 2013","0","0"
"PJ5129.A2 Z689 2014","1","0"
"HG187.I4 V35 2014","0","0"
"HQ1170 .G35 2013","0","0"
"PA3894 .E8 2006","2","0"
"DS134.36.N87 G47 2014","0","0"
"PR9499.4.R35365 S53 2013","0","0"
"DS339.3.M87 M878 2013","1","0"
"JN2228 .L56 2013","0","0"
"PN2859.P6 R39 2014","0","0"
"BL1215.P65 N35 2013","0","0"
"HD8688 .A78 2010","0","0"
"DA247.J3 B74 2014","1","0"
"DS793.K4 G368 2013","0","0"
"DS495.6 .J43 2014","1","0"
"DS793.K4 G368 2013","0","0"
"HC428.K5 G36 2013","0","0"
"DS793.K4 G363 2013","0","0"
"DS389 .A225 2014","1","0"
"PG3343.E83 B376 2014","0","0"
"DK148 .T37 2013","0","0"
"R152 .S76 2014","2","0"
"BP173.6 .I845 2012","0","0"
"HQ536 .C348 2014","2","2"
"D786 .N222 2014","0","0"
"PS3618.O8685 S56 2014","4","0"
"PG3476.L532 Z665 2013","0","0"
"PR428.H8 G37 2013","0","0"
"LC746.G7 P37 2014","0","0"
"PG1418.G335 Z88 2013","0","0"
"PN1998.3.E325 S74 2014","0","0"
"PS3566.A4554 B43 2014","3","0"
"DS796.H75 L798 2014","1","0"
"PR6070.H696 O62 2014","1","0"
"BX8627 .S779 2014","2","0"
"PR539.L7 T37 2014","0","0"
"BR1720.G255 H45 2011","1","0"
"PS3566.I372 L43 2014","7","0"
"HV6322.3.C7 H75 2014","0","0"
"GV1796.H57 M43 2013","1","0"
"PL2698.F4 Z96 2013","0","0"
"PQ2613.R124 T47 2014","0","0"
"PN56.S46 E27 2014","0","0"
"PL2832.3.H3645 Z55 2013","0","0"
"DC59.8.I8 B58 2014","0","2"
"PQ6532.L24 Z65 2014","1","0"
"PQ6651.L557 D46 2014","0","0"
"PQ3989.3.N43 J37 2014","0","0"
"Z1003.5.D76 L53 2013","0","0"
"HN110.N38 G55 2014","0","0"
"PL2710.U173 Z94 2013","0","0"
"BL2565 .T44 2013","0","0"
"PL2824.C48 Z64 2013","0","0"
"PG3447.V5 Z755 2013","0","0"
"PG3481.A4267 S54 1968","1","0"
"PA2087.5 .A66 2007","0","0"
"PR120.M55 O43 2014","2","0"
"DS63 .A64 2014","2","0"
"PQ4053.A7 A78 2014","4","0"
"PR471 .E45 2015","0","0"
"E499.5 16th .G66 2014","4","0"
"DA738.C37 L84 2014","0","0"
"DT73.Q72 V57 2015","0","0"
"PQ4293.H5 O47 2014","2","0"
"PN2285 .D55 2014","1","0"
"F1219.8.O56 G76 2014","0","0"
"E184.S75 M388 2014","1","0"
"E472.18 .L66 2014","4","0"
"BL312 .F68 2015","4","0"
"PR858.T3 H64 2014","1","0"
"PA3256 .K46 2014","3","0"
"PR6053.O434 I17 2014","0","0"
"PS267.N49 F47 2014","1","0"
"DS113 .J49 2014","1","0"
"PE1361 .L38 2014","0","0"
"PQ151 .G74 2014","2","0"
"DG78 .J67 2014","4","1"
"BC50 .M44 2014","1","0"
"B3318.N3 E53 2014","1","0"
"DK4140 .D33 2014","0","0"
"PR73 .R53 2014","1","0"
"PR3007 .S39 2014","1","0"
"DS798.63.C6 B56 2015","0","0"
"BR65.A7282 M35 2014","0","0"
"E185.97.F46 W38 2014","2","0"
"PN491.4 .E43 2014","0","1"
"HQ77.9 .T7173 2014","4","0"
"PQ143.V54 B37 2014","0","0"
"PL2419.H57 K56 2015","0","0"
"E476.84 .P37 2014","1","0"
"PS3562.E3383 A6 2014","1","0"
"PS374.C454 G75 2014","1","1"
"PS3612.E35655 B58 2014","0","0"
"PN4151 .A45 2014","0","0"
"PS3557.I1916 A6 2014","1","0"
"PN56.M54 C36 2015","2","0"
"PS3515.A4347 Z78 2014","2","0"
"DA591.A45 D536276 2014","2","0"
"PS3616.A737 A6 2014","8","0"
"DT16.5 .L57 2014","1","0"
"PS153.M56 P38 2014","4","0"
"BP166.14.F85 R34 2015","2","0"
"PN6710 .B235 2015","5","1"
"PS3558.A4235 A6 2014","0","0"
"PR9639.4.S347 H33 2014","0","0"
"PS261 .G74 2014","0","1"
"F1055.A1 H57 2014","1","0"
"D804.348 .H84 2015","1","0"
"F419.H8 H36 2014","0","0"
"DD228.8 .C48 2014","5","1"
"DT298.K2 L57 2014","4","0"
"PS3525.E43 Z546 2014","1","0"
"PS3620.H626 A6 2014","1","0"
"PR6011.R18 Z86 2014","0","0"
"F128.9.J3 S67 2014","0","0"
"BH39 .L49 2014","1","0"
"DR1296 .N53 2014","2","0"
"PS509.W47 D54 2014","0","0"
"PS3613.O448 A6 2014","5","0"
"PN2287.R765 W35 2014","2","0"
"PS3569.N88 A6 2014","4","0"
"PS3557.I78 O55 2014","1","0"
"PQ3949.2.D25 A9413 2014","0","0"
"PS3601.K355 P37 2014","1","0"
"B1299.N32 E5 2014","3","0"
"PS374.H5 W55 2014","2","0"
"PA6502 .M37 2014","8","0"
"D523 .W58 2014","3","0"
"PS508.M4 R68 2014","0","0"
"HQ76.5 .T477 2014","1","1"
"B1674.W354 S435 2014","6","0"
"PE1404 .B28 2014","1","0"
"PJ7820.A46 T3713 2014","0","0"
"PS374.W4 E88 2014","0","0"
"PS3603.R893 A6 2014","2","0"
"PQ7409.M58 Z65 2013","0","0"
"PT2621.I76 N82 2003","0","0"
"PQ6407 .A2 2014","0","0"
"PL2735.3.H46 Z64 2013","0","0"
"DD901.L547 E25 2014","0","0"
"PL2783.U628 Z63 2013","0","0"
"DK288 .K745 2014","1","0"
"DK510.764 .B454 2014","0","0"
"PA1040.G5 T5 2014","0","0"
"DG66 .H38 2014","3","0"
"DK755 .S6554 2012","0","0"
"D539.5.C8 S54 2014","2","0"
"PG5040.26.A75 A85 3014","0","0"
"DS462 .A85 2014","0","0"
"E184.37.G655 A3 2014","1","0"
"U21.5 .C66 2014","0","0"
"PQ6664.E445 C36 2014","0","0"
"HF5415.5 .O83 2014","6","3"
"F2323.M6 Q56 2014","0","0"
"PQ8550.423.A46 V43 2013","0","0"
"PS3561.I483 R48 2014","3","0"
"HF1480.5 .C459 2013","0","0"
"PN1997.I355 I38 2014","1","0"
"BP166.93 .T37 2013","0","0"
"F3069.3.F64 M66 2013","0","0"
"PQ8550.432.A45 H37 2014","0","0"
"PQ6712.A53 Z46 2014","0","0"
"PQ6072 .D47 2014","0","0"
"DS341 .C667 2014","0","0"
"HF3923 .L33 2014","0","0"
"DT100 .T37 2013","0","0"
"BD161 .P375 2014","0","0"
"PL2710.S84 Z95 2013","0","0"
"DS300 .Q229 2013","0","0"
"PL2743.H753 Z56 2013","0","0"
"BS2615.52 .B466 2014","1","1"
"PL2732.U236 Z63 2013","0","0"
"PG3366 .K7 2014","1","0"
"HQ1742 .D4 2014","0","0"
"DS2 .T37 2013","1","0"
"PR9499.4.S65 B66 2014","0","0"
"DR206 .R66 2000","0","0"
"PL2724.H476 Z97 2013","0","0"
"HV7911.G55 C43 2013","0","0"
"PQ7409.M58 Z48 2013","0","0"
"PL2781.N154 Z94 2013","0","0"
"KG621 .N842 2014","0","0"
"DG457.A77 V36 2014","0","0"
"PL2732.A57 Z95 2013","0","0"
"GR305 .R4913 2014","1","0"
"PQ2643.A26 Z48 2014","0","0"
"DE85.5.I85 F76 2014","1","0"
"PL2697.H75 B43 2014","1","0"
"BS1700 .G47 2014","0","0"
"DS298 .T375 2013","0","0"
"PL2823.E356 Z94 2013","0","0"
"DK188 .T37 2013","0","0"
"DK32 .T357 2014","0","0"
"GR345 .N38 2013","0","0"
"PG3493.96.H89 S53 2011","1","0"
"BX1536 .W48 2014","0","0"
"D397 .R365 2014","0","0"
"D397 .R365 2014","0","0"
"DD290.32 .G66 2014","0","0"
"PN1998.3.T747 J24 2014","0","0"
"PQ4495.A2 B47 2014","1","0"
"PG3549.G73 K67 2014","0","0"
"BX4700.D77 B53 2014","1","0"
"DK188 .Q229 2013","0","0"
"HQ1532 .G73 2014","3","0"
"E184.35 .T73 2014","1","0"
"DG422 .B56 2011","0","0"
"PL2832.3.H68 Z95 2013","0","0"
"PQ2674.O896 Z53 2014","0","0"
"DK188 .T375 2013","0","0"
"PL2705.E568 Z96 2013","0","0"
"QH541.15.L35 S858 2014","0","0"
"RC346.5 .I58 2014","1","0"
"DA783.4 .P46 2014","1","2"
"DS822.5 .H548 2014","0","0"
"DT100 .T375 2013","1","0"
"DS475 .K46 2014","0","0"
"PL72.5 .B45 2013","0","0"
"PQ8259.3.B64 A988 2009","1","0"
"PM6082 .L58 2008","1","1"
"PQ8098.14.O7 Z72 2013","1","0"
"PL2732.U2354 Z74 2013","0","0"
"PQ4904.I46 D59 2013","1","0"
"N5256.2.M62 M62 2014","0","0"
"PQ4807.A79 P3","1","0"
"PR6063.U736 A6 2014","2","0"
"KLA2935.R873 D3588 2013","0","0"
"DK510.763 .B4533 2014","0","0"
"PA8035 .C56 2010","1","1"
"PR3592.L48 F35 2014","1","0"
"D756.5.D8 M35 2014","1","0"
"PQ4903.A423 M37 2014","0","0"
"PQ7156 .P47 2014","0","0"
"PQ6713.O657 E75 2014","0","0"
"DK29.2 .H48 2014","0","0"
"PQ6663.A7459 P84 2014","0","0"
"PQ6716.E4485 C38 2014","0","0"
"PS3611.I3993 T96 2014","0","0"
"F2326.B4 P468 2013","0","0"
"PN1042 .D69 2014","0","0"
"NH139.4.A25 B83 2014","1","0"
"BD450 .B75 2014","0","0"
"BP80.K515 R33 2014","0","0"
"D802.I8 C3536 2014","0","0"
"F3093 .C66 2014","0","0"
"DS274 .T363 2013","0","0"
"D210 .W35 2014","0","0"
"BP165.5 .T3165 2014","0","0"
"LB3610 .A23 2014","0","0"
"PK6481.M9 J34 2014","0","0"
"DS97.2 .S25 2014","0","0"
"BP133.7.M67 M85 2014","0","0"
"DP302.C68 C73 2014","4","0"
"BX4705.D57 B69 2014","0","0"
"E310 .S57 2014","2","0"
"PR9199.3.V388 Z46 2014","0","0"
"PR9199.4.F74 A57 2014","1","0"
"DS145 .J34 2014","1","0"
"PQ2601.R677 Z7426 2014","0","0"
"DS504.7 .A75 2015","0","0"
"PN1995.9.B55 A98 2014","2","0"
"E184.C5 W357 2014","7","0"
"DG583.5 .O7713 2014","0","0"
"E162 .G38 2014","3","1"
"PN2287.C38 A3 2014","3","0"
"PR4169 .B756 2014","0","0"
"PN452 .B9 2014","1","0"
"DU625 .H28 2014","1","0"
"PT9877.25.L776 S5813 2014","1","0"
"DS56 .G37 2014","1","1"
"BR481 .C4945 2014","1","0"
"PR5238 .L84 2014","1","0"
"PS3523.A8245 C65 2014","0","0"
"PS151 .L34 2014","0","0"
"BR526 .A54 2015","1","0"
"PJ6068.I8 M46 2014","1","0"
"PN98.P64 C75 2014","1","0"
"DS778.7 .W38936 2014","3","0"
"PS3573.A425635 A6 2014","5","0"
"B645 .A33 2014","2","0"
"E176 .B384 2014","0","0"
"PE1068.A7 E53 2014","0","0"
"PT2665.R59 A6413 2014","4","0"
"BL53 .K69 2014","0","0"
"D2025.5.C6 K56 2015","0","0"
"DT31 .H36 2014","0","0"
"PS3553.H336 A6 2014","0","0"
"HQ1236 .R42 2015","0","0"
"BJ66 .L88 2014","1","0"
"PR3605.M6 Z83 2014","4","0"
"PN51 .F76 2014","1","0"
"DS923.23 .G56 2014","3","0"
"PL8143 .S76 2014","0","0"
"BX9334.3 .P37 2014","0","0"
"CB251 .H58 2014","0","0"
"PJ1554 .W55513 2014","0","1"
"B105.M4 P465 2014","0","0"
"BM520.52 .A4313 2013","0","0"
"CT275.O552 L43 2014","0","1"
"DS135.I65 J49 2014","1","0"
"BX1746 .C338513 2014","3","0"
"PR6059.S5 Z897 2014","1","1"
"B4378.A4 J68 2014","1","0"
"DT551.42 .K35 2014","1","0"
"DS70.5.B3 S49 2014","3","0"
"PS3552.R698 L48 2014","1","0"
"PN1995.3 .G385 2014","0","0"
"PT2603.R397 A2 2015","0","0"
"PS648.S3 L68 2014","0","0"
"PA4236 .B69 2015","2","0"
"PR6052.I7728 A6 2014","0","0"
"BP188.3.C5 M35 2015","0","0"
"DT1974 .M363 2014","1","0"
"BR115.R55 M37 2015","1","0"
"PS374.M37 F47 2015","0","0"
"PS3563.I42175 M47 2015","2","0"
"BL80.3 .M56 2014","0","0"
"HQ1236.5.M8 S23 2014","1","1"
"B753.M84 A79 2015","0","0"
"PT8951.16.O735 D7313 2014","4","0"
"B3359.V64 A3 2014","3","0"
"DC203 .R6825 2014","9","0"
"DK699.N34 G42874 2014","3","0"
"N6535.N5 C65 2014","2","0"
"PS3614.G95 P34 2014","1","0"
"PR448.E46 W66 2014","1","0"
"PN2860 .R645 2015","0","0"
"PR468.C5 C63 2014","2","0"
"B824.4 .S8413 2014","0","0"
"PR6023.E926 P5 2014","0","0"
"B376 .P37 2015","0","0"
"B2794.O63 H35 2015","0","0"
"BL695 .L37 2014","0","0"
"PN3441 .D35 2014","0","0"
"BD444 .P69 2015","0","0"
"BR756 .R63 2014","0","0"
"PN6149.P85 R44 2015","0","0"
"HQ76.25 .N53 2014","2","0"
"D1056.2.M87 G64 2015","0","0"
"PS3551.N464 A6 2014","0","1"
"DK507.822.L85 I64 2014","1","0"
"DR471 .A49 2014","0","0"
"PL889.T282 X56 2014","1","0"
"BS1171.3 .P68 2015","0","0"
"PN1995.9.R27 H46 2014","1","0"
"PS3611.I77 A6 2015","0","0"
"E183.8.S95 G36 2014","1","0"
"PS169.E25 H35 2014","0","0"
"PS3612.E528 Z46 2014","1","0"
"PR3091 .P37 2014","0","0"
"PR3085 .T35 2014","0","0"
"DS79.76 .C6778 2014","0","0"
"PR6037.A35 Z46 2014","0","0"
"BJ1853 .W58 2014","2","1"
"PJ4564 .D35 2014","0","0"
"E184.A7 T68 2014","2","0"
"PG3379 .C44 2014","0","0"
"HQ1236.5.M628 G43 2014","1","0"
"PN2688.L65 A3 2014","0","0"
"PN2859.P66 C975 2014","1","1"
"PR6103.R67 A64 2014","2","0"
"DT16.S35 A47 2014","0","0"
"PL8011 .A47 2014","0","0"
"PN49 .B116 2014","3","0"
"DT154.A4 P66 2014","1","0"
"PR6107.R3454 A54 2014","1","0"
"PS3611.E645 A55 2014","0","0"
"PS3608.A7485 Z46 2014","0","0"
"PR6073.I432935 A58 2014","5","0"
"PR4034.M33 A67 2014","2","1"
"PS3602.O78 A73 2014","0","0"
"BT265.3 .P78 2014","0","0"
"E807.1.R48 A3 2014","1","0"
"DT1286 .M67 2014","0","1"
"PS3603.L498 A6 2014","0","0"
"PN849.E92 B45 2014","0","0"
"PR1309.N65 B45 2014","2","0"
"PS3608.E79 B45 2014","8","1"
"E184.C5 T78 2014","0","0"
"PQ2710.E78 C66 2014","1","0"
"PS3623.A73165 C35 2014","0","0"
"PR6052.A7543 C53 2014","2","0"
"PS3603.O67 C45 2014","1","1"
"BS2651 .A766 2014","0","0"
"BR115.L32 C477 2014","0","0"
"PT2672.O36 A2 2014","2","0"
"PS3611.A54925 D43 2014","3","0"
"PS3610.E45 A6 2014","0","0"
"PS3620.H6383 D57 2014","0","0"
"PR6123.O540 E73 2014","2","0"
"PN1993.5.A1 D87 2014","1","0"
"PS3611.L5627 E93 2014","1","0"
"PS3552.E7248 A6 2014","0","0"
"BT40 .H455 2014","0","0"
"PR6003.L8 F35 2014","0","0"
"BH39 .F54 2015","0","0"
"PS3625.O285 F57 2014","2","1"
"PS3613.C385747 F67 2014","0","0"
"BR129 .R67 2014","6","0"
"CB451 .K3413 2014","0","0"
"PS3619.H4515 H45 2014","0","0"
"BS2545.M87 B43 2014","2","0"
"PS3608.A7485 A6 2014","0","0"
"PT5882.17.O65 H6713 2014","0","0"
"BT301.9 .I275 2014","0","0"
"D805.J3 M87 2014","0","0"
"PR6052.E85 I5 2014","2","0"
"DS266 .V39 2013","0","0"
"BP65 .I75 2014","0","1"
"PS3608.E3925 J84 2014","0","0"
"BS1275.52 .A93 2014","0","0"
"PS3552.A45 Z7813 2014","1","0"
"PR9199.3.A495 L53 2014","0","0"
"PR9199.4.L334 L55 2014","1","0"
"B72 .D38 2013","0","0"
"PR9619.4.P52 M 2014","0","1"
"BP75 .S25 2013","0","0"
"PR9199.4.M399 M87 2014","1","0"
"PS3611.A7858 A6 2014","0","0"
"PS549.N5 N38 2014","0","0"
"PR6108.O933 N62 2014","2","0"
"PG3337.G6 O25 2014","2","1"
"BS1520.5 .O36 2014","1","0"
"PS3608.U795 O56 2014","0","0"
"PR6102.A23 O9 2014","1","0"
"PR6107.W98 O97 2014","1","0"
"PR6115.W46 P4 2013","1","0"
"BX6447 .M36 2014","1","0"
"PS508.S49 Q44 2014","4","0"
"PS3612.U774 Q85 2014","0","0"
"PR6115.D87 A6 2014","0","0"
"BS500 .B53 2014","0","0"
"E184.A75 O37 2014","4","0"
"HQ1410 .O75 2015","3","0"
"PN2287.D548 R63 2014","0","0"
"PL4378.9.N53515 A2 2014","1","0"
"PS3604.U56 S49 2014","1","1"
"PS3619.H4638 S63 2014","0","0"
"PS3545.I5365 Z555 2014","1","0"
"PS3606.R556 Z46 2014","0","0"
"PS3608.A339 S95 2014","1","0"
"PN1643 .C69 2014","0","0"
"BS1171.3 .L86 2014","0","0"
"BD171 .M67 2014","0","0"
"PR9199.4.S635 T73 2014","0","0"
"PS3558.O3355 T94 2014","5","0"
"PS3608.A54563 V55 2014","0","0"
"PR6114.O7725 V58 2014","2","0"
"PS3625.O285 W65 2014","2","1"
"PR6039.A928 A6 2014","0","0"
"PL833.I7 Z5758 2014","1","0"
"PS3612.I5327435 A15 2012","2","0"
"PL3031.T32 Q83 2004","0","0"
"PL3031.T32 Q83 2004","0","0"
"PL3031.T32 Q83 2004","1","0"
"PR6103.H53 W67 2014","1","0"
"PL3031.T32 Q83 2004","0","0"
"PR9199.4.R827 E95 2014","0","1"
"DK43 .G778 2014","0","0"
"PS3552.R845 L37 2014","1","0"
"PS3557.E734 A74 2014","2","0"
"P165 .K4452 2012","0","0"
"PS3564.I364 F87 2014","2","0"
"LA839.5.T38 S35 2014","0","0"
"HV6453.C94 F72 2014","0","0"
"BJ1291 .S24 2009","0","0"
"PG3460.D9 A6 2011","0","0"
"DS119.6 .G58 2014","1","0"
"PS3613.I852 S43 2014","2","0"
"PL2724.H49 Z97 2013","0","0"
"BP80.H775 H35 2013","0","0"
"SB413.A9 I33 1960","0","0"
"PS3556.I42149 S28 2014","1","0"
"DU172.C36 A3 2014","0","0"
"PL2718.I2425 Z54 2013","0","0"
"BP88 .G432 2013","0","0"
"DA495 .W56 2014","1","0"
"PH3213.C739 Z58 2013","1","0"
"PL3031.T3 C453497 2013","0","0"
"BF511 .P67 2014","3","0"
"DG279 .G65 2014","2","0"
"HV6432 .H384 2014","0","0"
"BF378.S65 P26 2013","0","0"
"HV22 .E59 2014","0","0"
"PG3356 .L45 2014","1","0"
"BP134.E8 S55 2014","0","0"
"PS3603.L3615 E34 2014","2","1"
"GT2853.T9 Z38 2014","0","0"
"PS3615.L5888 I22 2014","2","0"
"DA933.2 .F53 2014","1","0"
"PR6113.U438 W65 2014","2","0"
"B753.G33 K42 2014","0","0"
"PL3031.T3 X8335 2013","0","0"
"DS754.84.H66 C436 2013","1","0"
"PS3602.R3638 M68 2014","3","0"
"PS3615.L7526 M66 2014","1","0"
"PT717 .H56 2014","0","0"
"PQ4876.E815 S43 2014","0","0"
"DD354 .M58 2014","0","0"
"DD354 .M58 2014","0","0"
"PS3619.H39162 G38 2014","1","0"
"BP173.7 .T322 2014","0","0"
"BL65.P4 A32 2014","0","0"
"BR65.C56 N29 2013","0","0"
"DF221.S79 S79 2014","1","1"
"RS164 .R347 2014","0","0"
"PG3481.2.R65 D92 2014","0","0"
"DK766 .P88 2014 2014","0","0"
"BL410 .M69 2014","1","0"
"PS3603.L3615 R43 2014","3","1"
"R141 .J36 2005","0","0"
"PG1402.5.F73 J36 2013","0","0"
"PS3569.L254 T45 2014","1","0"
"PK6412.S84 S536 2014","0","0"
"HQ1236.5.S47 Z58 2012","0","0"
"DR1305.M53 A3 2013","1","0"
"DK37.8.V6 K56 2014","0","0"
"DD801.S138 W53 2014","0","0"
"BX513 .U95 2014","0","0"
"DK511.A5 O455 2014","0","0"
"DS145 .C644 2014","0","0"
"DS371.412 .F35 2014","1","0"
"DK32 .V84 2012","0","0"
"CT1217.D38 D3852 2013","1","0"
"JN1815 .A25 2014","0","0"
"JN1815 .A25 2014","0","0"
"PH3281.K23514 H29 2013","0","0"
"PH3351.S393 M53 2013","1","0"
"DS135.I85 T765 2014","0","0"
"BT40 .G76 2014","0","0"
"DK32 .K8925 2012","0","0"
"UB271.C952 M67512 2014","1","0"
"HD1531.B7 F67 2008","1","0"
"JN4139.5.A63 K33 2004","0","0"
"JN4139.5.A63 K33 2004","0","0"
"PS3603.O7845 H65 2014","4","0"
"PS3552.R845 M67 2014","1","0"
"F3069.3.G6 C45 2014","1","0"
"PQ6651.R474 R47 2014","0","0"
"PS3557.R5355 G73 2014","9","0"
"JL2698.M68 V35 2014","0","0"
"PQ6081 .A74 2014","0","0"
"PQ6076 .P47 2014","0","0"
"DS324.G5 S535 2013","0","0"
"BV3462.S37 Y58 2014","1","0"
"GV342 .S73 2014","0","0"
"E183.8.C9 L384 2014","6","0"
"D632.5 .T46 2014","1","0"
"PR9619.4.O45 Z46 2013","0","0"
"DK510.763 .S67877 2014","0","0"
"BX1535 .B77 2014","0","0"
"PQ4861.G567 M53 2014","0","0"
"PQ4843.O8 Z795 2014","0","0"
"PG1419.26.E76 B72 1999","1","0"
"F264.D9 M39 2014","8","0"
"PG3482.8.U654 N53 2013","0","0"
"BJ1533.G4 S53 2014","0","0"
"B4231 .A654 2014","0","0"
"DS354.58 .S58 2014","1","0"
"B1925.E5 C36 2014","3","0"
"PG3476.T6 Z6344 2012","0","0"
"PR9199.4.D36 L43 2013","1","0"
"K588 .J83 2004","0","0"
"PL2392 .A158 2013","0","0"
"PL2392 .A158 2013","0","0"
"PL2392 .A158 2013","0","0"
"PQ6047.J4 J67 2014","1","0"
"TK8316 .K87 2015","0","0"
"JK468.P64 S86 2014","1","0"
"PG2986 .K7175 2013","1","0"
"PN3355 .C295 2014","1","1"
"HD9502.5.C543 U624 2014","0","0"
"Z115.5.R8 K65 2014","0","0"
"BP189.2 .A35 2013","0","0"
"F1938.4 .A35 2013","0","0"
"PL2782.F46 A6 2012","0","0"
"PL2782.F46 A6 2012","0","0"
"LB45 .P324 2012","1","0"
"PK6482 .K865 2013","0","0"
"DB2650.V47 V66 2014","0","0"
"PS3573.A425635 A6 2014","9","0"
"PQ6107 .U54 2014","1","0"
"F1935 .A528 2013","0","0"
"PQ6658.E7184 Z814 2014","0","0"
"N5975 .M552 2011","2","0"
"PQ6623.A89 L38 2014","0","0"
"N7460 .T87 2014","0","0"
"DB89.F7 J49 2014","0","0"
"N5760 .W64 2011","0","0"
"PQ6603.A7 Z5784 2014","0","0"
"PK6561.B5 Z59 2014","0","0"
"BR1720.C624 L38 1919","2","0"
"PG5039.13.I34 K3 2014","0","0"
"DJ136 .S5413 2014","0","0"
"BS741 .H3","1","0"
"BX2659.S35 S345 1938","2","0"
"PS536 .B595 2014","0","1"
"DS779.28 .Z66 2014","0","0"
"K579.C34 W35 2011","1","0"
"PF3988.A5 S34 2003","2","0"
"PK6530 .M849 2014","0","0"
"PG500.3 .K65 2012","0","0"
"JQ1789.A5 Z59 2013","0","0"
"CT1828.F465 Z36 2013","0","0"
"PK6420.M63 A45 2011","1","0"
"PK6443 .D3758 2014","0","0"
"E185.97.K5 A2 1992","1","0"
"E185.97.K5 A2 1992","0","0"
"PG3458.Z9 D7336 2014","0","0"
"DK510.766.Z58 A25 2014","0","0"
"PK6561.F275 Z46 2014b","0","0"
"UG429.R8 T9 2014","0","0"
"B4201 .Z352 2014","0","0"
"DK4410 .L434 2014","1","0"
"PS3616.R395 S5312 2014","0","0"
"PN2859.C96 H79 2014","0","0"
"PG5039.21.O47 D68 2014","0","0"
"PN1992.8.H63 S75 2015","0","0"
"HE4989.H6 L443 2014","0","0"
"DS796.H757 Y349 2014","0","0"
"BL60 .I877 2013","0","0"
"PQ6257 .F67 2014","0","0"
"PK6561.A365 Y33 2013","0","0"
"DS796.H75 H426 2014","0","0"
"PK6561.M8247 M33 2014","1","0"
"PK6561.B35 C43 2007","0","0"
"PK6562.28.A363 P55 2014","1","0"
"DS738 .F36 1982","0","0"
"DS796.H75 D46 2014","0","0"
"PK6561.M73 R89 2014","0","0"
"PN1993.5.I8 S87 2013","0","0"
"PQ4540.S77 P48 2014","0","0"
"PK6562.26.U74 S55 2014","0","0"
"DS778.C53487 W37 2014","1","0"
"PL2924.S78 A6 2014","0","0"
"BX583.P58 N49 2014","0","0"
"PK6561.S27 S53 2014","1","0"
"RZ341 .N686 2010","1","0"
"PK6561.S27 T3 2014","0","0"
"PQ4646 .R87 2014","0","0"
"PJ5055.26.A554 O62 2014","0","0"
"DS134.36.W47 H48 2014","0","0"
"HF1583.Z4 P33239 2014","1","0"
"DS779.49.X53 C566 2014","0","0"
"PQ4809.A65 Z48 2014","0","0"
"HQ76.3.M62 M48 2014","2","0"
"DS774 .C3732 2014","0","0"
"PA6500.M6 G74 2014","1","0"
"PQ1888.E5 A74 2010","1","0"
"HN733.5 .W3535 2014","0","0"
"F866 .A9318 1997","1","0"
"PQ6002 .C84 2013","0","0"
"PG3492.56.R678 M56 2014","0","0"
"PR9199.4.V488 C67 2014","0","0"
"DS777.55 .G34 2014","0","0"
"QC948 .C35 2014","0","0"
"D503 .V45 2014","0","0"
"Z3366 .M86 2003","0","0"
"Z3366 .M86 2003","1","0"
"Z3366 .M86 2003","1","0"
"Z3366 .M86 2003","1","0"
"Z3366 .M86 2003","1","0"
"Z3366 .M86 2003","1","0"
"Z3366 .M86 2003","1","0"
"PK6561.I4495 M36 1999","1","0"
"PR2148.V283 B55 2014","1","0"
"DS266 .S363 1991","0","0"
"HD9502.U52 J653 2014","2","1"
"KFM4592.2 .C64 2014","0","0"
"HD9016.C62 A43 2014","1","0"
"JN3971.A91 F67 2014","2","0"
"HC435.3 .N393 2014","0","0"
"GN562 .M48 2014","3","0"
"HM851 .P49 2014","1","0"
"JF1061 .M44 2015","2","0"
"JZ5675 .S75 2014","0","0"
"LB1028.3 .F49 2014","3","0"
"JZ5334.5.A35 E36 2014","1","0"
"LC1099.3 .S36 2014","0","0"
"HG106 .G34 2014","0","0"
"LB2322.2 .S54 2014","1","0"
"JZ1305 .D74 2014","1","0"
"JC599.C6 H65 2014","1","0"
"KF3369 .L36 2014","2","0"
"DS324.B87 Y345 2008","1","0"
"DS324.B87 K36 2009","1","0"
"PQ6707.R674 S65 2014","0","0"
"TX725.I7 Y347 2009","1","1"
"RC182.S2 A85 2014","0","0"
"PN6261 .P36 2013","0","1"
"DS796.H75 X556 2014","0","0"
"HN90.E4 S43 2015","4","0"
"KF352 .B47 2014","0","0"
"GV45 .S74 2014","1","0"
"HG5782 .W8 2014","0","1"
"H62 .C684 2014","2","0"
"CC135 .C78 2014","7","0"
"LB3013.3 .H67 2014","3","0"
"GV1588.6 .W35 2014","1","0"
"HM811 .D43 2014","0","0"
"LB1044.87 .P336 2013","0","0"
"HG3821 .M55 2014","0","0"
"HV6431 .T56687 2014","0","0"
"BF575.H27 H96 2014","1","0"
"HE6183.U54 W47 2014","0","0"
"JK511 .B76 2014","0","0"
"GF611 .H86 2014","0","0"
"K3275 .I564 2014","0","0"
"JZ6368 .J34 2014","1","0"
"JZ4850 .M34 2015","1","1"
"HF5549.5.E43 S53 2014","0","0"
"P92.L3 M435 2014","0","0"
"HQ1090 .K575 2014","2","0"
"HJ8106 .L36 2014","0","0"
"JF801 .N49 2014","3","0"
"JC596.2.U5 E795 2015","1","0"
"JC574.2.U6 V64 2014","1","0"
"HV6024.5 .P64 2014","1","0"
"JA75.7 .W53 2014","2","0"
"JQ1850.A91 P66 2014","5","0"
"PN4888.P6 N68 2014","1","1"
"HD9506.A652 H38 2014","0","0"
"P301.5.A27 S46 2014","1","0"
"HF5549 .R576 2014","0","0"
"K5191.W65 C37 2014","1","1"
"HF6146.I58 S65 2015","6","1"
"HD30.2 .T73 2014","0","0"
"HM1116 .S74 2014","1","0"
"GV709.2 .O84 2014","1","0"
"HD62.7 .S64 2008","1","0"
"HD41 .K36 2014","0","0"
"LB1028 .E259 2014","0","0"
"HT690.A35 E44 2015","0","0"
"HC57 .P6513 2014","4","2"
"BF637.C45 H289 2014","2","0"
"LB1731 .Z46 2015","2","0"
"JA71 .R26413 2014","1","0"
"GV1101 .P55 2014","1","0"
"BF575.L8 G675 2015","3","0"
"HV393 .M36 2014","0","0"
"HT1332 .S57 2015","0","1"
"HM671 .T73 2014","4","0"
"HT241 .B85 2015","0","0"
"JL966 .H455 2015","1","0"
"PR9499.4.S55 F74 2013","0","0"
"DS324.B87 F56 2009","1","0"
"PN5366.Z864 A3 2014","2","0"
"BP194.5.T4 D54 2008","1","0"
"GR230 .F645 2014","1","0"
"DS796.H757 G3682 2014","0","0"
"PQ7084 .C79 2014","1","0"
"BP63.A37 I58 2008","0","0"
"PQ6523.G2835 T7 2013","1","0"
"DR477 .A965 2002","0","0"
"PN6519.P5 S54 2005","0","0"
"F2331.C4 S4 2014","0","0"
"F2329.22.C54 C6518 2014","0","0"
"ND567 .L63 2005","1","0"
"PN6095.P35 R34 1993","0","0"
"KJC7830 .J87 2013","0","0"
"PQ4835.I7 Z53492 2013","0","0"
"HX280.5.A6 K6813 2014","1","0"
"PL248.P32 E27913 2013","0","1"
"PG3011 .Z4436 2014","1","0"
"GR166 .S36 2014","1","0"
"PL991.35.P639 H313 2014","0","0"
"BR65.A9 E87 1953","1","0"
"DS316.A445 H38 1990z","0","0"
"D632.5.F8 G39 2014","0","0"
"DA566.9 .T786 2014","0","0"
"PQ8180.17.A73 O8167 1990","1","0"
"PG3482.8.R683 Z46 2014","1","0"
"DS134.B42 A3 2014","1","0"
"PQ7400.A515 S45 2012","0","0"
"BP80.A28 R34 2002","0","0"
"PQ8098.28.O37 Z828 2013","0","0"
"D810.J4 L4 1991","0","0"
"GT4995.C6 A58 2013","0","0"
"PS3525.I5156 A56 1997","0","0"
"PS3525.I5156 A56 1997","0","1"
"PK6561.D5 C244 1970z","1","0"
"DK651.K628 S85 2014","0","0"
"BX601 .N34 2013","0","0"
"DS135.S32 S33 2014","0","0"
"PK6561.H43 A71 1977","1","0"
"HC340.12.Z9 T4175 2014","0","0"
"JA75.7 .D49 2014","0","0"
"BP387.N38 B87 1980z","1","0"
"PR6053.H5 O32 2014","1","0"
"PJ5078 .T63 2014","0","0"
"BJ1291 .B338 1990","1","0"
"PR9499.4.W37 W45 2009","0","0"
"DS316.6 .G36 2000","1","0"
"HV6626.23.I4 A63 2013","0","0"
"PQ6457 .C7 2014","0","0"
"F1941.B55 D459 2013","2","0"
"PS3523.A8245 Z77 2014","0","0"
"DT30.5 .A35548 2014","1","0"
"DS371.412 .R35 2014","0","0"
"DS150.5 .C76 2015","1","0"
"DA145 .R7326 2015","2","0"
"PN452 .B57 2014","0","0"
"E810 .S54 2014","0","0"
"D547.C2 C358 2014","0","0"
"PN56.C63 C656 2014","2","0"
"PR890.L65 P47 2014","0","0"
"DR1591 .M33 2014","2","0"
"BS1199.C73 C85 2014","3","0"
"HQ75.26.S72 A44 2014","0","0"
"PN1993.5.C875 C97 2015","0","0"
"PR6039.H52 Z6239 2014","0","0"
"PQ239 .S73 2014","2","0"
"BR63 .E18 2013","1","1"
"PN2039 .E57 2014","2","0"
"BT127.3 .L48 2014","3","0"
"D757.85 .P53 2015","2","1"
"PS3563.O8754 F67 2014","2","0"
"BS1192.6 .K53 2014","1","0"
"PS3566.A6863 F85 2014","0","0"
"DS481.G3 V37 2014","1","0"
"E882 .S63 2014","0","0"
"DT30 .J35 2015","3","2"
"PN3435 .G63 2014","2","1"
"PS3558.A667 Z46 2014","1","0"
"DA969 .H47 2014","0","0"
"DT60 .H57 2015","0","0"
"D524.7.G7 C76 2014","2","0"
"F1416.I72 I74 2014","3","0"
"D972 .I37 2014","0","0"
"BX3706.3 .O425 2014","3","0"
"PR2348 .S33 2014","1","0"
"PS3612.A519 L38 2014","0","0"
"PS3615.D4654 L63 2014","3","0"
"PR6120.R44 L63 2014","1","0"
"PR658.L6 L67 2014","0","0"
"DT1974 .B74 2014","0","1"
"BD21 .R467 2014","1","0"
"B53 .M363 2014","1","0"
"DL55 .M63 2014","0","0"
"BP173.75 .C43 2014","1","0"
"PR6066.A725 M87 2014","1","0"
"PN3352.S74 M47 2014","2","0"
"DG675.63.T87 O76 2014","1","1"
"PE1128.3 .S63 2014","1","0"
"DR1712 .T87 2014","2","0"
"BX955.3 .C677 2014","1","0"
"DS79.72 .P478 2014","2","0"
"PN1995.9.P6 N45 2015","0","0"
"BL2400 .P83 2014","0","0"
"PS153.N5 R33 2014","3","0"
"BL580 .R46 2014","2","0"
"DD61 .G74 2014","0","0"
"PR421 .R49 2014","3","0"
"DR1313.7.M54 R65 2014","0","0"
"BL504 .S225 2014","2","0"
"PR6068.O1925 A6 2014","2","0"
"BS2675.53 .S45 2014","1","0"
"E185.2 .R69 2014","4","0"
"PR2880.A1 S573 2014","11","0"
"DS134.42.W68 F45 2014","2","0"
"PJ3671 .S63 2014","0","0"
"DS79.766.H37 A3 2014","1","0"
"E907 .T63 2013","1","0"
"E332.2 .H664 2014","0","0"
"DS318.84.J35 A3 2014","0","0"
"HQ1236 .R53 2015","1","0"
"DR429.4 .F74 2014","1","0"
"PS3553.H87 T74 2014","4","0"
"E842 .C64 2014","2","0"
"PS3604.A93 A6 2014","10","0"
"HV6433.I72 A53 2014","2","0"
"PS3523.A827 Z65 2014","0","0"
"PS3505.H3224 Z46 2014","3","1"
"PR2807 .B68 2014","1","0"
"DT21.5 .V46 2013","0","1"
"PR9199.3.C497 A65 2014","0","0"
"PH355.N92 J86 2015","1","0"
"PL808.A35 A2 2014","1","2"
"AE2 .C63 2012","0","0"
"BR115.H6 S66 2014","3","0"
"PR9619.3.A324 D36 2013","0","0"
"DA205 .B69 2014","2","0"
"PS3505.U334 E56 2014","3","2"
"HQ1190 .H45 2014","2","0"
"PN1998.3.D465 F55 2014","5","1"
"PR6106.R58 F68 2014","2","0"
"DS61.52.D48 A3 2014","0","0"
"PR9199.3.W3688 G35 2014","0","0"
"PR830.G34 G86 2014","0","0"
"PN1998.3.K833 A3 2014","0","0"
"PS3555.N652 G55 2014","2","0"
"BT127.3 .J64 2014","0","0"
"PS3601.R5748 A6 2014","0","0"
"PS3573.I4535 T75 2014","0","0"
"PS3602.E3748 H37 2014","2","1"
"PR6039.O32 Z66125 2014","1","0"
"PS3626.E3626 H68 2014","0","0"
"PS3602.O893 A6 2014","0","0"
"PS3601.N55415 H94 2014","2","0"
"PS3563.A72433 H26 2014","3","0"
"PR9199.3.M33413 I32 2014","1","0"
"PA817 .B43 2014","1","0"
"PR9199.3.Z64 J36 2014","0","0"
"PR3184.D83 C37 2014","0","0"
"PR6102.U7554 L43 2013","0","0"
"PS3605.S49 L54 2014","8","0"
"PS3613.A9623 M36 2014","0","0"
"PS3615.R496 A6 2014","1","1"
"PQ1445.P7 P53 2014","1","0"
"DS269.A73 F56 2014","0","0"
"PR2013 .S88 2014","3","0"
"PR8518 .S73 2014","1","0"
"PL8010 .P585 2014","4","0"
"BT695.5 .M35 2014","0","0"
"BS476 .K665 2014","0","0"
"BD175.5.M84 A4513 2014","1","0"
"PS3623.A356304 A6 2014","0","0"
"PN1650.T56 W55 2014","2","0"
"DT73.S3 R38 2014","0","0"
"PQ2671.H6 A2 2014","1","0"
"PR5083 .W67 2014","0","0"
"PS3623.E3936 W58 2014","2","0"
"BS2825.52 .S658 2014","0","0"
"PN2080 .W66 2014","5","1"
"F1408.3 .M7824 2014","1","0"
"PQ2260.G89 G9165 1978","0","0"
"JL2692 .T67 2014","0","0"
"PQ6072 .M663 2014","0","0"
"F1776 .H553 2013","0","1"
"PQ4175 .D66 2014","6","0"
"PK6561 .B54 1977","1","0"
"PN6109.5 .K35 2014","0","0"
"PQ2603.E378 Z8 v. 26","0","0"
"DG70.P77 D67 2013","0","0"
"PQ4705.G3 Z96 2014","1","0"
"PK6235 .H27 1998","1","0"
"PR9199.4.D688 D69 2014","0","0"
"DS778.S434 M45 2011","0","0"
"D764.7.L5 S47 2008","0","0"
"PQ7409.2.R575 Z99 2013","0","0"
"PK6561.H43 B8 2004","0","0"
"PK6561.A38 D5 2007","1","0"
"PK6561 .B54 2009","1","0"
"DK4139 .B76 2014","0","0"
"PR9199.3.B3656 B58 2014","0","0"
"DS135.A93 W55 2014","4","0"
"F1054.5.M89 J59 2014","0","0"
"DS206 .B33 2014","1","0"
"HD9569.8 .Z83 2014b","5","0"
"PS3602.A924 S68 2012","0","0"
"PR9199.3.D2665 S67 2014","1","0"
"PK2418.G374 A6413 2013","0","0"
"PS3562.A842 R33 2014","1","0"
"BJ1401 .S64 2015","0","0"
"PN203 .A68 2014","0","0"
"JC330 .S87 2009","0","0"
"Z1003 .C446 2014","0","0"
"KNQ110.Z42 A3 2014","2","1"
"B804 .D37165 2001","1","0"
"RD546 .V37 2013","0","0"
"DD247.W363 A3 2014","0","0"
"PR9499.4.D373 G66 2014","0","0"
"PS627.O53 O349 2014","3","0"
"PQ4839.O3 Z49 2014","0","0"
"PR9199.3.B23 O52 2014","0","0"
"PL2914.N462 D827 2014","0","0"
"PQ4835.O78 Z48 2014","0","0"
"HN8 .A845 1980","3","0"
"P120.I6 R87 2014","0","0"
"PR9199.4.O447 D43 2014","1","0"
"DS796.H757 X763 2014","0","0"
"PR9199.3.W513 F74 2014","0","0"
"PR9199.3.V47 D66 2014","0","0"
"DS135.F81 M37 2014","1","0"
"GV199.44.C552 H6688 2014","0","0"
"KLB2064.51993 .L53 2014","1","0"
"F1435 .B733 2014","0","0"
"D522.42 .P48 2014","0","0"
"PJ7826.I2 A59 2001","0","0"
"HD2756.2.C6 L36 2014","0","0"
"PS3612.A648 W46 2014","1","0"
"F2326.M265 A3 2013","0","0"
"F2329 .O28 2014","0","0"
"PL2908.O155 M34 2014","0","0"
"PQ6072 .R465 2014","0","0"
"PN1995.9.H6 V46 2014","0","0"
"PG5040.14.O84 Z33 2014","0","0"
"JV7371 .P84 2014","0","0"
"PL2966.U8232 X53 2014","0","0"
"PG5038.K778 E94 2014","0","0"
"PS3554.E442 Z48 2014","0","0"
"PJ7862.H48 S213 2013","0","0"
"BL65.P7 R454 2014","0","0"
"DG975.L68 A58 2014","0","0"
"D515 .A15 2014","0","0"
"HD2768.C454 P358 2014","0","1"
"DS796.H75 W468 2014","0","0"
"D804.S65 S98 2014","0","0"
"HQ1718 .H64 2014","0","0"
"HD2346.C62 H666 2014","0","0"
"PQ6613.A47 Z835 2014","0","0"
"LA844.W3 A58 2013","0","0"
"Z124 .R635 2014","0","0"
"D805.G3 P53 2014","0","0"
"DS796.H753 A25943 2014","0","0"
"PR9499.3.B65 Z77 2013","0","0"
"DC111.3 .M43 2014","0","0"
"DK511.U3 E58 2013","1","0"
"DK68 .P63 2013","3","0"
"PK6562.27.U37 K56 2007","1","0"
"DP142.6.B83 D534 2014","2","0"
"PQ6672.A573 M54 2014","0","0"
"PS1017.L53 C57 2014","0","0"
"BR515 .A537 2014","3","0"
"DR592.K4 I37 2014","0","0"
"F128.68.W43 W45 2014","0","0"
"BL580 .C46 2015","2","0"
"E646 .A75 2014","0","0"
"D389 .T68 2014","0","0"
"PR9084 .M39 2014","0","0"
"DS79.764.F35 G74 2014","1","1"
"F158.4 .R66 2014","1","0"
"PS3602.A89 Z46 2014","3","0"
"PR8755 .K427 2014","0","0"
"F1783.M38 L5769 2014","1","0"
"PN56.3.V4 S38 2014","0","0"
"E842.9 .M557 2014","0","0"
"PQ6144 .F56 2014","1","0"
"BX350 .K784 2014","1","0"
"F140.22.B97 L56 2014","0","0"
"DH605 .R34 2013","1","0"
"BQ7529.V367 G65 2015","0","0"
"PS1541.Z5 G55 2014","0","0"
"BR1720.J5 V476 2014","0","2"
"HQ1236.5.U6 H65 2015","1","0"
"PN6120.92.W65 A45 2014","1","0"
"PS3572.E36 A54 2014","0","0"
"PS3521.E735 Z632913 2014","2","0"
"PQ7439.B9 Z755 2014","0","0"
"PS3614.O733 B47 2014","2","1"
"PS217.T67 L46 2014","2","0"
"B655.Z7 C35 2014","3","0"
"PS153.A84 Z25 2014","2","0"
"PS3573.E1794 C57 2014","0","0"
"DT72.B4 G66 2013","0","0"
"PN4390 .C27 2014","0","0"
"TR820.6 .K79 2014","4","0"
"PS3562.I799 D66 2014","0","0"
"PS3611.A785 D68 2014","0","0"
"E175.85 .P48 2014","10","0"
"DS318.85 .M8725 2014","2","0"
"PB1215 .W65 2014","2","0"
"DK4727.N69 P68 2014","2","1"
"PA4414.O5 M85 2014","2","0"
"PS3552.R666 A6 2014","0","0"
"PS3562.U4687 O64 2014","1","0"
"PS3553.U745 R44 2014","1","0"
"BL245 .B77 2014","3","0"
"GT366.S525 L52 2015","3","1"
"PS3613.A916 T43 2014","1","0"
"PQ2601.P6 Z778 2014","0","0"
"PS3565.S545 A6 2014","0","0"
"PS3619.C47823 A6 2014","0","0"
"PS3568.E255 T44 2013","0","0"
"DA256 .S48 2014","1","0"
"JQ1539.5.A56 C686 2014","0","0"
"PS3513.I25 J47165 2003","0","0"
"PN2859.P66 B734 2004","0","0"
"PQ4875.L43 Z6 2012","0","0"
"PN56.M25 M49 2014","0","0"
"F2520.1.D47 L58 2004","0","0"
"PA6485 .L36 2013","1","0"
"DS135.P63 K5648 2014","0","0"
"F1938.55 .L697 2013","0","0"
"PN1998.2 .H6268 2014","0","0"
"BP163 .S53 1983","1","0"
"PG7170.A584 Z58 2014","0","0"
"PQ6712.O33 F84 2014","0","0"
"PK6561.I36 A6 2003","0","0"
"PC3942.429.A68 D4718 2014","1","0"
"PH2740 .K58 2014","0","0"
"HN420.3.A8 C5527 2014","1","0"
"PS2848 .K2 2014","0","0"
"GR138 .S588 1997","0","0"
"D505 .R47 2014","0","0"
"DS135.B382 Z439 2013","0","2"
"PQ6348.A3 R87 2014","0","0"
"PS3566.A674718 G54 2005","1","0"
"PG5040.23.A66 Z47","0","0"
"PL4758.9.M27 K8713 2013","0","0"
"DS316.9.N37 A3 1993","1","0"
"PK6561.M67 P37 2000","1","0"
"B1925.S45 C65 2014","1","0"
"UA853.I7 R838 2012","1","1"
"HV6322.3.M3 A96 2014","3","0"
"BL740 .V53 2014","0","1"
"JC71 .P35165 2009","0","0"
"LC3071 .Q253 2014","1","0"
"PL2447 .Q256 2013","2","0"
"HC340.12.Z7 U72369 2001","0","0"
"HC340.12.Z7 U72369 2001","0","0"
"PL2302 .C4115 2014","0","0"
"BP189.7.M42 A3 1979","0","0"
"PG3467 .L4 2000","0","0"
"DS779.49.L46 Y36 2014","0","0"
"CT1218.B375 A3 2014","0","0"
"DS774 .L367 2014","1","1"
"PQ4001 .C5 2014","0","0"
"DS288 .I72 1998","1","0"
"DG55.C3 M45 2014","0","0"
"PQ7297.L53 Z556 2012","0","0"
"PQ7298.13.H2853 L33 2013","0","0"
"PQ7298.422.E36 C83 2013","0","0"
"PQ7298.26.E77 Y34 2013","1","0"
"PQ6352 .F74 2013","1","0"
"D802.U4 K695 2014","0","0"
"DS779.49.X53 A525 2013","0","0"
"PQ4864.O436 G73 2014","0","0"
"PL2623 .Q252 2014","1","0"
"PQ4863.A3894 M67 2014","0","0"
"PQ4829.A515 Z81 2014","3","0"
"BP133.7.J67 S29 2008","1","0"
"PQ4862.O794 O74 2014","0","0"
"PQ4904.U85 Q45 2014","0","0"
"PQ4390 .M199 2014","1","0"
"LB3610 .Z35 1999","0","0"
"PS3619.T36485 A788 2014","1","0"
"PS3564.I364 A856 2014","2","0"
"PS3613.C562 C63 2014","2","0"
"PS3513.I25 P717 2001","0","0"
"PS3619.Z965 C56 2014","4","0"
"BF575.A85 M8 2000","0","0"
"PQ4879.A783 R63 2014","0","0"
"DS775.7 .G358 2014","6","0"
"DS775.7 .G358 2014","7","0"
"DS778.L65 L86 2014","2","0"
"PG3334.P4 V4 2011","0","0"
"PS3563.O8749 Z942 2015","5","0"
"DS325.B78 S23 2012","0","0"
"PQ7298.414.A37 M68 2013","1","0"
"PN56.M23 W458 2013","0","0"
"DG315 .N88 2014","1","0"
"RA410.5 .R67 2014","3","1"
"JA84.U5 L55 2014","0","0"
"B52.66 .M45 2014","3","0"
"B741 .H248 2005","0","0"
"KBP2460 .M84x 2004","0","0"
"K487.P65 S74 2014","0","0"
"JX1568 .H3165 2011","0","0"
"PQ4829.I38 Z89 2014","1","0"
"PS3602.O7574 P64 2013","0","0"
"DB2057.D86 N46 2013","0","0"
"PQ4874.A823 A17 2014","0","0"
"PQ4913.E553 U48 2014","0","0"
"PQ4874.O64 S536 2014","0","0"
"PQ7298.426.E7135 P76 2011","0","0"
"PQ7298.18.U7 C37 2011","0","1"
"PQ4879.C264 E74 2014","0","0"
"PQ4882.E515 N54 2014","0","0"
"PQ7296.J6 Z618 2014","0","1"
"PQ2250 .A96 2014","0","0"
"DG63 .K66 2009","0","0"
"PQ2019.P87 Z63 2014","0","0"
"PQ7298.23.A7138 U58 2012","0","0"
"PN2877 .R46 2013","0","0"
"PQ2677.U486 Z84 2014","0","0"
"JQ1062.A58 S46 2012","0","0"
"HC1025 .K89 2013","1","0"
"DS597.2 .M3417 2012","0","0"
"PL5333.1 .A8 2013","1","1"
"PR6101.L446 A49 2014","1","0"
"PL2531 .R46 2013","0","0"
"HF5415 .M457 2013","0","0"
"PQ3919.2.H43 C4513 2014","0","0"
"LB5 .E5 v.15-16, 1966-1968","0","0"
"PR9919.4.S783 A64 2014","1","0"
"JN175 .T39 2014","0","0"
"JC355 .G3413 2014","1","0"
"PS3608.A783266 B54 2014","0","0"
"HG4515.15 .B37 2014","0","0"
"LB1027.23 .B73 2015","1","0"
"PR9499.3.M3674 A6 2013","0","0"
"PS3556.I42149 B74 2014","1","0"
"PR9499.4.A78 A6 2014","1","0"
"PQ7298.416.O567 F47 2013","0","0"
"PQ6719.A636 A85 2014","0","0"
"PJ5129.D5 A2 2014","0","1"
"PQ5904.M52 P63 2014","1","0"
"CC79.5.P5 A525 2014","1","0"
"HN18.3 .S65 2014","2","0"
"JZ1242 .K59 2015","1","0"
"GT2853.T9 T74 2015","1","0"
"GR166 .Z57 2015","4","0"
"HN59 .P43 2014","6","0"
"LB1707 .T43 2014","0","0"
"KF4545.S5 B58 2014","3","0"
"HQ1035.U6 S65 2014","5","0"
"LC5147.A67 N43 2014","1","0"
"LC1011 .A896 2014","1","0"
"HM881 .W65 2014","2","0"
"HV9104 .I47 2014","0","0"
"JK1726 .G755 2015","4","1"
"LD4721.R533 P54 2014","0","0"
"QC981.8.C5 S728 2014","0","0"
"HD6300 .N64 2014","0","0"
"PQ7390.E835 O53 2014","1","0"
"PQ7390.P4349 L53 2012","1","0"
"PQ4451 .B54 2014","1","0"
"PQ7392.B26 P67 2013","1","0"
"PQ7390.R778 E5 2014","0","0"
"PQ7392.C76 M34 2013","1","0"
"PQ7298.12.A52 V47 2013","1","0"
"E907 .S716 2014","5","0"
"PN2287.W454 E55 2014","2","0"
"PR6062.E9255 A76 2014","0","0"
"PR9372 .D64 2015","0","1"
"PJ7694.E3 A75 2014","1","0"
"DS73.9 .B33 2014","0","0"
"PS3613.C55566 B33 2014","4","0"
"PS3553.A7646 B57 1991","0","0"
"PS3618.O78284 B56 2014","1","0"
"PS153.N5 B557 2014","4","0"
"DF212.G7 B75 2014","0","0"
"BX1407.P63 R47 2015","0","0"
"PN1995.9.L48 S55 2015","0","0"
"PE1130.C4 L37 2015","1","0"
"E901 .L45 2014","1","0"
"BS1700 .M385 2014","0","0"
"PN731 .M34 2014","3","0"
"DR1316 .D43 2014","0","0"
"PN1998.3.J3 M33 2014","0","1"
"B1878.S67 W35 2014","0","0"
"PR6052.A7543 D57 2014","2","0"
"PR6058.O47 D64 2014","0","0"
"PS3515.A3152 A6 2014","4","0"
"PS3515.A3152 A6 2014","4","0"
"DS119.7 .P458 2015","0","0"
"PN1995.9.F65 F66 2015","1","0"
"DT450.443.N3195 A3 2014","0","0"
"PQ4817.A33 Z94 2014","1","0"
"BD511 .G63 2015","2","0"
"BR516 .O43 2015","1","0"
"F2056.8 .P87 2014","4","0"
"E748.H67 O88 2015","2","0"
"PR9415 .H86 2014","0","0"
"PS3603.H5454 I37 2014","0","0"
"F1975 .L56 2014","10","0"
"BM755.M3595 F69 2014","0","0"
"PN2287.C23 N46 2015","0","1"
"E748.M73 M67 2014","0","0"
"E842.9 .C56 2015","1","0"
"F1738.M38 B26 2014","3","0"
"DS70.7 .R45 2006","0","0"
"PQ7082.S5 B45 2014","0","2"
"TR680 .B37 2014","1","0"
"PN1136 .T36 2015","0","0"
"DT551.45.D64 D68 2014","0","0"
"DR64.2.A44 S69 2014","0","0"
"DE71 .L39 2014","3","1"
"BD418.3 .G455 2015","0","0"
"B3317 .T63 2014","1","0"
"D756.5.A7 C67 2014","0","0"
"DS269.K3 B425 2015","1","1"
"PS3558.E87 A6 2014","0","0"
"BQ3002.E5 D53 2014","0","1"
"PS3569.T33828 P36 2014","0","0"
"DA47.2 .S48 2014","1","0"
"PA4279.R7 L83 2014","0","0"
"PR9210 .V53 2014","1","0"
"PS3537.T323 Z77 2014","0","0"
"BP174 .A245 2014","1","0"
"BL51 .P585 2014","1","0"
"BX8277.B43 R63 2014","0","0"
"PS3563.A2555 R88 2014","2","0"
"D810.S2 W73 2014","2","1"
"PS3525.A4152 Z48 2014","0","0"
"DR559 .B37 2014","2","0"
"PS3622.I4939 P3733 2014","0","0"
"BL624 .L352 2014","5","0"
"BL60 .M45 2014","2","0"
"PS3607.R36395 S96 2014","2","0"
"PS3545.I5365 Z8455 2011","0","0"
"PL2947.C59 S3613 2014","22","0"
"PS231.S47 T73 2014","0","0"
"PC2205 .T75 2014","0","0"
"PQ3988.5.A5 K65 2015","1","0"
"PT2601.D614 U5713 2014","0","0"
"DR440 .W45 2014","1","0"
"PT2605.E4 M4735 2014","0","0"
"PS3607.O5935 W55 2014","1","0"
"PR9199.4.E745 W55 2014","0","0"
"PN6071.W56 W56 2014","0","0"
"PT771 .W66 2014","1","0"
"PN2039 .Z594 2014","2","1"
"PN1707 .M535 2014","1","0"
"JQ1879.A15 A29 2013","0","0"
"BT720 .A33 2014","1","1"
"PN2061 .M287 2014","0","0"
"PR1874 .A67 2014","1","1"
"BD511 .K78 2014","1","0"
"PN6101 .B47 2014","2","0"
"BL1138.62 .E5 2015","4","0"
"BS511.3 .B535 2014","0","0"
"PS617 .B66 2014","2","1"
"PR4644 .C3 2015","3","0"
"PR6073.A9273 C43 2014","1","0"
"D639.C39 F74 2015","6","1"
"BS1455 .D635 2014","3","0"
"PR8669.2 .C66 2014","0","0"
"PS3603.O4365 A6 2014","0","0"
"PR9550.9.G28 D47 2014","1","0"
"PR9387.9.N933 E48 2014","3","0"
"PS3616.A75676 E34 2014","1","0"
"PS3602.E434 F56 2014","0","0"
"PA3997 .G35 2014","1","0"
"DF757 .T46 2014","0","0"
"PR9199.4.M4236 H45 2014","0","0"
"PR6115.M33 H47 2014","0","0"
"PT2712.E44 H4713 2014","0","0"
"PS3614.E247 H48 2014","1","0"
"BS1171.3 .N45 2014","1","0"
"PS3619.A84 I8 2014","2","1"
"PS617 .B47 2014","0","0"
"E842.9 .N418 2014","0","1"
"PS3606.A498 L37 2014","1","0"
"PR6110.O975 L85 2014","1","0"
"PR6003.E282 Z6847 2014","0","0"
"PR6056.R88 Z46 2014","0","0"
"BL221 .S26 2014","1","0"
"PS3554.I4 D55 2014","1","0"
"BS2589 .T487 2014","6","0"
"PQ2169 .P4913 2014","1","0"
"PS2638 .H83 2014","0","0"
"PS617 .P75 2014","2","0"
"PS3623.I55834 R34 2014","0","0"
"HF5386.5 .M38 2005","3","0"
"PR9199.4.A925 S55 2014","0","0"
"PS3602.L32 A6 2014","0","1"
"PQ2705.N273 R8413 2014","2","0"
"BH39 .T35 2014","0","0"
"PQ2718.O893 A2 2013","0","0"
"BQ4570.S6 J63 2014","1","1"
"PK6449.E7 T44 2014","2","0"
"BL65.E36 B47 2014","1","0"
"PR6039.O32 Z587 2014","0","0"
"BR100 .S525 2014","2","0"
"DT528 .H84 2014","0","0"
"PN2091.E4 A45 2015","1","0"
"PR6058.A6922 W46 2014","0","0"
"BT453 .S395 2014","0","0"
"GN33 .B727 2015","0","0"
"KF4555 .B69 2014","0","0"
"HG2565 .W65 2015","0","0"
"GN345.3 .D73 2014","1","0"
"HM621 .H373 2014","0","0"
"HD8066 .W277 2015","1","0"
"HQ1073 .D55 2014","2","0"
"HC59.72.I5 D57 2014","0","0"
"HC59.7 .B23813 2014","0","1"
"HD9870.5 .B43 2014","8","0"
"HB615 .C37 2014","0","0"
"KJE5112.E852 E945 2014","1","0"
"HF3568.G7 S3813 2015","1","0"
"HC79.T4 G56 2014","0","0"
"HC102 .G59 2014","0","0"
"PN1992.77.H615 H88 2014","0","0"
"JA71 .C96 2014","0","0"
"HT185 .V37 2014","1","0"
"HV9304 .B35 2014","0","0"
"HV7431 .S6145 2015","0","0"
"JN50 .O46 2014","2","1"
"HG4621 .W46 2014","0","0"
"HC241.25.P5 P654 2014","1","0"
"HM1121 .D63 2014","0","0"
"HC462.95 .M55 2014","1","0"
"KF5060 .P69 2014","0","0"
"HB615 .S417 2014","0","0"
"KF5060 .A96 2015","0","0"
"HB615 .R683 2015","1","0"
"GT2860 .H39 2014","1","0"
"JZ1637 .S63 2015","0","0"
"HN740.X57 Z53 2014","1","0"
"JZ4059 .K89 2015","2","0"
"JC421 .G66 2014","1","0"
"GV1201.38 .P47 2015","1","0"
"HF5811 .F85 2014","1","0"
"HE9803.A44 R44 2014","1","2"
"JQ1850.A91 A825 2015","4","0"
"GF75 .K73 2014","0","0"
"PN1992.77.W53 C67 2013","0","0"
"HD30.4 .C75 2014","0","0"
"GN502 .C866 2014","0","0"
"HC256 .G75 2014","0","0"
"HG4027.6 .G53 2015","1","2"
"HC85 .E58 2014","0","0"
"JZ1570 .E96 2014","2","0"
"CC135 .K36 2014","2","1"
"GF86 .G37 2011","2","0"
"LB1607 .A27 2015","1","0"
"JK1161 .B345 2015","0","0"
"P96.T47 A48 2015","2","0"
"LB2395.7 .B76 2015","1","0"
"LC4031 .P78 2014","0","0"
"KKX2070 .R63 2014","1","0"
"LC151 .S63 2015","0","0"
"HG221 .M55 2015","2","1"
"HM1033 .U653 2014","1","0"
"PN6727.R35 S56 2014","3","0"
"HM623 .R637 2015","2","1"
"HD9560.5 .P28 2015","0","0"
"PQ7298.422.L35 C84 2013","1","0"
"DG551 .I86 2014","0","0"
"PK6561.H43 N44 1986","1","0"
"PG3001 .P353 2014","0","0"
"DS318 .A54 1992","1","0"
"HD75 .T74 2014","0","1"
"K590 .D36165 2003","1","0"
"HC240.25.L385 T56 2013","0","0"
"UA15 .M2843 2014","0","0"
"BL1670 .O4413 2014","1","0"
"PQ4905.M65 C37 2014","0","0"
"PK6458 .B85 2000","0","0"
"GN780.32.J6 V44 2014","0","0"
"DK651.P74 P47 2014","4","0"
"HD9397.C962 B475 2014","0","0"
"BF575.N6 H35 2014","0","0"
"PL2302 .D12 2014","0","1"
"PL2302 .D12 2014","0","0"
"PL2302 .D12 2014","0","0"
"PL2302 .D12 2014","0","0"
"PL2302 .D12 2014","0","0"
"BP192.2 .A75 2012","1","0"
"BP63.T8 R48 2011","0","1"
"DS81 .P434 2014","1","0"
"PL248.K7755 B5713 2014","0","0"
"DK510.33 .E973 2014","0","0"
"PG5039.21.A94 A72 2014","0","0"
"DR548 .G864 2014","2","0"
"PG5040.18.O7346 A76 2014","1","0"
"PG5039.23.A35 F45 2014","0","0"
"PG5040.2.E35 S26 2014","0","0"
"PG5040.29.T624 M25 2014","0","0"
"BX1675 .O43 2014","0","0"
"E183.8.T8 A44 2011","0","0"
"E183.8.T8 A44 2011","1","1"
"PA3978.A5 D73 2013","0","0"
"DB2221.Z46 N45 2014","0","0"
"HG178.33.M8 T67 2013","0","0"
"PS3553.O65 Z46 2014","0","0"
"PG3481.6.U678 K2 2014","0","0"
"HC800 .K37 2014","0","0"
"TL85 .I55 2008","1","0"
"DS316.9.S5515 A3 2013","1","0"
"PG5040.32.A34 C47 2014","0","0"
"PR6119.O26 P47 2014","0","0"
"PS3626.U63 P56 2014","4","0"
"D804.S65 T47 2014","0","0"
"LB2959 .G84 1991","2","0"
"HC427.92 .S455 2014","0","0"
"PS3618.H48 S68 2014","0","0"
"HC427.95 .W46 2014","0","0"
"PS3618.E462 A67 2014","1","0"
"PK6561.A96 Q58 1968","1","0"
"GR203.8 .K896 2014","0","0"
"DT181.5 .I68 2009","0","0"
"DT107.88 .M68 2014","2","0"
"BP65.M435 I68 2010","0","0"
"DR605.G85 A5 2014","0","0"
"PS3553.H77 B54 2014","0","0"
"PR9199.4.P487 M68 2014","0","0"
"DS511 .E14 1985","1","0"
"KLB68 .M43 2014","0","0"
"JC489 .M57 2014","0","0"
"DS632.M275 C48 1988","1","0"
"PR6072.A73 T43 2014","0","0"
"DK510.763 .G6343 2012","0","0"
"DS556.93.C76 G6 1992","1","0"
"DS524.8.U6 W45 2000","1","0"
"DK510.763 .S599 2013","0","0"
"JN6699.A79 N58 2014","0","0"
"DS527.8 .O475 1995","1","0"
"PR9199.3.K6 N49 2014","0","0"
"BV1470.R9 R453 2013","0","0"
"DS110.G2 G37 2014","4","0"
"PQ7298.418.U78 V47 2013","0","0"
"DS266 .B87 2000","1","0"
"DK268.S97 K569 2014","0","0"
"DS135.T83 M636 2014","0","0"
"DK288 .K755 2014","0","0"
"HV6322.3.T9 H69 2014","0","0"
"B753.M84 Z366 1998","2","0"
"U264.5.S65 G67 2014","0","0"
"DA47.9.T8 P765 2010","1","0"
"DA47.9.T8 P765 2010","1","0"
"JV8190 .N39 2014","1","0"
"D802.S65 E755 2013","0","0"
"D804.196.L68 A4 2014","0","0"
"QC774.A2 G67 2014","0","0"
"HM1116 .F54 2014","0","0"
"PR9530.9.C55 M3 1981","0","0"
"B2949.M4 K63 2014","0","0"
"DK266.45 .M62 2013","0","0"
"DS598.M34 H69 1993","0","0"
"HV8210.5.A45 M5678 2014","0","0"
"HD499.B3 R43 1981","0","0"
"HQ1726.7 .Z37 2014","0","0"
"D754.S65 V467 2013","0","0"
"PQ7298.14.E49 J39 2013","1","0"
"DS54.9 .O88 2014","0","0"
"DK254.T8 K356 2014","0","0"
"PQ2625.A16 Z47 2014","0","0"
"PL115 .T873 2014","0","0"
"PQ7440.O85 T6 2013","1","0"
"HQ1075 .I977 2001","1","0"
"DK67.5.G3 K745 2013","0","0"
"DS510.7 .S65 1987","1","0"
"PN2872 .J44 2013","0","0"
"PN2872 .J44 2013","0","0"
"PQ7442.A77 V56 2013","1","0"
"DK262 .S83 2013","0","0"
"PQ7292.A232 A23 2013","0","0"
"PG3478.L43 T35 2012","0","0"
"PQ7439.A8 H5 2013","0","0"
"PL4236.5.S25 R36 1976","2","0"
"D764.3.K8 Z369 2013","1","0"
"DK254.S8 S536 2013","0","0"
"BX601 .K662 2014","0","0"
"PN6790.M483 T759 2013","0","0"
"DS589.K48 P656 1980","1","0"
"DK511.V8 S39 2010","0","0"
"BT40 .M477 2014","0","0"
"DS538 .H54 2009","2","0"
"HC441 .S58 1993","1","0"
"JC599.S65 S65 2014","0","0"
"PQ7298.1.G839 M85 2011","1","0"
"PQ7392.S278 R37 2013","1","0"
"PK6561.N385 T35 2001x","1","0"
"DS921.2 .M35 2014","0","0"
"E491 .H33 2014","6","2"
"D424 .A35 2015","1","0"
"BX4705.N5 P645 2014","0","0"
"F1435.1.P46 A73 2014","2","0"
"B434 .B78 2014","1","0"
"BM565 .B48 2014","0","0"
"PS153.N5 R45 2014","5","0"
"DT1974.2 .M33 2014","1","0"
"PQ6613.A763 Z865 2014","6","0"
"HQ76.3.U52 N487 2015","0","0"
"G87 .S9 2014","1","0"
"DG311 .G564 2015","6","0"
"PS153.N5 M663 2014","4","0"
"D810.M8 M68 2014","3","0"
"F1435.1.M3 M28 2014","1","0"
"DS59.K86 K864 2014","1","0"
"PR275.D43 A67 2015","3","1"
"PR418.S64 C74 2014","2","0"
"PN145 .T87 2014","2","2"
"DT433.545.M87 N48 2014","1","1"
"PQ6512.C226 E613 2014","0","0"
"PN1998.3.M67 A53 2014","0","0"
"DG737.24.S26 A25 2014","0","0"
"PS217.P64 M37 2014","4","0"
"E185.93.M7 K74 2014","5","0"
"DS777.488.W48 H36 2014","4","0"
"BR510 .R45 2014","1","0"
"PA3133 .C75 2015","0","0"
"DS79.7 .B375 2014","0","0"
"PR658.R43 S83 2014","1","0"
"PQ2671.R547 T4413 2015","3","1"
"PR3407 .N68 2015","0","0"
"PS2638 .T73 2014","0","0"
"B808.9 .T456 2015","5","0"
"DS79.767.P76 L48 2014","0","0"
"DS126.6.P47 Z59 2014","0","0"
"DA235 .B37 2014","5","0"
"E184.A1 A3377 2015","1","0"
"D720 .S23 2014","2","0"
"BP170.5.A1 O99 2015","1","0"
"BQ6315 .B83 2013","1","0"
"PR3757.W2 C31 2014","7","0"
"PS374.C36 C53 2014","5","0"
"PN1998.3.C67 M36 2014","2","0"
"BS2685.52 .D45 2015","0","0"
"BP605.H36 Z45 2014","3","0"
"PS3527.I865 L33 2014","0","0"
"PQ2662.O252 D3613 2014","1","0"
"BS2585.52 .D425 2014","1","0"
"BS2585.52 .D425 2014","0","0"
"PN849.A85 P75 2014","0","0"
"PS3572.O294 Z53 2014","0","0"
"BX2347.8.W6 J64 2014","1","0"
"BR563.N4 M37 2014","4","0"
"BR115.H6 Q435 2015","3","0"
"PR6013.R44 Z6333 2014","0","0"
"DK511.A5 V43 2014","0","0"
"PQ7298.428.E54 T54 2012","1","0"
"PQ7298.32.I4945 T353 2013","1","0"
"PA6648.P6 H3313 1940","3","0"
"PK6561.M7845 A9 2010","1","0"
"D802.U4 B37 2014","0","0"
"LF5223 .S93 2014","0","0"
"PQ7298.428.E9938 L58 2012","1","0"
"PQ7298.43.O764 O75 2012","0","0"
"PK6561.B318 D37 2011","1","0"
"UB271.R92 O57 2013","0","0"
"PQ7298.414.I193 D42 2010","1","0"
"PQ7392.T65 E46 2014","0","0"
"PQ7392.E24 B84 2013","0","0"
"BX597.S4 O45 2014","0","0"
"D568.3 .G265 2014","0","0"
"PK6562.23.U4468 B53 2005","1","0"
"R643.B37 B35 2014","1","0"
"GN480.2 .S46 2014","0","0"
"DR592.J46 B35 2009","1","0"
"GR202 .U94 2010","0","0"
"PK6561.K3455 G57 2011","1","0"
"GN585.R9 V53 2014","0","0"
"DR584.5 .C675 2014","0","0"
"R534.M65 A3 2012","1","0"
"DF951.T45 T67 2012","0","0"
"DK67.5.G3 N685 2014","0","0"
"PK6561.A3679 J36 2006","1","0"
"HT653.B38 I93 2014","0","0"
"BX4923 .F45 2014","0","0"
"PG5039.21.R297 D4813 2014","0","0"
"PG3481.2.D63 T84 2013","0","0"
"HV5840.E98 I58 2013","1","0"
"PG5040.14.E466 D88 2014","0","0"
"PG5039.29.K73 R23 2014","0","0"
"PG5040.15.P78 O28 2014","0","0"
"PG5040.23.A78 V47 2014","1","0"
"PN4835 .S943 2014","0","0"
"PG6585 .T65 2014","3","0"
"PG5040.24.O8675 Z22 2014","0","0"
"PG5040.26.R683 K28 2014","0","0"
"PA5614.H44 U87 2010","0","0"
"PG5039.12.E924 D48 2014","0","0"
"DK4600.S425 S88 2013","0","0"
"PQ7372 .A44 2014","0","0"
"PQ7392.Z35 N63 2013","1","0"
"PQ7390.S3994 R46 2013","0","0"
"PQ7298.415.S22 C73 2013","0","0"
"PA6507 .R637 2014","3","0"
"PQ9929.C67 C66 2013","1","0"
"PQ7298.23.E5824 Z23 2011","0","0"
"PN6790.M62 P73 2013","0","0"
"PQ7297.A4674 P373 2013","0","0"
"PQ4913.A7559 N43 2014","0","0"
"HD7288.92.U62 S368 2014","0","1"
"DC373.M62 T68 2014","0","0"
"PQ4903.R565 A73 2014","0","0"
"PL2610 .L86 2013","0","0"
"PL2610 .L86 2013","0","0"
"PQ7298.1.R46 F56 2013","0","0"
"PN4936.R47 A3 2012","0","0"
"PN4937.B75 A26 2013","0","0"
"DB2247.B222 A3 2014","0","0"
"JZ1616 .L8312 2012","0","0"
"LC197 .P76 2015","1","0"
"PA3019 .D85 2013","0","0"
"DR479.U5 T9413 2013","1","0"
"JK1759 .F43 2014","2","0"
"NA1034.5.S72 A3 2014","0","0"
"H62 .H153 2014","0","0"
"PQ9929.A26 P64 2014","0","0"
"PG5039.18.R2 Z765 2014","0","0"
"PG2747 .S58 2004","0","0"
"PT9877.21.E65 S364 2011","8","0"
"DC137.1 .N416 1985","2","0"
"DK561 .P994 2014","0","0"
"PQ9929.P285 N36 2013","0","0"
"DL659.R8 K85 2013","0","0"
"PK6561.N467 M58 2006","1","0"
"HV8224 .K485 2012","0","0"
"D638.R9 B45 2014","0","0"
"PQ7291.B352 H35 2013","0","0"
"U55.S55 B83 2014","0","0"
"PK6561.G477 D37 2009","1","0"
"LA2383.T282 C464 2014","0","0"
"PK6561.G477 G85 2011","1","0"
"PL2732.E634 A6 2013","0","0"
"PL2732.E634 A6 2013","0","0"
"PK6561.M23 L39 2005","1","1"
"Z955.H632 C456 2014","0","0"
"PQ7298.1.V495 G65 2012","0","0"
"PQ7298.416.U38 M5 2014","1","1"
"PN1995.9.S6 V593 2013","0","0"
"DG555 .S23 2012","0","0"
"HD2124.5 .M434 2013","1","0"
"PQ7253 .P64 2011","1","0"
"PE1068.E27 T43 2014","0","0"
"PQ7298.422.A36 S67 2012","1","0"
"PK6562.23.U785 R39 2011","1","0"
"HV6250.4.W65 P68 2013","0","0"
"P325 .K37 2011","2","0"
"DA960 .O46 2014","2","0"
"PK6561.N4645 B8 2010","1","0"
"PS374.S445 Z45 2012","0","0"
"JK1991 .P34 2012","0","1"
"E551.5 15th .F38 2015","1","3"
"PK6561.C45 T35 2003","0","0"
"BS1286.5 .F63 2014","0","0"
"DC127.C3 M66 2014","0","0"
"PG5031.4 .M45 2012","0","0"
"PK6561.A78 A6 2007","0","0"
"JL960 .D38 2015","1","0"
"F2689 .H6718 2011","0","0"
"DK510.764 .N364 2015","0","0"
"BX492 .G68 2014","0","0"
"B105.I44 P55 2014","0","0"
"E855 .S26 2015","7","0"
"DK265.9.P74 V4563 2014","0","0"
"DK289 .P65 2014","0","0"
"PS3553.H27244 F78 1996","0","0"
"DK511.V65 K459 2011","0","0"
"PG3476.N3 Z743 2014","3","0"
"PN4872 .K36 2002","0","0"
"HC340.F3 V64 2014","0","0"
"HD1536.R9 B74 2013","0","0"
"DK565 .S5645 2013","0","0"
"DK507.76 .E58 2014","0","0"
"AS262.L394 B65 2014","1","0"
"D764 .R82 2013","0","0"
"UG1235.R8 I35 2013","0","0"
"DK268.Z52 K695 2013","0","0"
"B4249.L584 T35 2014","0","0"
"BX605.R35 I95 2013","0","0"
"PQ4882.I78 B54 2014","0","0"
"CT1099.O53 A65 2014","0","0"
"UA772 .B498 2012","0","0"
"DK511.U2 R63 2014","0","0"
"DK507.7295 .R59 2014","0","0"
"DK507.7295 .R59 2014","0","0"
"DK34.N4 I87 2014","0","0"
"PK6561.A78 Z85 2008","0","0"
"DS371.2 .R88 2013","0","0"
"DF231.4 .V35 2014","0","0"
"PQ9929.S56 K35 2013","0","0"
"PQ7298.413.I756 H6 2013","1","0"
"PQ4390 .L325 2014","0","0"
"PQ7298.41.R4618 B53 2013","1","0"
"PQ7298.432.I448 J83 2012","1","0"
"PQ7392.G349 I67 2013","2","0"
"PQ7298.417.A7295 C67 2013","1","0"
"PT2621.A26 P7165 2008","0","1"
"PQ4879.E74 Z94 2014","0","0"
"PQ4055.W6 P67 2014","0","0"
"PQ7298.23.A318 A7 2012","1","0"
"PS3511.A86 S69165 1990","0","0"
"PQ7298.423.O784 T74 2012","1","0"
"PQ7392.B45 C37 2013","0","0"
"PG5039.21.U6 V3165 1997","2","0"
"PK6562.21.A43 M5 2002","1","0"
"PK6562.18.A63 Q3 2012","1","0"
"PK6561.T2835 K48 2009","0","0"
"PK6561.P5 S54 2012","1","0"
"PK6561.P47 A3 2012","0","0"
"DS316.85 .N56 2000","0","0"
"PG3385 .L445 2014","3","0"
"HD9198.R92 S665 2014","0","0"
"DK510.75.G8 A3 2014","0","0"
"DK510.75.M38 B65 2013","0","0"
"D764.7.U798 V655 2012","0","0"
"D764 .I6988 2013","0","0"
"HD7287.3 .P36 2013","0","0"
"PL2354 .Y42 Q84 2013","0","0"
"PK119.5 .R34 2012","0","0"
"DR479.C6 C65 2013","1","0"
"PS3569.P434 A6 2014","0","0"
"DK40 .B35 2014","0","0"
"DS777.533.C64 L8626 2013","1","0"
"PN1998.3.G47 I88 2013","0","0"
"PL2978.S454 L48 2013","0","0"
"E184.37.V37 A3 2009","0","0"
"BV4579.5 .C47 2012","0","0"
"RC660.4 .R63 2014","3","0"
"P40.5.L382 I24 2014","1","0"
"RA1224.2 .K48 2014","0","0"
"QH457 .P36 2014","1","0"
"RA643 .B377 2013","1","0"
"PQ4085 .L49 2014","0","0"
"PS3553.O692 F57 2014","1","0"
"PR3593 .H36 2014","1","0"
"JF1525.S4 C64 2014","1","0"
"DC67 .C45 2014","2","1"
"GE230 .T38 2014","6","0"
"DS796.H753 Z56 2014","0","0"
"PL1065 .C434 2013","0","1"
"PQ1741 2014","0","0"
"PS3553.U75 H38 2014","3","0"
"PL3031.T3 L5527 2013","0","0"
"PL2875.A5295 Z47 2014","1","0"
"DS777.488.C5 J4726 2014","0","0"
"HT147.C6 Z4678 2013","0","0"
"PS634.2 .T44 2014","1","0"
"PS3620.Y65 T75 2014","0","0"
"HJ7461 .J55 2014","0","0"
"DS79.76 .D54 2014","1","0"
"PR9199.3.C583 M37 2014","0","0"
"DR2078 .K675 2014","0","0"
"TL726.7.C52 H656 2014","1","0"
"TL726.7.C52 H656 2014","0","0"
"PS3553.A947 M36 2014","1","0"
"GT4883.A3 H68 2014","0","0"
"PT5882.18.E3 M37 2014","0","0"
"PQ4912.E665 S56 2014","0","0"
"PQ4882.E7675 T47 2014","0","0"
"PQ4876.A7416 F46 2014","0","0"
"PQ4913.O5453 T66 2014","0","0"
"PQ4804 .A4 2014","0","0"
"DC801.P667 A73 1987z","1","0"
"PQ4867.U276 P56 2014","0","0"
"PA8570.P5 A55 2014","0","0"
"TG113.H85 L528 2014","0","0"
"PQ3989.3.B5763 S25 2013","0","0"
"CS1169 .X82 2014","0","0"
"PQ3988.5.T62 V66 2013","1","0"
"PN1998.3.T58 U56 2014","1","0"
"PQ2631.R63 Z8392 2014","0","0"
"PQ4287 .V44 2014","0","0"
"PQ4876.E485 C35 2014","0","0"
"PQ4873.A6995 C66 2014","0","0"
"PN552 .S43 1843","0","0"
"DS796.S257 M557 2013","0","1"
"PA6285 .R33 2012","0","0"
"PQ4835.A3 O45 2012","1","0"
"PQ4862.A6745 S65 2014","0","0"
"PN3331 .R46 2014","0","0"
"PN1993.5.U65 M227 2014","1","0"
"PQ4861.G567 Z46 2014","0","0"
"PN1995.9.B55 C44 2015","1","1"
"PC1075 .N68 2014","0","0"
"PL2448 .X6 2013","0","0"
"HX289.7.G73 G48 2014","0","0"
"PQ5902.P82 C38 2014","0","0"
"DS764.23.X54 A251 2013","1","0"
"PQ4827.U9 Z8275 2014","0","0"
"PQ4901.M87 P47 2014","0","0"
"PN5246.G78 A3 2014","0","0"
"PA3001 .C37 2014","1","0"
"ND2849.B45 T68 2014","0","0"
"ND2849.B45 T68 2014","0","0"
"KJA2544 .N68 2014","0","0"
"HF5626 .H35 2013","0","0"
"HF5626 .H35 2013","0","0"
"PQ1669 .R68 2014","0","0"
"PQ2671.O426 Z76 2014","0","0"
"BT903 .L36 2014","3","0"
"DS135.N6 F733315 2005","0","0"
"PQ2678.E28 P49 2009","0","0"
"PN1049.C5 Y83 1994","0","0"
"P306.8.F8 H57 2012","0","0"
"F436.H377 A3 2014","0","0"
"BF449 .G65 2014","0","1"
"HM24 .A13316 1995","0","0"
"PS3604.A94375 B75 2014","1","0"
"F1035.A1 R826 2004","0","0"
"PQ2675.N46 A93 2014","0","0"
"NA510 .G85 2009","0","0"
"PS3552.U46725 I53 2014","1","0"
"PN98.E36 I57 2014","3","0"
"PQ2670.O475 .E37 2014","2","0"
"PQ2672.E112 A62 2014","0","0"
"PQ2191.Z5 L378 2014","0","0"
"PL2865.Y83 .G83 2006","0","0"
"PQ3989.2.K4 Z64 2014","0","0"
"PS3563.O77 T73 2014","1","0"
"PL2865.Y83 .Z43 2006","0","0"
"DS721 .Z4466 2013","0","0"
"DS721 .Z4466 2013","0","0"
"DS721 .Z4466 2013","0","0"
"PT2668.O38 A87 2014","0","0"
"PN1995.9.W6 W54 2014","1","0"
"BD450 .W85 2014","0","0"
"DS799.82.Y46 Y43 2014","1","0"
"PR9199.4.J358 F57 2014","0","0"
"PG3476.T75 Z12 1972","1","0"
"PR6111.E497 O87 2014","2","0"
"PR9199.3.M3172 N67 2014","0","0"
"Z675.M7 K74 2014","0","0"
"PT1828.B6 G4325 2014","0","0"
"PQ2260 .G36 2011","0","1"
"PQ2260 .G36 2011","0","1"
"DS779.26 .W56 20014","1","1"
"GT2850 .N36125 2012","0","0"
"PN149.9.S44 A3 2014","0","0"
"PN149.9.S44 A3 2014","0","0"
"PT5881.29.I34 B53 2014","0","0"
"HQ980 .V43 2014","11","0"
"PN241.5.C6 P45 2012","0","0"
"BP173.7 .S29 2014","5","0"
"HC427.95 .W3675 2013","0","5"
"PN6511 .P2 1970","0","0"
"PT110.A5 S65 2014","0","0"
"Z315 .Z54 2014","1","0"
"PT2065 .B45 2014","0","0"
"PA8015 .E44 2015","0","0"
"Z108 .C64 2014","0","0"
"PT2665.R276 B58 2014","0","0"
"BR300 .V5 Nr. 170","0","0"
"PT405 .L26 2014","0","0"
"PT2603.R397 Z886 2014","0","0"
"DD78.A47 N47 2014","0","0"
"PT1101 .W46 2014","0","0"
"PT2684.O357 G65 2014","0","0"
"PT2681.T3864 N53 2014","0","0"
"PT2713.E48 A614 2014","2","0"
"PT2379.Z5 F68 2014","0","0"
"PT2668.E7572 B56 2014","0","0"
"PT2615.A756 Z46 2014","0","0"
"PT2708.A57 H64 2014","0","0"
"PT2365.I2 V47 2014","0","0"
"R512.S84 A79 2014","0","0"
"PT2701.L37 A73 2014","0","0"
"PT2728.I83 M34 2014","0","0"
"JQ1510 .X837 2014","1","0"
"DS796.Y95 L68 2012","1","0"
"B126 .H552 2013","0","0"
"PN56.P55 H97 2014","0","0"
"DS715 .C3623 2013","0","0"
"DS913.43 .K565 2014","2","0"
"DT510.43.G3 T73 2014","0","0"
"P57.K6 Y55 2014","0","0"
"JF56.K6 T65 2014","0","0"
"T301.V3 M338 2013","0","0"
"PQ7392.P46752 E63 2014","0","0"
"KZ3881.S68 M36 2014","0","0"
"DS909.2 .H3118 2014","0","0"
"DK511.K18 I68 2014","0","0"
"PQ2679.C37844 P65 2014","0","0"
"NA9050.5 .D49 2015","5","0"
"E744 .J665 2014","0","0"
"PN1995.9.H6 L385 2014","0","0"
"E762 .G68 2014","0","1"
"BX1795.P47 S335 2014","0","0"
"PS3242.D35 B73 2014","1","1"
"DB65.75 .B57 2014","3","1"
"PR6029.N56 Z673 2014","2","0"
"PT167 .H54 2015","2","0"
"PS3537.T323 Z7163 2014","0","1"
"B105.M53 L66 2015","2","0"
"PR2807 .L385 2015","1","0"
"PS1739.G585 A6 2014","2","0"
"PR6063.U7 Z7144 2014","0","0"
"PS3602.A89 L54 1015","0","0"
"B759.M34 D485 2014","0","0"
"HQ76.2.R6 M37 2014","0","0"
"PQ8498.32.A65 Z943 2014","0","0"
"PN56.M54 S57 2015","2","0"
"PS3537.H264 A6 2014","0","0"
"PR3592.S3 D36 2014","2","0"
"BD460.O74 P45 2914","1","0"
"PS169.N35 N49 2014","0","0"
"E188 .B954 2014","3","0"
"BM290 .B38 2014","1","0"
"BQ9242 .H33 2014","0","0"
"PA4236 .N5 2014","4","0"
"PN603 .L44 2014","0","0"
"BX4700.F6 K56 2014","1","0"
"DS595.2.T36 W55 2014","0","0"
"E473.5 .M33 2014","3","0"
"PS3563.O8749 Z55 2014","2","0"
"F215 .D75 2014","1","0"
"PR448.R45 J34 2015","2","1"
"F128.9.N4 O65 2015","1","0"
"PR6118.A47 A73 2013","1","0"
"PS153.N5 T35 2014","3","0"
"PN849.C3 S55 2014","5","0"
"BT83.585 .K45 2015","4","0"
"PS1292.C6 C65 2014","0","0"
"DF521 .C85 2014","0","0"
"PS3554.A85 A6 2014","0","0"
"PR6053.A73 B5435 2015","5","2"
"E184.A75 L449 2014","2","0"
"PS3563.O759 Z62 2014","0","0"
"HQ1426 .N475 2014","0","0"
"D16.8 .G85 2014","3","0"
"PS3551.N75 A6 2014","1","0"
"PR9639.4.T74 H69 2014","0","0"
"PR8865.7.W65 I75 2014","0","0"
"PS1517 .L3 2014","1","0"
"PN1998.3.D47 K46 2015","4","0"
"BJ1201 .O36 2014","2","0"
"E812 .D38 2014","0","1"
"PR401 .P67 2014","0","0"
"BL439 .G76 2015","2","1"
"PS3608.E39255 A6 2014","0","1"
"PA2285 .M37 2014","1","0"
"BX2350.3 .C395 2014","2","0"
"PG3481.A4584 T7413 2014","0","0"
"PK8548.T373 A2 2014","0","0"
"E183.8.B7 B378513 2014","0","0"
"DS775.2 .G865 2013","0","0"
"DS773.22 .Z436 2014","0","0"
"PL2941.H33 B8232 2009","0","0"
"PQ4829.O565 Z6166 2014","0","0"
"HE8700.9.C9 A76 2013","1","0"
"DK4436 .B43 2014","2","1"
"PR502 .A563 2013","1","0"
"DU122.P6 O93 2014","0","0"
"PS3603.U545 T69 2013","0","0"
"PN1993.5.M53 H86 2014","3","0"
"BQ998.I547 A25 2012","0","0"
"GV1015.26.G46 A3 2013","0","0"
"CN515.N49 G74 2014","0","0"
"F1233 .T15 2012","1","0"
"PQ3979.2.S8 Z46 2014","0","0"
"PQ7298.421.R375 F54 2014","0","0"
"PQ7439.G58 Z48 2013","0","0"
"BT198 .G743 1975","0","0"
"PN6119.Y8 T56 2008","0","0"
"PK6561.S27 A6 1970","1","0"
"DS143 .W46 2014","0","0"
"PK6561.M3675 I57 1983","1","0"
"PA4279.R7 S38 2014","0","0"
"N6953.R4 A83 2007","0","0"
"P163.5 .G78 2013","0","0"
"PQ7298.13.L275 C83 2013","0","0"
"PQ7440.C87 C84 2013","0","0"
"HM621 .P37 2014","1","0"
"HD2346.C84 R58 2015","3","1"
"PT1551.K6 E3 1874","1","0"
"PL2473.Z6 Z56 2011","0","1"
"KF373.V3 J64 2014","1","0"
"HM706 .C66 2014","0","0"
"K5256 .C75 2013","1","0"
"HD30.2 .L457 2015","0","0"
"JZ1320 .H45 2015","0","0"
"KJA2856 .C37 2014","3","0"
"HD6490.W42 U65 2014","0","0"
"HT114 .M35 2014","1","0"
"KNQ43 .K87 2015","1","0"
"JC251.W555 N38 2014","0","0"
"HN438.P3 A55 2015","3","0"
"JC330.2 .M68 2015","3","0"
"P301 .W355 2014","3","0"
"KZ1242 .F58 2014","2","0"
"P302.87 .B46 2015","0","0"
"E77 .N553 2014","1","1"
"GV863.S615 S55 2014","0","0"
"HM708 .C58 2014","0","0"
"GV31 .T77 2014","0","0"
"G750 .R56 2014","0","0"
"JN40 .E85 2015","0","0"
"HD9000.5 .C488 2014","3","0"
"HV6322.7 .G46 2015","5","0"
"E83.72 .C76 2014","2","0"
"BF698.9.P6 P67 2015","1","0"
"GN380 .P474 2014","4","0"
"HD1761 .W427 2015","2","0"
"KF224.L68 W35 2014","4","0"
"GN346 .H64 2014","0","0"
"HT178.A8 H69 2014","0","0"
"LB1028 .S528 2014","0","0"
"JZ4059 .K45 2014","0","0"
"JZ5584.U6 H37 2014","2","0"
"HV4708 .A572 2014","0","0"
"HG173 .D66 2014","0","0"
"HG8592.Z75 S73 2014","0","0"
"HV4005 .C43 2014","1","0"
"JN30 .C5714 2014","0","0"
"HG4028.V3 B52 2014","0","0"
"HM851 .B478 2014","2","0"
"HC59.7 .D453 2014","0","0"
"JC423 .F359 2015","0","0"
"HG4521 .K278 2014","0","0"
"HC412 .E874 2015","2","0"
"HQ612.7 .F36 2015","2","1"
"GV722.5.S64 S57 2014","0","0"
"E99.E7 L368 2015","3","0"
"JN8514 .O55 2014","2","0"
"JZ1616.A54 W45 2014","2","0"
"HG4028.B2 E227 2015","1","0"
"HF5549 .M4296 2014","0","0"
"HD5706 .L2174 2014","0","0"
"P119.32.U6 D83 2014","0","0"
"HE8697.95.U6 D86 2014","1","0"
"HD4904.7 .P377 2014","0","0"
"HQ1090.7.B45 H64 2014","0","0"
"HM479.W42 R4413 2015","1","1"
"P96.E57 A53 2014","1","0"
"HD6057.5.T9 D43 2014","0","0"
"LC2474.6 .D43 2014","1","0"
"HG924 .R67 2014","0","0"
"HD6508 .G374 2014","1","0"
"JZ1242 .F67 2014","0","0"
"HD5706 .D86 2014","1","0"
"JC328.6 .B868 2014","2","0"
"P95.8 .M35 2014","2","0"
"HN380.Z9 C6735 2014","0","0"
"HF1584.5.Z4 E187 2014","0","0"
"HF5549 .K546 2014","0","0"
"HD30.28 .E396 2014","1","0"
"HC240 .S87 2014","0","0"
"GN285 .C58 2014","4","0"
"HF5415.1255 .D63 2014","0","0"
"JZ6374 .H47 2015","1","1"
"HM741 .B38 2014","2","0"
"HT1575 .W47 2015","5","0"
"JZ1734.A5 W67 2014","1","0"
"HQ799.E9 Y68 2014","0","1"
"LB2324 .W58 2014","0","0"
"HT241 .G537 2015","1","1"
"LB1576 .C7787 2015","1","0"
"BF789.D4 D43 2015","4","0"
"HD9773.S84 I45513 2014","0","0"
"JN30 .T654 2014","0","1"
"HD30.19 .F33 2014","0","0"
"LB880.F73 D37 2015","5","0"
"HC240 .F87 2015","0","0"
"GN479.65 .N385 2014","3","0"
"HD7305.5.A3 H68 2015","0","0"
"P118.2 .T65 2015","1","0"
"LC151 .L517 2015","0","0"
"HV9471 .S34 2014","2","2"
"HT166 .L444 2015","5","0"
"HD30.4 .M67 2015","1","0"
"LB3059.5 .M67 2014","5","0"
"HQ759 .M91 2014","0","0"
"BF636.6 .J67 2015","3","0"
"LB3060.37 .G895 2015","2","0"
"HF5387 .O7395 2014","0","0"
"JF799 .P765 2015","0","1"
"LC220.5 .J33 2015","2","0"
"LC990 .T43 2014","0","0"
"LC196 .B68 2015","0","0"
"JC330.3 .H376 2014","0","0"
"HF5549.5.E43 V364 2014","0","0"
"HV29.7 .A44 2015","0","0"
"GV943.9.T7 N47 2015","1","0"
"DS135.Y4 M45 2014","0","0"
"PR6068.O1964 A23 2014","4","0"
"BS1197 .A6195 2014","0","0"
"DS36.2 .F47 2014","2","0"
"DL1032 .C54 2014","0","0"
"PS153.A84 A74 2015","0","0"
"PQ6656.A375 B37 2014","2","0"
"BX1492 .U53 2014","2","0"
"DS779.47 .B34 2015","1","0"
"BR1308 .A53 2014","3","1"
"PR990 .S54 2014","0","0"
"PN1995.9.M34 O27 2014","1","1"
"F1034.3.T68 A3 2014","2","0"
"DS799.4 .C66 2015","1","0"
"PR8607.G67 B36 2014","0","0"
"PR3112 .W47 2014","0","0"
"BX5197 .Y36 2014","2","0"
"BS580.J75 P54 2013","0","0"
"PR830.C513 G79 2015","0","0"
"PH5339.Z743 Z48 2014","0","0"
"PE1068.A7 E977 2014","1","0"
"PR990 .W43 2015","0","0"
"PN1995.9.C55 L37 2014","0","0"
"PJ4625 .M83 2015","0","0"
"D15.M668 G46 2014","1","1"
"BX1378.7 .I94 2014","3","0"
"PR2848 .R83 2014","1","0"
"PN6071.D45 I52 2014","1","0"
"BP10.J383 K36 2015","8","0"
"PN1993.5.I846 I725 2015","1","0"
"E184.I8 L379 2015","0","0"
"BS2785.52 .J36 2014","1","0"
"DS259.2 .M37 2014","0","0"
"PR448.K56 R83 2014","0","0"
"PN2287.M69 R79 2014","0","1"
"PR2399.W7 Z75 2015","0","0"
"DC317 .M365 2014","6","2"
"PN1995.9.M393 R67 2014","4","0"
"DA632 .A85 2014","2","0"
"DA574.M6 H69 2015","0","0"
"B2779 .P74813 2014","0","0"
"B1649.O344 A3 2014","3","0"
"DS119.7 .P478 2015","2","0"
"DC17 .P63 2014","0","0"
"PN841 .B73 2015","2","0"
"PN1995.25 .W79 2014","0","0"
"PN1995.9.T46 B58 2015","0","0"
"HQ79 .B38 2014","2","1"
"DS286 .R29 2014","2","0"
"BL65.D7 S44 2014","3","0"
"BL65.D7 S44 2014","4","0"
"PJ3014 .L575 2014","1","1"
"PN6231.C6142 S48 2014","1","0"
"PR2991 .L36 2014","3","1"
"PS3615.T95 S56 2014","0","0"
"PN1650.T56 L86 2014","1","0"
"PR4621 2014","3","1"
"BS2675.52 .H36 2014","0","0"
"PL1068.C6 L46 2015","0","0"
"B3209.B584 R67 2015","2","0"
"DD260.8 .L66 2014","0","0"
"DS556.9 .J63 2014","0","0"
"HQ1750.67 .W67 2015","1","0"
"BQ4570.W6 E65 2015","1","0"
"PS3568.E366 A6 2014","0","0"
"DU123.4 .J64 2014","0","0"
"PN2598.B686 K56 2014","0","0"
"PT8951.25.R78 L5513 2014","0","0"
"DT107.87 .A44 2014","1","1"
"PN2053 .B74 2014","5","1"
"PN2287.K4 F66 2014","0","0"
"E184.A1 C544 2014","1","0"
"B808.5 .S395 2014","1","0"
"PT9631.D48 D37 2014","1","0"
"PN56.E75 P76 2014","0","0"
"BT701.3 .G7913 2014","0","0"
"BM538.P68 H3413 2013","0","0"
"PN1995 .E63 2015","0","0"
"PS3556.R596 A6 2014","0","0"
"BL458 .F35 2014","2","0"
"PN56.F34 F3555 2015","2","0"
"HQ1426 .H675 2015","6","0"
"PS3562.O82 F572 2014","0","0"
"PS3569.K45 F66 2014","0","0"
"DT157.672 .F67 2013","0","0"
"PQ2619.A5 Z5957 2014","0","0"
"BL624 .F879 2014","0","0"
"BR1640 .Y66 2014","1","0"
"PR9199.3.M354 G63 2014","0","0"
"BS1235.52 .H533 2014","1","1"
"BX5880 .P75 2014","2","0"
"BX5980.W3 C356 2014","0","0"
"PN605.I8 M66 2014","2","0"
"BS1184 .C76 2014","1","0"
"PS374.H67 M37 2015","5","0"
"BS1515.52 .C86 2014","0","0"
"BJ37 .A36 2014","0","0"
"DT107.87 .A83 2014","1","0"
"BT821.3 .M53 2014","1","0"
"PN2788.C78 D38 2014","0","0"
"PN1995.9.B62 B37 2014","0","0"
"PR6073.I43295 P4 2014","0","1"
"BJ1481 .G57 2015","0","0"
"B105.A35 O27 2015","0","0"
"PK6482 .P45 2014","3","1"
"PN56.T37 S87 2014","0","0"
"PA8340 .A2 2013","3","0"
"PR6035.I34 P65 2014","2","0"
"PS617 .P75 2014","1","0"
"E183.8.I55 M57 2014","1","0"
"PG3482.S5 K713 2014","0","0"
"PS3566.O828 R47 2014","3","0"
"BT127.3 .W35 2014","1","0"
"BS680.H67 R44 2014","1","0"
"PN3448.D4 K575 2015","0","0"
"PS3562.E489 S44 2014","1","0"
"N7480 .C53 2014","0","0"
"DS751.6.S98 H86 2014","0","0"
"PS3613.O7434 T53 2014","0","0"
"GN655.C3 F37 2014","0","0"
"PN56.P92 B85 2015","0","0"
"PR739.D48 L33 2014","0","0"
"PR6064.I225 Z468 2013","1","0"
"DT14 .T86 2013","2","0"
"PS3602.U833 A15 2014","0","0"
"GV863.25.H3 A54 2013","0","1"
"BP195.I8 N36 2004","0","0"
"TX360.K6 K65 2010","0","0"
"PQ9698.412.U96 G8 2007","0","0"
"B3313.A44 H44 1997","1","0"
"PQ9698.412.U96 P76 2012","0","0"
"LB1060 .C35 2014","9","0"
"LB1060 .C35 2014","6","1"
"HX546 .G47 1989","1","0"
"PQ7298.413.A875 P35 2014","0","0"
"PQ9929.R8 T73 2013","0","0"
"PQ2637.A122 Z46 2014","1","0"
"BF698.35.O57 O38 2014","5","0"
"PQ2613.E56 Z75 2002","2","0"
"HC240.9.T4 D48 1996","0","0"
"PQ7298.23.A7138 G46 2014","0","0"
"HQ77.95.M6 P66 2013","1","0"
"PK6561.F264 Z735 2008","1","0"
"PQ145.7.I6 M3 2014","0","0"
"PQ145.7.I6 M3 2014","0","0"
"PQ7298.413.H378 V67 2013","0","0"
"PQ7298.43.O777 A78 2014","0","0"
"DS316.9.J347 J34 2000","0","0"
"PQ2673.I3372 S88 2014","1","0"
"PQ711 .A65 2014","0","0"
"DB443 .G38 2014","0","0"
"DX222 .K37 2014","0","0"
"PQ2668.E46 .F46 2014","0","0"
"PQ281 .B66 2014","0","0"
"PQ1860 .M65 2014","0","0"
"PN1991.73 .S34 2013","0","0"
"JN2229.A45 O87 2013","0","0"
"DB2190 .V6827 2014","0","0"
"PG1420.26.A526 B5418 2014","0","0"
"P94.5.A38 A34 2014","0","1"
"HB98 .A955 2014","0","0"
"HV9649.S35 S35 2014","0","0"
"PN5117 .M67 2015","0","0"
"JZ1572 .B75 2014","2","0"
"LC206.F45 B75 2014","0","0"
"HD62.7 .S66 2014","0","0"
"JA85 .R33 2014","0","0"
"JA85 .C675 2014","0","0"
"JZ5584.B94 T56 2015","0","0"
"HV875.58.S34 B46 2014","0","0"
"HF5415.32 .W366 2014","0","0"
"JK1873 .S65 2014","0","0"
"JV51 .C753 2014","1","0"
"HG8592 .R53 2014","0","0"
"HG4028.M4 M67 2014","0","0"
"GN495.6 .K43 2014","0","0"
"HN573.5 .C85 2014","0","0"
"HV8699.U5 L96 2015","2","1"
"GN33 .D44 2013","2","0"
"HQ1090 .D417 2014","0","0"
"JL2081 .F48 2014","1","0"
"HG1662.E85 A76 2014","0","0"
"LC67.5 .S56 2014","1","0"
"HG4529.5 .A36 2015","0","0"
"LC1049 .T46 2015","0","0"
"HD1714 .E33 2015","1","0"
"LC196 .D454 2015","3","0"
"HG9396 .P5498 2015","0","0"
"HB615 .R47 2012","0","0"
"JZ1313 .H54 2014","0","0"
"HN380.Z9 G564 2014","1","0"
"JZ1570.A5 E9738 2015","1","0"
"JN40 .S25 2014","0","0"
"HG4061 .K475 2014","0","0"
"K1328.5 .C85 2014","0","1"
"HD9685.A2 H27 2014","0","0"
"HB3717 1920 .G73 2014","1","0"
"BF575.A6 F72 2015","1","0"
"HV6046 .B425 2014","0","0"
"HF5548.32 .H6534 2015","0","0"
"HB3717 2008 .G74 2014","0","0"
"HB71 .N68 2014","0","0"
"BF637.H4 H858 2015","0","0"
"HV40 .V2837 2014","0","0"
"HD30.28 .H8668 2014","0","0"
"HC800.Z9 C348 2014","0","1"
"HD9999.B442 J67 2015","0","1"
"JQ3651.A91 S35 2014","0","1"
"HV6558 .R53 2014","0","0"
"HV6025 .I58 2014","0","0"
"LB14.7 .S78 2014","0","1"
"JF1601 .L427 2015","0","0"
"JF801 .B96 2014","0","1"
"PN4784.F6 M25 2015","0","0"
"P96.T42 E45 2014","0","0"
"HM1206 .L585 2015","1","0"
"PN1992.94 .M63 2014","1","0"
"HM1271 .M8385 2014","0","0"
"HD2756 .H367 2014","0","0"
"HN530.2.A8 P665 2014","7","0"
"LC278 .O67 2014","1","0"
"BF723.A45 C65 2014","0","0"
"H53.P4 P47 2014","0","0"
"HV91 .L354 2014","0","0"
"HV6275 .D46 2014","1","1"
"HV7921 .B33 2014","0","0"
"HM671 .B47 2014","1","0"
"HV9732 .U44 2014","0","0"
"BF531 .P776 2015","3","0"
"HQ756 .S5487 2014","0","0"
"P96.A83 W525 2014","1","0"
"HV6626.5 .D35 2014","0","0"
"HD87 .F56 2014","0","0"
"JK2356 .H39 2014","1","0"
"HV6474 .R56 2014","0","0"
"JZ1320 .S535 2015","1","0"
"K5473 .E17 2014","0","0"
"HG6024.A3 S558 2014","0","0"
"HM671 .D65 2015","0","0"
"G70.3 .M38 2014","0","0"
"HD57.8 .Z66 2014","0","0"
"LB1060 .R635 2014","3","0"
"JC596.2.U5 C648 2014","0","0"
"HV6433.A35 H37 2014","4","0"
"HD9130.6 .T63 2014","0","0"
"HV238 .T69 2014","1","0"
"HG221 .F73 2015","6","1"
"JC330.3 .J64 2014","0","0"
"JC571 .U83 2014","1","0"
"JC421 .M347 2015","2","0"
"JK1967 .H38 2014","3","0"
"LB2832.4.C5 W67 2015","0","0"
"HV6432 .D84 2015","2","0"
"LC3970 .A78 2015","0","0"
"JC75.D36 A76 2015","0","0"
"HV7936.P75 B44 2015","1","0"
"LC1049 .C6 2015","0","0"
"LC2771 .R65 2015","3","0"
"GT2370 .G55 2015","2","1"
"HV6025 .C663 2015","0","0"
"LB2806.15 .C28 2014","5","0"
"BF511 .A5413 2015","1","0"
"HV6626.23.G7 M66 2014","0","0"
"HT241 .H34 2015","5","1"
"KF9756 .E93 2014","1","0"
"BF161 .D45513 2014","2","0"
"JC423 .A9513 2014","1","0"
"LB2324 .G56 2014","1","0"
"JZ4850 .A73 2015","2","0"
"LC3731 .I566 2014","1","0"
"P95.82.U6 M383 2014","1","0"
"G500 .R69 2014","0","0"
"HM851 .H867 2014","1","0"
"HQ759 .A337 2014","0","0"
"LC3731 .S32 2015","1","0"
"HD583 .F47 2014","0","0"
"HM621 .D46 2014","6","0"
"HM1121 .M58 2014","0","0"
"HD9018.D44 N49 2015","3","0"
"LC1099 .O75 2014","0","0"
"HV551.2 .M37 2014","2","0"
"LC89 .H44 2015","7","0"
"HD30.2 .A5358 2015","1","0"
"LB1139.23 .R43 2015","2","0"
"HD30.4 .R47 2014","2","0"
"JZ1318 .H84 2014","0","0"
"LB2806.36 .S36 2015","2","0"
"HD2755.5 .T654 2014","0","0"
"PQ7298.15.S635 E78 2012","1","0"
"PL957.8 .O15 2014","0","0"
"PQ7298.13.A78 A55 2012","1","0"
"HJ1400.6 .P37 2014","0","0"
"HV6433.G32 R673 2015","3","0"
"DJK3 .D577 2006","0","0"
"HN49.P6 P375 2015","8","0"
"HV9471 .G667 2015","5","0"
"HD38.25.U6 W55 2014","0","0"
"GR135 .B49 2014","0","1"
"JV6033 .W35 2015","6","0"
"LC5148.C6 H35 2014","0","0"
"BF531 .B783 2014","1","0"
"JA76 .A39 2014","0","0"
"KF3116 .B43 2015","1","0"
"HN730.8.Z9 V55 2014","0","1"
"JK5889 .M55 2015","0","0"
"HG9383 .F56 2015","1","0"
"HF3785 .M325 2014","1","0"
"PN5355.E852 B35 2014","2","0"
"HV8883.3.U5 S36 2014","2","0"
"E99.H68 W74 2014","2","0"
"GV884.W29 M37 2014","2","0"
"HG978 .S65 2015","2","1"
"E96.2 .G69 2014","0","0"
"HN90.C6 I44 2015","7","0"
"GN33 .A4455 2014","0","0"
"GR111.M49 H46 2014","1","0"
"LC1099.3 .V38 2015","0","0"
"GV54.A13 S73 2014","2","1"
"LC1099.3 .D465 2015","3","0"
"HD9506.G73 C64 2014","1","0"
"JZ1480 .M567 2014","2","0"
"JK468.P64 P66 2014","3","0"
"E99.A84 M38 2014","0","1"
"E78.C2 T298 2014","0","0"
"HD1870.P6 W24 2014","0","0"
"PQ7298.29.A4532 N6 2013","0","0"
"DS932 .K559913 2014","0","0"
"DS316.9.B35 P59 1991","2","1"
"PQ7276 .N38 2011","0","0"
"HQ1765.6 .K57513 2014","1","0"
"DS922.462 .O44 2014","1","0"
"PL992.94.C5 C46 2014","0","0"
"PL992.94.C5 C46 2014","0","0"
"PL992.94.C5 C46 2014","0","0"
"TD424.4.C6 P54 2015","4","0"
"PQ2292 .L36 2014","0","0"
"PQ2613.A417 Z46 2014","1","0"
"QH77.Z33 M37 2014","3","0"
"BR300 .V5 Nr. 190","0","0"
"PQ2665.R62 Z519 2014","0","0"
"GR358.32.O85 T34 2011","0","0"
"NX456.5.I58 B78 2014","0","0"
"BR300 .V5 Nr. 191","0","0"
"PQ4863.O48 Z775 2014","0","0"
"JZ6009.R8 S56 2014","0","0"
"PQ7298.428.A459 M35 2012","1","0"
"PQ2662.O5724 J4 2014","0","0"
"B753 .S83 2001","0","0"
"BR1640 .S88 2014","5","0"
"B187.F75 A53 2014","0","0"
"E748 .H78 2014","0","0"
"PQ7082.N7 S55 2014","3","0"
"TR505 .B678 2014","0","0"
"PN2277.N7 W48 2015","0","0"
"E183.8.G7 W277 2014","0","0"
"BP195.A8 P34 2014","1","0"
"DP84 .H47 2015","4","0"
"PQ6392 .B37 2014","5","0"
"E449.D75 C46 2014","0","0"
"BX3646.C5 C53 2015","0","0"
"B132.A3 R362 2015","1","0"
"DS134 .R68 2014","0","0"
"F496.4.R46 D54 2014","0","0"
"BM354 .L38 2014","0","1"
"PR2047 .R68 2015","0","0"
"BD215 .D4413 2014","1","0"
"DT16.5 .M37 2014","4","0"
"PS309.E64 M63 2015","0","1"
"DS154.9.F39 L38 2014","3","0"
"DS154.9.F39 L38 2014","4","0"
"PL2658.E5 O77 2015","0","0"
"B395 .R74513 2014","0","0"
"PN57.J47 G38 2014","0","0"
"DT33.1 .A63 2015","4","0"
"BL980.G7 L38 2015","0","0"
"E473.54 .S635 2014","2","0"
"PN2582.W65 S73 2014","0","0"
"BQ1452.E5 H35 2015","1","0"
"PS3605.G48 Z76 2014","0","0"
"PL8010 .U77 2014","0","0"
"HQ1438.M53 M43 2014","0","0"
"HQ1136 .R53 2014","4","0"
"PR9265 .M67 2014","0","0"
"PN6728.W386 H63 2014","1","0"
"PA3009 .G67 2014","1","0"
"F1577.B55 S46 2014","2","0"
"PS169.H5 M37 2014","0","0"
"BM496.9.W7 R3813 2014","1","0"
"BR516 .G54 2014","0","0"
"DS341.3.U6 I53 2014","4","0"
"E184.M88 A36 2015","1","0"
"PJ7876.I4 A2 2014","2","0"
"F1234 .H793 2015","0","0"
"HQ76.8.N3 L67 2015","2","0"
"PA6522 .A3 2014","4","0"
"PN56.3.A45 P37 2014","0","0"
"PS374.S68 F66 2014","0","0"
"PS374.R32 S86 2014","0","0"
"E841 .T73 2013","0","0"
"BR1463.N5 S33 2014","1","0"
"D640.A2 H68 2014","0","0"
"HM621 .K55 2014","2","0"
"PQ2605.A3734 E847 2014","0","0"
"PK6415.5 .I84 2003","0","0"
"DS910.2.C5 K567 2014","0","0"
"DS917.55 .C461513 2014","0","0"
"PQ2680.A713 M33 2014","0","0"
"PN1993.5.I846 M83 2009","0","0"
"PQ2105.A2 S8 2014, no. 6","0","0"
"PK6402 .D54 2003","1","0"
"NC1850.R58 B47 2013","0","0"
"PQ7291.N8 D54 2012","0","0"
"PN513 .S25 2010","0","2"
"HD9581.I722 T34 2000z","0","0"
"PQ307.W4 Q56 2014","0","0"
"PN6519.P5 S94 1982","0","0"
"HF486.J372 G73 2014","0","0"
"BT695 .A4314 2013","0","0"
"PQ2679.E3657 J68 2014","0","0"
"Z7165.F8 L33 2014","1","0"
"DS325.A333 Q23 2011","0","0"
"DS732 .A39 2015","0","0"
"E185.9 .S65 2014","2","0"
"DS682 .E56 2014","1","0"
"PS338.P6 P74 2014","0","0"
"B765.T54 O37 2014","0","0"
"B491.K6 C57 2015","0","0"
"DK683.3 .A664 2014","0","0"
"DS518.8 .A897 2015","0","0"
"PS3545.H16 Z764 2014","1","0"
"BD215 .M395 2015","0","0"
"PN1995.9.S26 M24 2014","2","0"
"BS1430.53 .D43 2014","1","1"
"PQ7797.B635 Z941315 2014","1","0"
"PR448.W65 F74 2014","0","0"
"BQ7935.B774 B85 2014","1","0"
"B2430.C3584 M46 2014","0","0"
"BS2585.52 .C43 2014","1","0"
"F3083.5.A8 S87 2014","0","0"
"BT203 .C365 2014","1","0"
"DA566.9.C5 A88 2014","1","0"
"PN1995.2 .T46 2014","0","0"
"BM521 .B76 2014","0","0"
"PS3558.E63 A6 2014","1","0"
"E125.V3 H83 2014","1","0"
"F1256 .H64 2014","0","0"
"HQ1122 .S56 2014","5","0"
"DS211 .E89 2014","0","0"
"DA125.R65 B75 2014","0","0"
"PN56.D45 D436 2014","0","0"
"PN56.D45 D426 2014","3","0"
"PR8581.S35 C35 2014","0","0"
"BR145.3 .E23 2014","1","0"
"E836 .P37 2014","1","0"
"DK511.C2 F69 2015","2","0"
"D1065.E85 M43 2014","0","0"
"GT596 .S4413 2014","0","2"
"PQ9055 .G46 2014","0","0"
"DC33.8 .A44 2014","1","0"
"D756.5.A7 P37 2014","1","0"
"E840.2 .C66 2014","1","0"
"BS1171.3 .I425 2014","1","0"
"BJ1500.T78 P33 2014","0","0"
"DF220 .K4 2014","1","0"
"B3376.W562 E5 2014","2","0"
"PR6053.O6535 A6 2014","0","0"
"BL2747.8 .Z83 2014","4","1"
"PR658.M27 M27 2014","4","0"
"B3279.H49 L245 2014","2","0"
"BD431 .I465 2014","1","0"
"PN1751 .M43 2014","1","0"
"F3448.5 .S26 2014","3","0"
"PN1995.9.E44 M55 2014","1","0"
"PN1995.9.P7 M335 2014","5","0"
"PC3813 .M68 2014","0","0"
"D1056.2.M67 E66 2014","2","0"
"PQ4713 .P3376 2014","2","0"
"E907 .F57 2014","0","0"
"BS2651 .C42 2014","3","0"
"PN1590.S6 W53 2015","1","0"
"PS3554.A93757 A6 2014","2","0"
"PN2960.S9 Z58 2015","2","0"
"E872 .S74 2014","3","1"
"PR2987 .H48 2014","0","0"
"PS3552.O874 Z46 2015","0","0"
"PR9485.2 .L38 2014","0","0"
"BX9424.5.S35 R44 2015","0","0"
"BR759 .R28 2014","1","0"
"F2646.2 .J34 2004","3","1"
"D13 .T613 2015","0","0"
"F1026 .B53 2014","2","1"
"BT121.3 .T46 2015","2","0"
"DS79 .O76 2015","2","0"
"PT8951.28.E65 V513 2014","0","0"
"DD286.4 .M55 2014","2","0"
"E668 .L986 2014","0","0"
"HQ1190.B744 S83 2014","1","0"
"B2421 .S83 2015","1","0"
"PG3056 .L88 2015","0","0"
"PN1995 .D66 2014","1","0"
"PN2219.O8 T77 2014","0","0"
"BL695 .T73 2014","2","0"
"DA947 .T73 2015","1","0"
"BT109 .M5175 2014","0","0"
"BT50 .W37 2014","2","0"
"D765.2.W3 B67 2014","1","0"
"PN1136 .H64 2014","5","0"
"PN3401 .W55 2015","0","0"
"PA6537 .M53 2014","0","0"
"DT19.8 .A3595 2014","2","0"
"PS3563.A323 A75 2014","0","0"
"PN1998.3.L96 M37 2014","3","0"
"PL8010 .A83 2014","0","1"
"PS3608.U797 B56 2014","0","0"
"PJ7694.E8 B66 2014","1","0"
"DS432.C55 C37 2014","0","0"
"BJ1401 .H35 2014","0","0"
"BX4827.B3 B38 2014","1","0"
"PR9602.2 .G56 2014","0","0"
"PN1997.D725 K73 2014","1","0"
"PR6011.O53 P35346 2014","0","0"
"PS3615.I85 F69 2014","0","0"
"BS2506.3 .C365 2014","3","1"
"DS901.95 .T83 2014","1","0"
"PN45.5 .F76 2015","5","0"
"D521 .K818 2014","2","0"
"PS3602.R3638 G76 2014","5","0"
"DT20 .A83 2015","1","0"
"DA566 .H66 2014","1","0"
"PR9199.4.R64865 I22 2014","0","0"
"PL992.54.C5 I22 2014","0","0"
"DS436 .L83 2014","1","0"
"BC177 .B595 2015","1","1"
"PR6039.O32 Z78755 2014","1","0"
"DS806 .H66 2015","0","0"
"PR9130.9.G8 Z93 2015","0","0"
"DG261 .S74 2015","0","0"
"BX1970 .C25 2014","0","0"
"B3279.H49 S426 2015","9","1"
"P93.53.M534 R53 2015","1","0"
"PQ4864.E81228 M53","0","0"
"DS493.53 .S93 2014","0","0"
"B3311 .B87 2015","2","0"
"PS3602.I765 N54 2014","1","0"
"PR9619.4.V355 P37 2014","0","0"
"PA4414.P5 D64 2014","1","1"
"PR6058.U37 Z597 2014","0","0"
"B765.D74 H67 2014","1","0"
"PS3608.N38 P83 2014","6","0"
"DK510.766.P87 A78 2015","5","1"
"BX6195 .R425 2014","1","0"
"B2430.R554 M53313 2015","4","0"
"DG89 .R644 2013","1","0"
"PQ2635.I55 A2 2014","3","0"
"BT765 .S26 2014","0","0"
"BP603 .L53 2014","0","0"
"PS3572.I59 A6 2014","0","0"
"PK6449.E7 S55 2014","0","0"
"DF214 .R56 2014","2","0"
"BS2330.3 .M69 2014","1","0"
"PS3553.O4366 A6 2014","1","0"
"PE1133 .S97 2014","0","0"
"PS3614.E453 T35 2014","0","0"
"E184.A1 C336 2014","0","0"
"BT40 .D55 2014","1","0"
"PN1997.T4275 W55 2015","0","0"
"DS79.766 .P48 2014","1","0"
"PR9199.4.P467 A6 2014","0","0"
"PQ6555 .T813 2014","1","0"
"D863 .L44 2015","0","0"
"DS775.7 .W66 2014","0","0"
"PQ7297.A9 L613 2015","1","0"
"BS2825.52 .M66 2014","1","0"
"E173 .Z564 2014","3","0"
"DT73.D47 W675 2014","1","0"
"PJ5120 .W65 2014","0","0"
"PT1636.P2 A69 1892","2","0"
"D568.8 .M5165 2004","0","0"
"BJ1616 .K37 2011","1","0"
"B4249.L44 A525 2013","0","0"
"PE1408 .Q3 1885","2","0"
"HC21 .M55 2014","0","0"
"PN1992.77.R65 F45 2014","1","0"
"RC550 .G76 2014","4","1"
"DS485.P89 S53 2014","1","0"
"PN4105 .L39 1972","0","0"
"DS325.D47 K39 2008","0","0"
"PE1402 .C6 1968","0","0"
"DS325.D47 Q22 2010","0","0"
"HQ75.6.U52 C24 2014","2","0"
"PN2782 .D53 2014","0","0"
"PQ7389.C263 Z46 2013","0","0"
"DS325.D47 H36 2005","1","0"
"PQ7298.29.A375 C27 2013","0","0"
"DS315 .D344165 1994","1","0"
"PQ9929.R8 Q85 2013","0","0"
"BT736.6 .W47 2014","0","0"
"PN6790.M483 V53 2013","0","1"
"PQ2417 .E27 2014","0","0"
"PG7012 .D629 2014","0","0"
"PM3651.Z9 S276 2014","5","0"
"PQ2605.O28 Z48 2014","0","0"
"PQ2607.R75 Z87 2013","0","0"
"DS325.D28 S23 2011","0","0"
"Z3108.A3 Z54 2014","1","0"
"CR611 .K567 2013","0","0"
"DB2191.M38 P658 2000","0","0"
"BL60 .R3377 2014","0","0"
"DK511.A5 B655 2013","1","0"
"DS316.3 .A27165 2010","0","0"
"B829.5 .P258 2008","0","0"
"DS134.3 .R87 2014","0","0"
"DD120.J3 B54 2014","0","0"
"D803 .M68 2011","0","0"
"PG4105 .C87 2010","0","0"
"PQ2261 .A1 2014","0","1"
"PQ2261 .A1 2014","0","1"
"PS2123 .A4 2014","0","0"
"PT2603.R397 Z48 2014","0","0"
"PT2603.R397 Z48 2014","0","0"
"PT2603.R397 Z48 2014","0","0"
"PG5039.21.R47 D87 2014","0","0"
"PG5040.26.A96 P74 2014","0","0"
"PT2662.O77 T87 2014","0","0"
"GR154 .L84 2014","0","0"
"DL658.8 .M26 2012","2","0"
"PG5038.H28 Z62 2014","0","0"
"PS571.H3 B32 no. 105","0","0"
"HT384.E852 M37 2014","1","0"
"PL5139.A55 S64 2011","0","0"
"PB1093 .F35 2014","0","0"
"BR563.N4 W55 2014","2","1"
"JC330.3 .E97 2014","0","0"
"PQ9929.R8 B53 2013","0","0"
"PQ7298.16.U46 C35 2012","0","0"
"PQ7436.S5 Y4 2014","0","0"
"LC1085 .B85 2014","1","0"
"JF799 .K37 2014","2","0"
"JN201 .K39 2014","1","0"
"JC599.C5 W75 2014","2","0"
"JC71.P264 P73 2014","0","0"
"HD9940.U4 M45 2015","3","0"
"JC83 .H37 2014","9","0"
"JQ1848.A91 H47 2014","0","0"
"HB2068.2.A3 S535 2014","2","0"
"LC72 .C37 2015","2","0"
"HN90.S6 C5646 2014","1","0"
"JV6456 .P35 2015","0","0"
"HV1455.2.U62 N78 2014","2","0"
"HD9144.P82 L49 2015","0","0"
"LB2328.2 .U555 2015","0","0"
"JF1525.P6 V36 2014","1","0"
"PK6562.26.A35 N33 2008","1","0"
"DK507.95.N53 M53 2014","0","0"
"DS318 .K4917 2003","0","2"
"DS935.5 .K563 2005","0","0"
"HV6491.G7 A58 2014","0","0"
"HC290.782 .B56 2015","0","0"
"P302.15.C6 S55 2014","0","0"
"HD70.C5 L5225 2014","0","0"
"HN49.R33 C67 2014","2","0"
"JV6347 .C855 2015","0","0"
"HN110.5.A8 C342 2014","1","0"
"HG977 .R69 2015","0","0"
"LB1134 .D38 2015","1","0"
"JL2681 .D45 2015","2","0"
"JN3007.S6 B43 2014","0","0"
"GN484 .N93 2014","0","0"
"HV8077 .S57 2015","0","0"
"HD216 .G67 2015","0","0"
"HD6101 .Y68 2015","2","0"
"JQ2720.A38 R437 2014","0","0"
"JZ1480 .P34 2014","2","0"
"JZ1318 .C6384 2014","0","0"
"KNQ1155 .I56 2014","2","0"
"LB2335.95 .P76 2014","1","0"
"BF575.A86 A44 2015","0","0"
"P95.82.S63 I56 2014","1","0"
"JQ1850.A91 I65 2014","0","0"
"JC311 .I65 2014","1","0"
"HB119.T6 D53 2014","0","0"
"P138 .P37 2014","0","0"
"HG8111 .M33 2014","1","0"
"P92.I79 S64 2015","0","0"
"HD78 .A46 2015","1","0"
"JC323 .N37 2015","2","0"
"HF1566.5.A35 N38 2015","0","0"
"PN5597.P6 P47 2014","0","0"
"HD6667 .C68 2014","0","0"
"JN30 .O74 2014","0","0"
"JV8033 .V648 2014","2","0"
"JN581 .P65 2014","0","0"
"HD590.7 .P76 2015","0","0"
"P119.32.F7 A45 2014","1","0"
"BF697.5.S44 R47 2014","1","0"
"HD30.28 .H86824 2014","0","0"
"JZ6369 .M67 2014","2","0"
"HT388 .D83 2014","4","0"
"HG4515.95 .Z44 2014","0","0"
"HD2932 .V47 2014","0","0"
"HN793.Z9 C68 2014","1","0"
"HG1766 .T39 2014","0","0"
"HG1725 .W36 2014","0","0"
"JZ6385 .K57 2015","0","0"
"HT388 .A75 2014","0","0"
"P94.5.W65 D55 2014","1","0"
"HD57.7 .M33 2014","2","0"
"P118.2 .T78 2015","0","0"
"JC423 .D46 2013","0","1"
"HD6508 .L96 2014","1","1"
"HV6250.3.U5 L357 2014","0","0"
"P306.93 .F73 2014","1","0"
"HT151 .I536 2015","1","0"
"JZ1305 .L35 2015","0","0"
"GT1560 .M63 2015","1","8"
"JZ5534 .P4265 2014","0","0"
"BF168.H43 Y363 2015","0","0"
"PN1992.8.R43 H55 2015","1","0"
"LC149 .C735 2015","1","0"
"P116 .S36 2015","0","0"
"HF5415.123 .V47 2014","0","0"
"HX806 .I55 1994","0","0"
"R128.7 .K54 1999","0","0"
"PR120.J48 J485 2014","0","0"
"D639.S7 R64 2014","0","0"
"RA645.C34 C35 2015","0","0"
"RA645.C34 C35 2015","1","0"
"HQ1765.5 .H392 2000","0","0"
"DB49.E9 G74 2014","1","0"
"PQ9929.C374 I87 2013","0","0"
"PQ9929.A77 P527 2013","0","0"
"PR6023.E285 Z75 2014","1","0"
"U264.5.K7 A26 2005","0","1"
"PE1130.P4 A57 1968","1","0"
"P306 .K55 2007","0","0"
"PQ9929.N468 L84 2013","0","0"
"HF5386 .S96 2000","0","0"
"PA6029.P64 L43 2014","0","0"
"BL42.5.C3 C69 2014","0","0"
"DS79.72 .S25165 1991","1","0"
"PN171.D4 P73 2014","0","0"
"JA80 .R44 v. 12","0","0"
"DC201 .B493 2014","0","0"
"DS273 .H37 2013","0","0"
"LB2328.15.U6 H37 2015","4","0"
"DS254 .H3 1963","1","0"
"PL8755.1 .M35 2007","0","0"
"HX806 .H67 2014","0","0"
"HM851 .S53 2014","5","0"
"PN2044.F72 M37 2014","1","0"
"BS2575.6.H4 W55 2014","1","0"
"N5300 .T33 1960z","1","0"
"HN636.A8 S45 2013","1","0"
"PR6102.R37 S66 2014","0","0"
"DC112.A53 A53 2013","2","0"
"PN6519.U54 T394 2011","0","0"
"BP190.5.M3 S53 1974b","2","0"
"BP166.94 .S53 1977","1","0"
"P35 .S857 2013","1","0"
"BJ1405.C9 K87 2014","0","0"
"PQ9926 .A66 2014","1","0"
"PR9199.3.R5256 M68 2014","0","0"
"PR6113.C565 A6 2013","0","0"
"BF637.S8 S27 2011","1","0"
"AS142 .V31 Bd. 855","0","0"
"PQ4656 .B63 2014","0","0"
"PQ2387.R5 Z6452 2014","0","0"
"PQ7390.A435 D4 2013","0","0"
"P94 .C56 2006","0","0"
"PQ7390.F433 S5 2013","0","0"
"PQ2484.Z4 P37165 1984","2","0"
"PQ2484.Z4 P37165 1984","2","0"
"PQ2484.Z4 P37165 1984","2","0"
"PQ2484.Z4 P37165 1984","2","0"
"PQ2484.Z4 P37165 1984","3","0"
"PQ2484.Z4 P37165 1984","2","0"
"PQ2484.Z4 P37165 1984","2","0"
"PQ2484.Z4 P37165 1984","2","0"
"PQ2484.Z4 P37165 1984","2","0"
"PQ2484.Z4 P37165 1984","2","0"
"P95.43.C7 O24 2014","6","0"
"PN1995.9.S45 M55 2014","4","1"
"BR333.5.S85 L89 2014","0","0"
"DS849.U6 S77 2015","0","0"
"PQ7390.V32 P35 2013","0","0"
"LB1067.5 .P68 2014","0","0"
"HV6432.7 .R345 2012","0","0"
"PQ7298.423.U65 M37 2013","0","0"
"HM480 .T54 2014","0","0"
"PQ3989.2.B255 F45 2012","0","0"
"PQ7390.R24 D47 2013","0","0"
"HT653.I7 Q17 1975","0","0"
"HT653.I7 Q17 1975","1","0"
"PG3476.P27 D63 2011","11","1"
"DS96.2 .G727 2014","2","0"
"PQ2677.U486 M68 2014","0","0"
"D811.A2 E34613 2014","2","0"
"PT2671.R4735 E4 2014","0","0"
"GN651 .S24 2014","1","0"
"PQ2605.L2 Z76 2014","0","0"
"PQ2662.E6812 Z46 2014","1","0"
"DA30 .T66 2014","4","0"
"PC4435 .F76 2013","0","0"
"E185.97.W4 A37 1986","6","0"
"PQ7298.1.G8437 T63 2013","0","0"
"PQ2679.I348 V534 2014","0","0"
"TR140.F574 A3 2014","1","0"
"PS3551.S5 F59 2010","4","2"
"JA76 .S487 2013","0","0"
"PS3569.H3337 D35 1984","3","1"
"BR65.A64 E5 2003","4","1"
"PQ2613.I2 F313 1973","1","1"
"N7445.2 .P35 1982","3","0"
"PR3327 .A4 2014","0","0"
"HN636.A8 B624 2013","0","1"
"PQ7171 .S82 2011","0","0"
"PN842 .V64 2013","0","0"
"D764.7.B67 S626 2014","1","0"
"P306.92.L555 A3 2014","0","0"
"PQ7298.417.I44 A85 2012","1","1"
"KJA3340 .R48 2009","5","0"
"KJA2850 .L433 2012","5","0"
"PG5040.2.U6 D69 2014","0","0"
"PG5039.3.I34 R69 2014","0","0"
"PG5039.12.R5 J46 2014","0","0"
"PG5039.21.R45 P76 2014","0","0"
"HQ1075.5.L29 C64 2012","2","0"
"HQ1075.5.L29 C64 2012","0","0"
"DG242 .S74 2014","5","4"
"PQ4625 .G7 2014","0","0"
"PQ4625 .G7 2014","0","0"
"PQ2676.I69 I655 2014","0","0"
"DK510.763 .M48583 2014","0","0"
"BJ1608.A7 I26 1980z","1","0"
"PQ4864.A4268 V53 2014","0","0"
"DS485.B5 S8188 2007","0","0"
"DA965.A1 F67 2014","1","0"
"DG545 .I83 2014","0","0"
"PK6561.B385 R89 2012","1","0"
"CT1888.M57 A3 2007","0","0"
"PQ7298.417.A7359 H55 2013","0","0"
"PQ7297.R89 Z757 2013","0","0"
"DS195.5 .R63 2014","0","0"
"PQ7298.16.A33 M57 2012","1","0"
"PA3893 .R3 2014","0","0"
"PN57.F3 L46 2014","0","0"
"HF5439.T48 T49 2014","2","0"
"BP134.E7 G45 2012","0","0"
"QH315 .A723 2014","1","0"
"LB1139.W7 T74 2014","1","0"
"DT62.M7 T39 2014","2","0"
"DR726 .W46 2014","0","0"
"PT2681.T3825 S35 2014","0","0"
"PR8803 .G89 2014","0","0"
"HF5387 .H435 2014","3","0"
"PA6047 .P45 2014","2","0"
"PQ4863.A69388 A67 2014","0","0"
"HC79.E5 B54 2014","0","0"
"PR9199.3.R619 M92 2014","1","0"
"LB695.J42 H65 2014","2","0"
"BJ1461 .P464 2014","2","0"
"PG3476.N3 Z8628 2014","4","0"
"PT1810.A82 Z863 2014","0","0"
"BP188.8.I55 B85 1999","1","0"
"LC192 .B35 2014","0","0"
"PG5039.14.V596 T58 2014","0","0"
"DS822.5 .J447 2014","1","0"
"DS822.5 .J447 2014","1","0"
"DS822.5 .J447 2014","2","0"
"DS822.5 .J447 2014","0","0"
"DS721 .S3676 2014","0","0"
"PG5040.26.E34 O47 2014","1","0"
"PT2662.L54 G73 2014","0","0"
"PT2621.A26 B7165","1","0"
"DR479.E86 O75 2014","0","0"
"HF3876.5 .L44 2014","3","0"
"PT2662.E696 T73 2014","0","0"
"B743.I7 P37 1988","0","0"
"DT397.3 .B47 2015","0","0"
"HV8593 .K73 2014","4","1"
"PG5040.23.A788 S84 2014","0","0"
"PG5040.32.O54 T62 2014","0","0"
"PG5040.18.E38 R83 2014","0","0"
"PQ4734.V5 Z6852 2014","0","0"
"PG5040.14.U85 K28 2014","0","0"
"PG5039.18.R28 T26 2014","0","0"
"PG5039.26.O88 H72 2014","0","0"
"PG5038.H32 M89 2014","0","0"
"PT2026.F2 G775 2014","5","0"
"DB215 .D83 2014","0","0"
"PG5040.13.H762 J25 2014","0","0"
"PQ2611.E86 Z723 2014","0","0"
"DS371.2 .B254 2014","0","0"
"PS3568.O855 Z887 2014","0","0"
"PG5039.32.O54 H88 2014","0","0"
"DS318.8 .Y39 1984","4","0"
"PQ2019.P33 Z88 2014","0","0"
"PT236 .P46 2014","0","0"
"PT1735 .B33 2014","0","0"
"PK6482 .F8 2003","0","0"
"PN88 .U54 2014","1","0"
"HC286 .U58 2014","0","0"
"PN2039 .O78 2014","1","0"
"PT3818 .L533 2014","0","0"
"PS3501.G35 P4 1934a","0","1"
"PK6451.A575 A6 2005","0","0"
"DT96.3.N37 H35 2000","0","0"
"PR3562 .H3 1944a","1","0"
"F3031.5 .P75 2014","2","0"
"PQ2682.E295 M67 2014","0","1"
"PQ7298.429.O56 E6 2012","0","0"
"LB5 .E5 v.19-20, 1970-1972","0","0"
"E184.K6 S43 2014","0","0"
"PQ7298.422.E37 M46 2014","0","0"
"R733 .M43 2013","0","0"
"PT5881.12.R8943 P67 2014","0","0"
"LB5 .E5 v.23-24, 1974-1976","0","0"
"DT1450.N36 N36 2014","0","0"
"HB3651 .D75 2013","0","0"
"PT5838.H45 Z66 2014","0","0"
"BP166.14.F85 O94 2015","1","0"
"G84 .F43 2014","2","0"
"PS2124 .H469 2014","0","0"
"PR1228 .C37 2014","1","0"
"PL248.S7747 M34 2009","0","0"
"HC154.5 .R67 2012","0","0"
"LB5 .E5 v.25-26, 1976-1978","0","0"
"DA965.C67 L34 2014","1","0"
"PQ7236.P7 L53 2014","0","0"
"PQ7236.P7 L53 2014","1","0"
"PQ7236.P7 L53 2014","0","0"
"D629.G7 P57 2014","0","0"
"PQ7298.18.O448 C58 2012","0","0"
"PN1998.3.W3418 M49 2013","0","0"
"PN6790.M63 T756 2013","0","0"
"PR6019.O3938 Z85 2014","0","0"
"BP393 .M84 2012","0","1"
"DP269.8.W7 L84 2012","0","0"
"PR9507.9.M35 C75 2005","0","0"
"PQ7298.28.O88 Z538 2012","0","0"
"DK695.4 .D44 2007","1","0"
"BP161.3 .A4713 2010","0","0"
"BX3045.C9 V45 2014","0","0"
"CT3650.C94 B47 2014","0","0"
"DK268.4 .G665 2013","1","0"
"PG3011 .A3565 2013","0","0"
"Z2234.P79 K35 2013","0","0"
"PN1996 .H46 2014","0","0"
"PT2662.O37 J48 2014","0","0"
"PD1038 .S46 2014","0","0"
"BR333.5.J4 B47 2014","0","0"
"PS153.C27 F83 2014","2","0"
"PG5440.21.R57 D6613 2014","2","0"
"PN56.5.W64 C665 2014","1","0"
"HT169.A52 U433 2014","0","0"
"F1391.T36 R45 2013","0","0"
"PQ7298.13.O74 L83 2012","0","0"
"PQ7298.17.O514 A88 2013","0","0"
"PQ7297.P285 Z96585 2013","0","0"
"CB251 .X35 2008","0","0"
"PN2318.G35 B47 2012","0","0"
"BP190.5.A7 S533 1980","1","0"
"QC89.A64 M67 2013","0","0"
"HD8656.5 .A67 2011","1","0"
"PQ7297.S438 D55 2011","0","0"
"PQ7298.29.A414 H57 2013","0","0"
"GV863.25.A1 S26 2013","0","0"
"PQ2682.E54 B38 2014","0","0"
"F1785 .C419 2013","0","0"
"PQ7380 .L6765 2013","0","0"
"JQ1519.A5 S36 2002","0","0"
"DS119.76 .I5855 2010z","1","0"
"PQ283 .C644 2014","0","0"
"PL2939.A6 S43 2012","1","0"
"PN56.T7 P47 2014","0","0"
"PL2765.U2 R66 2000","0","0"
"DS61.8 .T37 2013","1","0"
"DS61.8 .E93 2013","1","0"
"JQ1729.5.A58 P83 2006","3","1"
"DG571 .F37 2014","0","1"
"PT5882.23.E77 L33 2014","0","0"
"PL3748.G43 D64 2010","1","0"
"HD9574.U62 G73 2014","0","0"
"BJ1474 .H68 2013","0","0"
"PR9199.3.R855 P35 2014","0","0"
"PQ4390 .G34 2014","0","1"
"DB2238.7 .V63 2014","0","0"
"PL2948.5.O545 Y68 2008","0","0"
"DD260.65.G47 H367 2015","0","0"
"RA395.G6 F74 2013","0","0"
"DS61.9.U49 I84 2014","1","0"
"DS61.9.U49 T84 2014","1","0"
"DS134.255 .E84 2014","0","0"
"PQ4863.O8875 I56 2014","0","0"
"BP194.6.A2 S234 2010","0","0"
"TA645 .Z43 2013","0","0"
"BP192.8 .S239 2010","0","0"
"P121 .C4222 2014","0","0"
"PL2765.U2 O86 2010","1","0"
"BP76.8 .I245 2010","0","0"
"DA720 .L64 2014","0","0"
"PJ5053.E516 B4213 2014","0","0"
"PA4435.S8 E73 2013","0","0"
"BP193 .A48 2010","0","0"
"PL994.62.U5 M35 2014","0","0"
"DS79 .Z35 2011","0","0"
"N6834.5.D88 A4 2014","0","0"
"GV1469.3 .F56 2013","0","0"
"PQ4835.I67 O7 2014","0","0"
"HV640.5.I73 I7 2001","0","0"
"KJP5003.4 .S827 2014","0","0"
"DK579 .R655 2010","0","0"
"BV4916.3 .K566 2009","0","0"
"PG1745.B3765 A82 2013","0","0"
"P119.315 .D575 2012","0","0"
"PQ4872.U255 S76 2014","0","0"
"TK9106.5 .K56 2009","0","0"
"PQ4882.E3415 M47 2014","0","0"
"HQ1765.5 .Y68 2005","0","0"
"PQ4682 .P47 2013","1","1"
"CB203 .O73 2013","0","0"
"PN5278.C52 E36 2013","2","0"
"B2430.D454 S62 2002","0","0"
"HD37.K6 U86 2008","0","0"
"PQ4876.A345 U48 2014","0","0"
"D581 .R69 2014","2","1"
"HQ1462.5.A3 D66 2014","0","0"
"PQ7439.B9 Z87 2014","0","0"
"PQ4863.O664 A75 2014","0","0"
"CT199 .I77 2014","1","0"
"GV863.28.A1 U75 2013","0","0"
"GV863.28.A1 U75 2013","0","0"
"HC467.96 .U84 2008","1","1"
"PS3204.5.K6 Y5 1986","0","0"
"PQ7439.Z4 C5 2013","0","0"
"PQ9920.5 .S23 2012","0","0"
"HB3717 2008 .F84 2012","1","0"
"D804.3 .D64 2011","0","0"
"PG7158.G662 D94 2014","0","0"
"LB5 .E5 v.31-32, 1982-1984","0","0"
"PQ7276 .C25 2012","0","0"
"PQ7389.G84 Z88 2013","0","0"
"F1981.S2 P53 2014","0","0"
"F1973 .O35 2013","0","0"
"PG5040.29.I49 M26 2014","0","0"
"HC154.5 .P35 2014","0","0"
"PG5039.21.L5214 S67 2014","0","0"
"PQ7298.41.S54 C83 2012","0","0"
"LB5 .E5 v.33-34, 1984-1986","0","0"
"PL8402 .K935 2013","0","0"
"PL8402 .K9353 2013","0","0"
"LB5 .E5 v.35-36, 1986-1988","0","0"
"JV8025 .J87 2014","1","0"
"PQ7081 .G584 2013","1","0"
"PQ7276.5.S33 M86 2012","0","0"
"LB5 .E5 v.38, no.1-2, 1989-1992","0","0"
"PJ7820.A681 M36 2009","1","0"
"PJ7816.A958 A85 2012","0","0"
"PJ7936.M843 K43 2013","0","0"
"PJ7950.U42784 S437 2010","0","0"
"PJ7864.A3677 B575 2010","2","0"
"KBP320.M35 A353238 2009","0","0"
"CS1742 .Z39 2008","0","0"
"PJ7525.2 .B553 2012","0","0"
"HQ1236.5.E3 A84 2005","1","0"
"B741 .A283 2011","1","0"
"B741 .A283 2011","1","0"
"B741 .A283 2011","0","0"
"DT107.87 .T49 2011","0","0"
"HD1699.N5 A36 2011","0","0"
"B741 .A283 2011","0","0"
"BP88.A7632 M87 2011","0","0"
"DT107.87 .A364 2012","0","0"
"PJ7862.H15 Z887 2009","0","0"
"DT266.4 .M334 2011","0","0"
"PS261 .S68 2014","1","0"
"DS247.A25 V36 2014","0","0"
"F1786 .R692 2013","1","0"
"PN149 .R586 2013","5","0"
"BP10.J388 B87 2011","0","0"
"DB2049.H67 H67 3014","0","0"
"P119.32.C94 M855 2013","0","0"
"BP130.4 .I2283 2011","0","0"
"GT3271.C9 G78 2013","0","0"
"BP10.J383 H87 2012","0","0"
"PN2593 .B76 2015","0","0"
"PN1997.85 .C63 2015","0","0"
"PS169.N35 A44 2014","3","0"
"PR3592.P64 W34 2014","0","0"
"PQ283 .W55 2014","2","0"
"B2430.B273 E8733 2015","2","0"
"PR9199.4.P497 Z46 2014","1","0"
"PN1993.5.I8 B59255 2014","2","0"
"PT2605.E4 A2 2014","5","0"
"DA125.C5 C53 2014","0","0"
"PR447 .M35 2014","0","0"
"BX1665 .C3825 2014","2","0"
"BR190 .C49 2014","2","0"
"DA566.9.C5 J635 2014","5","0"
"PR9192.5 .C66 2014","0","0"
"PN1993.5.G33 D44 2014","0","1"
"PR4592.D6 G73 2014","0","0"
"BM610 .W37 2015","0","0"
"DS486.G536 E94 2014","0","0"
"DS470.S3 K43 2014","0","0"
"PR9199.4.S69345 G57 2014","2","0"
"DA209.P4 A83 2014","5","0"
"PR6039.O32 W588 2014","1","0"
"DU65 .B86 2014","3","0"
"F2523.5.I4 S78 2014","1","1"
"PL629.I57 T35 2015","0","0"
"DG322.5.B66 W54 2015","0","0"
"PR468.P46 C64 2015","0","0"
"BS2595.52 .M26 2015","2","1"
"DS126.6.H468 A3 2015","0","0"
"BL2525 .M435 2014","2","0"
"PN56.U8 S63 2015","4","0"
"PR9199.4.S94 M57 2014","0","0"
"DS54 .B69 2015","0","0"
"PN2039 .P396 2014","3","0"
"BD581 .P467 2015","0","0"
"E744 .W5423 2015","0","0"
"DT515.8 .M354 2014","0","0"
"BS2351.B7 C76 2015","0","0"
"BX4827.B3 N65 2014","0","0"
"BL2747.6 .R425 2015","4","0"
"BL980.I8 G3713 2014","1","0"
"PA8201.H9 R89 2014","0","0"
"DK511.V65 Z44 2015","0","0"
"CB113.H4 H3713 2014","33","0"
"BR517 .Y36 2015","2","0"
"PR9080.5 .K73 2014","0","0"
"HQ1590.5 .S83 2015","0","0"
"PN1993.5.U6 K56 2014","0","0"
"DC33 .E38 2014","5","0"
"PN56.T45 D43 2015","3","0"
"DR603 .T87 2014","1","1"
"E183.7 .U815 2015","1","0"
"DT38.7 .U25 2014","0","0"
"E183.8.C5 R538 2015","0","0"
"PS310.P6 G89 2014","0","0"
"DS546.5.G74 S67 2014","1","1"
"PQ568 .J64 2014","0","0"
"PR111 .W646 2014","1","0"
"HQ1236 .I58 2014","1","0"
"DT30.5 .D5613 2014","0","1"
"E185.86 .H73 2015","9","1"
"PG7158.H55 W7913 2014","0","0"
"PL2478 .L36 2014","1","1"
"PR9199.3.K423 A88 2014","0","0"
"PS3611.E42439 B69 2014","0","0"
"PN1997.B7225 M33 2014","0","0"
"PR4168 .M25 2014","0","0"
"BL1900.C46 E5 2014","3","0"
"PR830.D4 M66 2015","0","0"
"PJ7860.A4695 T3513 2014","0","0"
"BS1199.E8 C66 2014","0","0"
"PN1997.E79 B88 2014","1","0"
"BL2441.3 .Q575 2015","1","0"
"D131 .B513 2014","4","0"
"PQ2720.R83 D4713 2014","0","0"
"PS3612.A357 F84 2014","1","1"
"DS586 .G64 2014","1","0"
"BS680.P35 B35 2014","0","0"
"PS3608.U3234 H37 2014","4","0"
"BX1407.H55 P37 2014","0","0"
"PN1995.9.S29 H46 2014","1","0"
"PS3611.A42 H66 2014","4","0"
"PS3558.E4962 J33 2014","1","0"
"BT301.3 .B725 2014","0","0"
"BS476 .L36 2014","2","0"
"BT30.G7 I56 2014","0","0"
"Z1024 .L4413 2014","2","0"
"BT660.G8 N49 2014","1","0"
"PS3608.O47765 A6 2014","3","0"
"PJ7820.A8425 G5513 2014","0","0"
"PS3605.L14 P55 2014","1","0"
"PT7234.E5 D63 2014","2","0"
"BS2665.52 .M544 2014","2","0"
"E184.A1 O46 2015","15","0"
"B689.Z7 R43 2014","2","1"
"PS3619.H35592 R43 2014","0","0"
"PR6120.U57 A6 2014","0","0"
"DP85.8 .H86 2015","3","0"
"PN1995.9.S253 T43 2015","0","0"
"BS1192.5 .A45 2014","0","0"
"D16.8 .O556 2015","2","0"
"PS3555.N652 A6 2014","0","0"
"BR115.W6 H84 2014","0","0"
"PS3503.U6134 Z93 2014","1","0"
"BL313 .M46 2014","0","0"
"BS2585.52 .M677 2014","0","0"
"F1418 .D435 2014","0","0"
"PR6118.O885 V8 2014","0","0"
"BR118 .K43 2014","1","1"
"BT741.3 .M65 2014","0","0"
"DS495.592.E56 A3 2014","0","0"
"PS3601.K53 W46 2014","9","0"
"PS3623.I553 A6 2015","0","0"
"PJ7846.A46 Z6672 2011","0","0"
"DS70.8.A1 S29 2012","1","0"
"P381.L29 C65 2008","1","0"
"DT199 .B545 2011","0","0"
"PS3554.E4425 Z94 2015","3","0"
"BP189.7.T52 A2 2011","0","0"
"BP189.7.T52 A2 2011","0","0"
"BP189.7.T52 A2 2011","0","0"
"BP189.7.T52 A2 2011","0","0"
"UG703 .A74 2014","7","1"
"DS797.72.J553 L56 2010","0","0"
"KBP440.55.Q27 A3837 2011","0","0"
"KBP440.55.Q27 A3837 2011","0","0"
"KBP440.55.Q27 A3837 2011","0","0"
"KBP440.55.Q27 A3837 2011","0","0"
"BL65.S8 L25 2014","0","0"
"DA964.A2 I726 2015","0","0"
"DS796.T68 Y466 2010","0","0"
"JQ3229.C6 L56 2011","1","0"
"PQ7440.R597 L89 2013","0","0"
"DT263.76.B39 A4 2011","0","0"
"HD8237.C65 M43 2013","0","0"
"PJ7561 .B7654 2012","0","0"
"PS3566.R3982 B59 2014","3","0"
"F1973 .H678 2013","0","0"
"BL65.V55 N33 2009","0","0"
"RA427 .N78 2014","0","0"
"BP161.3 .M395 2011","0","0"
"DS119.7 .I525 2012","0","0"
"DT107.87 .A2117 2011","0","0"
"DS63.1 .I287 2011","1","0"
"BL65.S8 D55 2011","0","0"
"PQ7151 .M58 2014","1","0"
"PJ7950.U866 T35 2010","0","0"
"BS2555.2 .A23 2015","1","0"
"PJ7962.H3912 I33 2010","0","0"
"PQ7298.13.H45 C74 2013","0","0"
"PR9440.9.S36 L58 2014","0","0"
"PJ7864.A93 H33 2012","0","0"
"PN56.T7 F67 2014","0","0"
"DT269.K3 M39 2009","0","0"
"PQ7189 .M35 2010","0","0"
"BQ2057 .S446 2011","0","0"
"PR9199.4.B498 B88 2014","0","0"
"HQ799.8.W47 M35 2011","0","0"
"PN1118 .S35 2014","0","0"
"HQ217.K36 M25 2014","0","0"
"DT263 .T39 2010","0","0"
"PQ7245 .P743 2012","1","0"
"PJ7846.A46 Z71265 2011","0","0"
"DS247.Y48 F373 2009","0","0"
"DS779.49.X53 W366 2014","2","0"
"PQ7298.23.A55 P375 2014","0","0"
"PR9265.9.L35 U53 2014","0","0"
"B748.A563 I833 2009","0","0"
"DS779.49.X53 A56 2014","2","0"
"B2659.E94 S36 2015","0","0"
"PJ7846.A46 T3 2000z","0","0"
"F1788 .D5796 2013","1","1"
"BS2615.53 .L49 2014","0","0"
"DS95.5 .M34 2014","4","0"
"PT2679.A29 F38 2014","0","0"
"PN3433.6 .W44 2014","5","0"
"D765.5 .H67 2014","0","0"
"PJ7677 .M53 2011","0","0"
"DT264.3.B6 M57 2011","0","0"
"Z316 .V65 2014","0","0"
"BP131.5 .D38337 2011","0","0"
"BP131.5 .D38337 2011","0","0"
"PF3088 .H63 2014","2","0"
"PH2107 .A66 2013","0","0"
"DS777.56 .G86 2014","2","0"
"BP134.S6 K83 2010","1","0"
"PR6116.E776 A38 2014","2","0"
"DT264.3.B6 S23 2011","0","0"
"BX596 .G695 2014","0","0"
"DS778.7 .L84 Y53 2014","1","0"
"DS135.S35 B44 2013","0","0"
"PH3158 .A37 2013","0","0"
"PQ3989.3.E425 Z46 2011","0","0"
"JQ3332 .H36 2011","0","0"
"G71.5 .M356 2014","0","0"
"PN6146.5 .M3483 2013","0","0"
"PN2037 .B773 2014","0","0"
"GR258.2.H86 B45 2011","0","0"
"DT264.3.T35 A4 2011","1","0"
"PQ8498.414.A95 H55 2010","2","0"
"PQ7822.O84 C8 2008","1","0"
"DC59.8.Y4 C44 2009","0","0"
"DS778.M3 Q536 2014","1","0"
"PR6045.O72 Z8117 2014","0","0"
"PH3158 .R66 2013","0","0"
"DT264.49.M57 A3 2011","0","0"
"PH3351.S944 H3 2013","0","0"
"PH3351.S944 H3 2013","0","0"
"PQ3989.2.S66 I62 2011","0","0"
"DT266.4 .L36 2011","0","0"
"DT266.7 .K37 2011","0","0"
"DT266.7 .B48 2011","0","0"
"R654.B867 A3 2011","0","0"
"DT264.46 .H3414 2011","0","0"
"PG3365.A63 A546 2012","0","0"
"HG179 .H45 2007","0","0"
"DR1775.P75 M43 2013","0","0"
"JC599.P42 A935 2001","1","0"
"PQ8180.1.D46 H43 1994","1","0"
"HN90.C6 W35 2015","0","0"
"DB2126 .H67 2014","0","0"
"PN1998.3.B713 A3 2015","0","0"
"DK219.6.A435 F37 2014","1","0"
"PN1994 .B34713 2014","2","0"
"BS476 .B475 2015","3","0"
"PE1421 .C36 2014","2","1"
"DT1768.A57 H54 2015","2","0"
"PN2287.C5 A3 2014","0","0"
"BX1417.M5 A84 2014","0","0"
"DA950.7 .M343 2014","1","1"
"BL473 .O67 2014","1","0"
"DA355 .E566 2014","4","0"
"HQ75.8.K35 A4 2014","0","2"
"B105.R23 S64 2014","0","0"
"PL861.E345 B3513 2015","0","0"
"BR1325 .K565 2015","3","0"
"BS186 .K55 2014","0","1"
"DA447.E9 A4 2014","1","0"
"DA447.E9 A4 2014","1","0"
"PK1818.4 .D38 2014","0","0"
"PA4247 .P48 2014","2","0"
"F1035.A1 M34 2014","3","0"
"BX4835.H2 L68 2015","1","0"
"DR435.K87 A83 2015","2","3"
"DR486 .A86 2015","2","0"
"DS63.2.G4 N53 2015","0","0"
"E743.5 .R89 2015","2","0"
"D810.C4 D36 2014","1","0"
"BJ1533.F8 J87 2014","0","0"
"BX4705.S75 S38 2014","1","0"
"PQ4691 .W35 2014","0","1"
"HQ1735.27 .P47 2014","0","0"
"PR428.W63 S73 2015","1","0"
"BL2747.3 .R93 2014","1","0"
"DK266.5 .P66 2014","2","0"
"E185.5.N276 A53 2015","5","0"
"DS779.4 .C465 2015","3","0"
"E185.615 .C315 2014","5","0"
"PS3611.U52 C65 2014","2","0"
"PN1995 .Y275 2015","2","0"
"PR9619.4.J49 G47 2014","0","0"
"BM729.W6 G46 2015","3","1"
"F666 .O48 2014","0","0"
"PS3537.T323 Z698 2014","0","0"
"BT630 .L48 2015","2","2"
"PN1995.9.H6 S6185 2015","0","0"
"PS153.I52 T38 2014","2","0"
"PG7158.N34 R6613 2014","0","0"
"PQ2063.S3 S186 2015","0","0"
"PR9619.4.S734 S64 2014","0","0"
"PQ8498.414.A85 D36 2010","1","0"
"Z176.B2 S53 2014","1","0"
"KLB3202 .L58 2014","0","0"
"PT1940 .J34 2014","0","1"
"LB .E5 v.37, 1988-1989","1","0"
"LC315.K6 K55 2014","0","0"
"F3069 .P84 2005","2","0"
"PT148.V45 E63 2014","0","0"
"HN300.Z9 S632 2004","1","0"
"PR6053.O25 G48 2014","0","0"
"CT120 .K74 2014","1","0"
"K1824 .P75 2006","1","0"
"CR614.2 .R373 2014","0","0"
"PL992.19.K953 W54 2014","1","0"
"PQ9698.13.O3546 M6165 2000","0","0"
"DD256.8 .K73 2014","0","0"
"PJ3211 .V45 2014","1","0"
"DS316.9.P57 A3 1995","1","0"
"PK6561.M8217 S58 2005","0","0"
"BT707.6 .W55 2014","1","0"
"DD247.G56 S23 2014","0","0"
"DS134.25 .S38 2014","0","0"
"PT2665.S34 J45 2014","0","0"
"DG78 .S63 2012","2","0"
"HE3380.3.Z8 H45613 2014","2","0"
"HN293.5 .J684 2008","1","0"
"PL2687.C5 Z555 2014","1","0"
"PL2939.A24 M45 2014","0","0"
"PL2785.O3 Z956 2013","1","0"
"PL2909.I226 L58 2014","0","0"
"PL2277 .Q259 2014","0","0"
"PL2277 .Q259 2014","0","0"
"PL2277 .Q259 2014","0","0"
"PL2277 .Q259 2014","0","0"
"AM383 .Q256 2014","0","0"
"JQ1519.A5 W445 2014","0","0"
"DS796.S245 Y355 2014","0","0"
"PL2838.L45 A6 2014","0","0"
"DS777.5365 .Y44 2014","0","0"
"Z987.5.C6 Y8 2014","0","0"
"DS795.4.S543 S55 2014","0","0"
"DS795.4.S543 Y56 2014","0","0"
"PL2971.X536 S546 2014","0","0"
"PL2919.X564 H664 2014","0","0"
"PL2262.2 .Z466 2014","0","0"
"DS793.S642 L5 2014","1","0"
"PL2879.R8 W66 2014","0","0"
"PL2260.52.Y36 A3 2014","1","0"
"DS793.Y3 K36 2014","0","0"
"DS797.57.J564 Y8 2014","0","0"
"PL2719.A33 Z958 2013","0","0"
"PL2302 .W734 2014","0","0"
"PL2919.X5646 Z454 2014","1","0"
"PN5364.N563 N56 2014","0","0"
"PL2938.5.O646 G83 2014","0","0"
"PL2893.E534 D66 2014","0","1"
"PL2942.3.E95 Z4463 2014","3","0"
"PL2966.U845 Y43 2014","0","0"
"DS778.P6 Y36 2014","0","0"
"DK268.B65 Z46 2014","1","0"
"PL2919.X564 F46 2014","0","0"
"HF3834 .L53 2014","0","0"
"PL2877.D86 Y5 2014","0","0"
"PL2843.P5 S545 2014","4","1"
"PL2861.A363 Q254 2014","0","0"
"PL2921.4.O353 G894 2014","0","0"
"PL2978.5.X535 G356 2014","0","0"
"PL2909.I545 G86 2014","0","0"
"PL2942.3.A546 S233 2014","1","0"
"DS795.2 .H753 2014","0","0"
"PL2958.I22 B898 2014","0","0"
"PL2898.N984 A37 2014","0","0"
"PL2892.A3465 A6 2014","0","0"
"PL2946.5.W364 A36 2014","1","0"
"PL2947.T56 B54 2014","0","0"
"TF302.B45 S55 2014","0","0"
"HF3840.B45 Q25 2014","1","0"
"DS795.2 .H664 2014","0","0"
"PL2843.L8 W45 2014","0","0"
"DS797.77.C446 W8 2014","0","0"
"PL2946.5.X84 Q256 2014","0","0"
"DS753.92 .F46 2013","0","0"
"DS753.92 .F46 2013","0","0"
"PJ5055.24.S73 A82 2010","0","0"
"DS778.X519 X529 2014","1","0"
"PL2922.J86 W8 2014","1","0"
"PL2733.A5544 A6 2014","0","0"
"DS748.16.L8 C43 2014","0","0"
"RA528.G837 Z466 2014","3","0"
"DS793.Y8 N54 2014","1","0"
"PN5364 .N5 2014","0","0"
"DS793.T7 G83 2014","0","0"
"KNN2720 .Q258 2014","0","0"
"HD6473.C64 L46 2014","0","0"
"DS754.14 .D85 2013","0","0"
"DS754.14 .D85 2013","0","0"
"PL2262.2 .L45 2014","0","0"
"PN5366.S2 S39 2014","1","0"
"PL2262.2 .W378 2014","0","0"
"PL2732.A5 G83 2014","0","1"
"PL2754.T75 Z48 2014","0","0"
"PL2732.A548 A6 2014","0","0"
"PL2732.A549 A6 2014","0","0"
"DS777.5365 .Y475 2014","0","0"
"PL2879.A5 F87 2014","0","0"
"DS777.5365 .Y43 2014","0","0"
"U54.C6 K364 2013","0","0"
"DS778.T39 D466 2014","0","0"
"DS754 .A68 2014","1","0"
"PL2947.G86 P3 2014","0","0"
"UG433.Z45 S8 2014","0","0"
"DS778.Z385 S44 2014","1","1"
"DS793.Y8 Y36 2014","0","0"
"PL2942.8.N756 N82 2014","0","0"
"DS777.15.L588 L58 2014","1","0"
"HJ1402 .S459 2014","2","0"
"PL2856.R53 R46 2014","1","0"
"PL2278 .Z436 2014","0","0"
"PL2727.S2 C356 2014","0","0"
"PL2946.J5643 J546 2014","0","0"
"GF656 .X78 2014","0","0"
"DS777.488.T8 X85 2014","0","0"
"JQ1519.A5 H835 2014","0","0"
"PL2412 .B45 2014","1","1"
"DS740.5.J3 W356 2013","0","0"
"PL2766.S5 Z7 2014","0","0"
"HC428.T55 D86 2013","0","0"
"DS910.2.C5 S45 2014","0","0"
"DS777.5365 .Y434 2014","0","0"
"DS751.6.F36 M68 2014","0","0"
"DS797.33.G852 L536 2013","0","0"
"PL2879.Y53 D355 2014","0","0"
"DS777.488.T33 Z53 2014","0","0"
"HD2910 .L586 2014","0","1"
"HF5415.33.C6 W36 2014","0","0"
"PL2490.W463 Z436 2014","0","0"
"PL2942.M56 A59 2014","1","0"
"PL2880.O2326 L53 2014","1","0"
"PL2880.O2326 L53 2014","1","0"
"PL2966.U94 Z85 2014","0","0"
"PL2924.H855 W46 2014","0","0"
"DS777.488.C515 A5 2014","2","1"
"DS778.W354 J53 2014","0","0"
"PN5369.S52 C54 2014","1","0"
"JS7365.J54 F46 2014","0","0"
"DS710 .W47 2014","0","0"
"DS710 .W47 2014","0","0"
"DS710 .W47 2014","0","0"
"DS710 .W47 2014","0","0"
"DS710 .W47 2014","0","0"
"DS710 .W47 2014","0","0"
"DS710 .W47 2014","0","0"
"DS710 .W47 2014","0","0"
"DS710 .W47 2014","0","0"
"DS710 .W47 2014","0","0"
"PT1429.M5 L54 1984","0","0"
"HX742.2.A3 G635 2012","0","0"
"LB1028.43 .P464 2012","0","0"
"CT3990.A2 P36 2013","0","0"
"PL2940.R89 G82 2013","0","0"
"DS741.65 .G855 2013","0","0"
"HC427.92 .L4786 2013","0","0"
"HC430.I5 C446 2013","0","0"
"TX531 .H8 2013","2","0"
"GE160.C6 G865 2013","0","0"
"HC430.C6 Y3585 2013","0","0"
"HD9736.C62 M46 2013","0","0"
"PL2698.Q256 A6 2014","0","0"
"DS778.Z4364 Z436 2014","1","0"
"PL2928.H78 Y56 2014","1","0"
"PL2928.H78 W47 2014","1","0"
"PL2928.H78 M45 2014","0","0"
"HN733 .Z4668 2014","0","0"
"PL2727.S2 C5763 2014","0","0"
"DS778.A1 T8 2014","3","0"
"DS779.48 .L56 2014","0","0"
"PL2733.A56 A6 2014","0","0"
"PL2837.E35 Z468 2014","0","0"
"F3126 .C385 2008","1","0"
"HQ1236.5.P4 P478 2012","1","0"
"HN733 .Z4666 2012","0","0"
"PL2923.W46 A6 2013","0","0"
"HN733 .Z4667 2013","0","0"
"HQ755.85 .T664 2013","0","0"
"DS797.88.N56 L5 2013","0","0"
"DS797.88.N56 L5 2013","0","0"
"PL2495 .S36 2013","0","0"
"PL2495 .S36 2013","0","0"
"RA395.C6 G8 2013","0","0"
"PL2466.Z7 Y4 2013","2","1"
"TR590 .L56 2014","1","0"
"DS748.66.H75 G86 2014","1","0"
"PL2919.W367 N664 2014","1","0"
"PL2852.H755 S55 2014","0","0"
"PL2855.A33 L53 2014","2","0"
"PL2262 .W334 2014","0","0"
"DS778.Z437 A3 2014","1","0"
"PL2971.W45 X53 2014","0","0"
"PL2841.N29 S536 2014","2","0"
"DS919.5 .X56 2014","0","0"
"DS919.5 .Y5 2014","0","0"
"DS919.5 .T56 2014","0","0"
"DS919.5 .W36 2014","0","0"
"DS919.5 .W46 2014","0","0"
"UA839.H6 S546 2014","0","0"
"DS919.5 .N58 2014","0","0"
"DS921.2 .L537 2014","0","0"
"UA835 .J56 2014","0","0"
"DS919.5 .H36 2014","0","0"
"U821.C6 G86 2014","0","0"
"DS777.5425.J56 H35 2014","0","0"
"DS919.5 .J56 2014","0","0"
"DS918.2.C38 C86 2014","0","0"
"DS919.5 .B8 2014","0","0"
"DS797.77.C49 S536 2014","0","0"
"DS919.5 .Q36 2014","0","0"
"DS919.5 .Z85 2014","0","0"
"DS919.5 .Y564 2014","0","0"
"DS919.5 .Y86 2014","0","0"
"DS919.5 .Z483 2014","0","0"
"DS919.5 .Y56 2014","1","0"
"PL2303 .Z568 2014","0","0"
"DS919.5 .X566 2014","0","0"
"DS777.542 .H46 2014","0","0"
"PL2736 .I27 2014","1","0"
"PL2736 .I27 2014","0","0"
"PL2736 .I27 2014","0","0"
"PL2736 .I27 2014","0","0"
"PL2736 .I27 2014","1","0"
"PL2736 .I27 2014","0","0"
"PL2736 .I27 2014","0","0"
"PL2736 .I27 2014","0","0"
"PL2736 .I27 2014","0","0"
"PL2736 .I27 2014","0","0"
"PL2736 .I27 2014","0","0"
"PL2736 .I27 2014","0","0"
"PL2736 .I27 2014","0","0"
"PL2736 .I27 2014","0","0"
"PL2736 .I27 2014","0","0"
"PL2736 .I27 2014","0","0"
"PL2736 .I27 2014","0","0"
"PL2736 .I27 2014","0","0"
"PL2736 .I27 2014","0","0"
"JL3481 .P37 2012","1","0"
"DS110.K45 E37 2014","0","0"
"F1414.3 .M57 2010","0","0"
"F3323.A9 C67 1981","1","0"
"DD253.6 .H37 2014","0","0"
"PG3451.A25 Z673 2013","1","0"
"PR448.S55 B64 2014","0","0"
"PS3560.O37834 B63 2013","1","0"
"PN1998.3.K34 Z46 2013","1","0"
"PN1998.3.K34 Z46 2013","1","0"
"PJ5055.5.A738 K47 2013","0","0"
"PS3507.O73277 A68 2013","1","0"
"PS3507.O73277 A68 2013","1","0"
"PS3511.E7246 Z466 2013","1","0"
"PR6066.A42 Z46 2014","0","0"
"PJ5055.23.O75 A73 2014","0","0"
"PR6023.E833 Z75 2014","0","0"
"PS3535.I233 Z94 2013","1","0"
"PS3535.I233 Z94 2013","1","0"
"DS740.5.G5 C36 2014","0","0"
"PJ5055.12.U73 H38 2014","0","0"
"PR6063.O842 N488 2014","0","0"
"N6310 .T47 2014","0","1"
"PQ2627.E4 F4813 2014","0","0"
"PR6069.C524 D667 2014","1","0"
"DR477 .G894 2010","0","0"
"DA16 .E26 2015","1","0"
"PQ8098.413.O734 C46 2012","1","0"
"PN2308.B73 A3 2004","0","0"
"PQ7822.O84 M35 2009","1","0"
"G1797.21.S7 S95 2014","0","0"
"BM690 .F394 2014","0","0"
"HD6835.5 .Y63 2014","0","0"
"PL994.82.C45 Y83 2014","0","0"
"PL994.82.C45 Y83 2014","0","0"
"PQ8550.23.O558 C83 1995","1","0"
"RA643.86.C5 D474 1997","1","0"
"PT2621.A26 Z8118 2014","0","0"
"HD6100.5 .E88 2012","0","0"
"PG3479.6.A34 I22 2013","0","1"
"PQ8498.414.A94 F5 2010","0","0"
"PL994.18.C448 S36 2014","1","0"
"PK9201.D39 Z55 2012","0","0"
"PQ8180.1.G85 N37 2001","0","0"
"DA578 .T55 2014","0","0"
"DK4280 .U37 2014","0","0"
"PN3448.D4 C736 2014","0","0"
"LC221.3.C56 E36 2014","1","0"
"BF505.P38 V64 2014","0","0"
"PQ8220.1.L318 L54 1999","1","0"
"PJ1735 .I584 2014","0","0"
"DS119.7 .K6348 2014","0","0"
"PR9369.3.C58 Z89 2014","0","0"
"DK4348.W54 G58 2014","0","0"
"PN4784.S6 B47 2014","0","0"
"PG2991 .M38 2014","0","0"
"D829.G3 T78 2014","1","0"
"PJ5053.G634 B38 2014","0","0"
"DK265.9.P74 B4467 2014","0","0"
"PT2672.E89 K37 2014","0","0"
"BS1181.8 .F465 2013","0","0"
"DT1972.L34 A3 2014","1","0"
"PJ5055.37.E34 H68 2014","1","0"
"UG401 .T987 2014","0","0"
"KHF1792 .N38 2013","0","0"
"HD1492.C96 B7658 2013","0","0"
"PN2071.S65 C85 2013","0","0"
"PJ5054.L3158 K55 2014","1","0"
"PJ5055.4.A24 B4 2014","1","0"
"BX597.P287 B89 2014","0","0"
"PJ5055.22.U88 A72 2014","0","0"
"PM5466 .D545 2010","1","0"
"DS777.8 .O45 2014","0","0"
"BF575.G7 A7845 2014","0","0"
"DB2241.B22 P47 2014","0","0"
"PJ5055.23.A9783 M58 2014","0","0"
"PQ7822.M662 G75 2012","1","0"
"PJ5055.2.D44 M38 2014","0","0"
"PQ7820.C346 C37 2011","1","0"
"F2849.22.G85 C28114 2014","0","0"
"DB2201.P58 I68 2014","0","0"
"PQ7816 .C66 2011","1","0"
"PJ5055.23.A75 A772 2014","0","0"
"PN165 .B73 2014","2","0"
"PJ5055.41.A2433 Z33 2014","0","0"
"PS3562.E978 E46 2014","1","0"
"DS119.76 .Y46 2014","0","0"
"PL991.92.S3 Z565 2014","0","0"
"PJ5055.39.O432 S48 2013","1","0"
"PQ8498.426.E87 C63 2011","1","0"
"PL2865.C49 L86 2005","0","0"
"PJ5054.E584 B28 2014","1","0"
"F2230.2.A9 T52 1998","1","0"
"PJ5055.51.E414 L32 2014","1","0"
"RC438.6.M67 J26 2013","0","0"
"BX1378.5 .A3525 2010","0","0"
"PJ5054.G728 S87 2014","3","0"
"BX4705.V23 A4 2014","0","0"
"R727.3 .H45 2014","0","0"
"HG4538 .T64 2014","1","1"
"PJ5055.39.U35 S54 2014","1","0"
"D512 .H33 2014","1","0"
"PM5578.9.S26 P33 2011","1","0"
"PN1990.72.R68 A3 2014","0","0"
"D640 .D584 2014","2","0"
"PQ8498.426.A63 M4 2007","1","0"
"DQ208 .S785 2014","0","0"
"PJ5054.H223 B47 2014","1","0"
"PG5038.J3236 Z814 2014","0","0"
"PL2865.C49 X56 1994","1","0"
"PN2919.8.S55 A3 2014","0","0"
"DS134.36.L45 N54 2015","3","0"
"PL2865.C49 W66 1994","2","0"
"HC244 .V574 2013","0","0"
"NA1455.B543 H62 2014","0","0"
"N7279.G28 A2 2014","0","0"
"DX222 .W45 2014","1","0"
"PJ5055.22.D67 A6 2014","0","0"
"PJ5054.J32 A95 2014","0","0"
"P302.5 .L55 2014","0","1"
"PR6045.A327 Z55 2014","0","0"
"DR592.M4 D46 2010","0","0"
"KKX485.R43 A734 2010","0","0"
"PL2865.C49 S53 1992","1","0"
"DS51.K426 A45 2010","0","0"
"TX725.K87 K87 2010","0","0"
"BM745 .S375 2014","0","0"
"GR166 .G58 2014","0","0"
"PJ5007.5.S58 A3 2014","0","0"
"PJ5054.O87 I84 2014","0","0"
"PL3031.T28 H83 1993","0","1"
"PJ5054.A755 Z894 2014","0","0"
"PJ5055.41.U733 L36 2014","0","0"
"PL2865.C49 B56 1996","0","0"
"PJ5055.28.R39 S56 2014","1","0"
"PJ5054.E75 M37 2014","0","0"
"PJ5054.L4786 G48 2014","0","0"
"DR584 .B2413 2004","1","0"
"HC415.25 .F83 2014","0","0"
"PJ5055.39.O855 A6 2014","0","0"
"DR471 .T86 2014","1","0"
"PJ5054.L3155 A73 2014","0","0"
"PG5038.B53 Z48 2013","1","0"
"DS134 .J444 2014","2","0"
"DD262 .K646 2014","0","0"
"PG5040.32.A687 P35 2014","0","0"
"DR1752 .S733 2014","0","0"
"DR589 .T872 2004","1","0"
"PG5040.36.E44 O29 2014","2","0"
"D13.5.E85 K66 2014","0","0"
"NX180.D74 K74 2014","1","0"
"HV9712.5.N48 A3 2014","0","0"
"PT3818 .B38 2008","0","0"
"PG5039.2.I73 Z5 2014","0","0"
"D640 .V475 2014","0","0"
"GT887 .H47 2014","0","0"
"HV1552 .F76 2014","0","0"
"DK510.765 .P375 2013","0","0"
"DS357.5 .W37 2015","0","0"
"DK254.M674 A3 2014","0","0"
"DK254.M674 A3 2014","0","0"
"PL2865.C49 Y3 1998","0","0"
"PL2865.C49 D3 1996","1","0"
"PL2865.C49 X56 1994","1","0"
"D550 .M85 2014","0","0"
"PL2865.C484 H88 1998","0","0"
"JZ5578 .W664 2015","0","0"
"BV3033.V65 K65 2014","0","0"
"HM621 .B644 2014","0","0"
"PL2865.C49 G86 1991","0","0"
"PR8789 .D43 2014","1","0"
"PS217.S55 P45 2015","1","0"
"DS33.2 .A85 2015","1","1"
"E259 .R83 2014","1","0"
"DS316.6 .R35 2015","3","0"
"PN6231.L4 S73 2014","0","0"
"PR3666 .A4 2015c","1","0"
"PS3571.P4 Z626 2014","2","1"
"PE23 .I57 2010","0","0"
"E169.12 .M678 2014","1","1"
"PQ193 .E83 2014","0","0"
"B2784 .F75 2015","1","0"
"B945.S444 B73 2015","4","0"
"PR113 .H59 2015","0","0"
"PN75.B45 L48 2014","3","0"
"PS1331 .A4 2014","1","0"
"B842 .R58 2015","0","0"
"DR435.A7 M333 2014","0","0"
"PS3566.E78 Z46 2014","0","0"
"DS126.4 .M257 2015","0","0"
"E406.P3 M87 2015","1","2"
"D767.98 .B37 2014","4","0"
"PN2053 .B639 2014","0","0"
"PN1993.5.U6 P6713 2015","1","1"
"DU68.D48 D38 2015","1","0"
"F379.N59 I63 2014","1","0"
"PR9619.4.B538 P76 2014","0","0"
"F392.C27 B53 2014","0","0"
"PE1404 .J36 2015","1","0"
"PS3607.O88 R58 2014","0","0"
"PN6110.W6 S53 2014","0","0"
"HQ18.N55 A33 2015","1","0"
"PS3601.D585 A6 2014","0","0"
"DK188.6.N25 A3 2014","0","0"
"PL2865.C49 S56 1994","1","0"
"PN1040.A53 Z67 2014","0","0"
"BX895 .W45 2015","0","0"
"HV8210.5.A45 M5685 2014","0","0"
"HQ1075 .A27 v.19","0","0"
"PH781 .A68 2012","0","0"
"CT3650.C94 A235 2014","0","0"
"PG3476.L9 A2 2014","0","0"
"PT8951.16.O73 M4613 2014","0","0"
"PR9199.3.W455 I58 2014","0","0"
"RC454.4 .D46 2014","4","0"
"DU117.17 .A97 2014","0","0"
"JK2408 .S77 2015","3","2"
"PN2656.B4 B36 2014","1","0"
"DT060 .C85 2013","1","0"
"PT2662.O35 M45 2014","0","0"
"PL2865.C49 X56 2000","0","0"
"DD74 .B87 2014","0","0"
"DF235.3 .A44 2014","0","0"
"JN6763 .K538 2014","0","0"
"LB14.7 .N488 2014","0","0"
"D6 .F37 2014","0","0"
"PG7158.G669 F4732 2014","0","0"
"DK508.9.V65 M35 2014","0","0"
"PL2865.C484 S5 2000","0","0"
"PG7158.G6 F3839 2014","0","0"
"PS166 .W55 2013","0","0"
"HS2330.K63 C73 2015","1","0"
"PR6045.O72 Z474 1989","2","1"
"PT3817 .B89 2014","0","0"
"DD289 .B77 2014","0","0"
"TT504.6.S65 Z487 2013","3","0"
"PT2708.A17 B76 2014","0","0"
"PR830.D4 M378 2014","0","0"
"DA152 .C53 2014","1","0"
"DT107.87 .T69 2014","1","0"
"BS1700 .D63 2014","1","0"
"PH3281.M395 K47 2010","0","0"
"DK268.R5 R429 2011","0","0"
"GV31 .P87 2014","0","0"
"DS135.C96 P762 2014","0","0"
"PR6060.O96 A6 2014","1","0"
"PT2707.R587 J87 2014","0","0"
"PN2859.C9 N428 2013","0","0"
"D640 .C5385 2014","2","0"
"PQ6066 .V58 2013","1","0"
"PQ8498.423.O746 O87 2011","0","0"
"PT2432 .Z8 1998","1","0"
"HM621 .M635 2013","0","0"
"PQ8550.26.A96 A83 2002","0","0"
"PQ8220.1.G76 C74 2003","1","0"
"HN370.Z9 V512 1998","1","0"
"PS3503.R167 A6 2010","0","1"
"PQ8180.1.L285 C4 1997x","1","0"
"PR6073.Y54 A6 2014","0","0"
"BM495.5 .S48 2014","0","0"
"DP302.G4 P6613 2015","1","0"
"PR6113.O884 T39 2014","1","0"
"PJ5054.Y42 N58 2014","1","0"
"PJ5055.12.L592 A6 2014","0","0"
"PJ5055.5.A93 M59 2014","1","0"
"PJ5054.R257 G3 2014","2","0"
"PJ5054.M58675 S54 2014","0","0"
"PJ5055.34.E434 A15 2014","1","0"
"PJ5054.H468 A65 2014","0","0"
"PJ5055.22.R66 K44 2014","1","0"
"PN3481 .F53 2007","0","0"
"PN6120.2 .B47 2014","1","0"
"DC45.7 .H45 2013","0","0"
"BJ1499.S65 C65 1990","0","0"
"DA245 .E975 2014","2","0"
"JS2675.C34 H83 2006","0","0"
"PN6110.L6 A66 2001","1","0"
"KBP440.5.I288 I25 2011","0","0"
"KBP440.5.I288 I25 2011","0","0"
"KBP440.5.I288 I25 2011","0","0"
"RC485 .H43 2014","0","0"
"PN56.W3 E275 2014","0","0"
"KBP440.32.T35 A38 2012","0","0"
"PQ4903.O545 M55 2014","0","0"
"PT183 .A53 2013","0","1"
"PJ7828.R638 Z556 2012","0","0"
"PJ7828.R638 Z556 2012","1","0"
"HQ1190 .G4768 2014","0","0"
"PL2865.C49 H86 1994","0","0"
"DR1717.M85 P3513 2011","0","0"
"HT395.H6 C485 2014","0","0"
"DG867.2 .S55 2012","0","0"
"GR1 .F55 no. 306","0","0"
"DR605.G85 M33 2014","0","0"
"PR6057.R3264 Z566 2014","0","0"
"E743 .B325 2015","2","0"
"BR99.74 .P54 2014","0","0"
"E169.12 .B245 2015","2","0"
"PN2287.P77 S38 2014","1","0"
"DA375 .L56 2014","1","0"
"PR3687.S7 Z77 2014","0","0"
"HQ281 .C6543 2015","2","0"
"PS3618.O8555 C66 2014","2","0"
"DS556.5 .L54 2014","0","0"
"BR115.W4 W36 2014","1","0"
"PN1995.9.H6 D79 2014","3","0"
"B3216.C34 M67 2015","0","0"
"B934 .D87 2014","0","0"
"BS2675.53 .F44 2014","6","0"
"PN1998.3.C36 R39 2015","0","0"
"B3245.F24 G37 2015","0","0"
"BJ1533.F8 S37 2014","5","0"
"HQ1190 .T85 2015","2","0"
"PL876.A4 J4613 2014","1","0"
"BX5720.S359 W55 2014","0","0"
"BS2585.52 .M26 2015","1","0"
"E887.C55 W35 2014","0","0"
"DS450.C6 K87 2014","0","0"
"DR568 .S49 2015","2","0"
"PR9199.3.B413 L43 2014","0","0"
"CC175 .J64 2014","3","0"
"HQ18.G7 L69 2015","0","0"
"PS1338 .K65 2015","1","0"
"PS3614.E43 M57 2014","1","0"
"DF601 .K35 2014","0","0"
"B485 .N49 2015","0","0"
"PN3448.P6 P65 2014","1","0"
"PS508.N3 B67 2015","0","0"
"PS3558.E4775 Z57 2015","0","0"
"B105.W3 B34 2015","0","0"
"PQ245 .L65 2014","0","0"
"PA3978 .S345 2015","2","0"
"PS3572.A4284 A6 2014","17","0"
"PS3561.I483 Z883 2015","0","0"
"PT2607.I6 Z46 2014","1","0"
"CS420 .T58 2014","2","0"
"B485 .T455 2015","0","0"
"E184.S75 C38 2014","1","0"
"HQ1236.5.U6 W677 2015","1","0"
"HQ1236.5.U6 W677 2015","1","0"
"HQ1236.5.U6 W677 2015","1","0"
"HQ1236.5.U6 W677 2015","1","0"
"PM5008 .W67 2014","0","0"
"BT111.3 .B45 2014","0","0"
"PS3515.E37 Z741746 2015","3","0"
"BX8695.Y7 M235 2015","0","0"
"PT7511.A89 R5413 2014","3","0"
"PR9199.4.M577 C37 2014","0","0"
"PR6119.T455 C44 2014","5","0"
"PR6003.U7 A6 2014","1","0"
"BS680.C47 G75 2014","0","0"
"BS1515.52 .K54 2014","0","0"
"PR9199.3.A319 E55 2014","1","0"
"B821 .E94 2014","0","0"
"PS3605.T43 A6 2014","0","0"
"PR6105.W46 H69 2014","0","0"
"BT761.3 .O23 2014","0","0"
"PR6104.A872 G63 2015","2","0"
"PR9199.3.K693 H65 2014","0","0"
"PR9199.4.P6755 H68 2014","1","0"
"DA578 .H39 2014","0","0"
"PS3552.A45 Z46 2014","7","0"
"PR6056.O45 Z74 2015","0","0"
"PQ6613.A763 Z678 2014","0","0"
"PQ6641.A47 S6613 2014","1","0"
"E184.M5 M495 2015","2","0"
"DS557.7 .N377 2015","1","0"
"PR6061.O28 P43 2014","1","0"
"PR6052.E18 P58 2014","1","0"
"PS3503.R167 Z46 2014","0","0"
"E668 .F66 2014","10","0"
"F865 .S35 2014","0","0"
"PS3554.A93757 A6 2014b","1","0"
"PR9199.4.A9845 S63 2014","0","0"
"PN2062 .R8413 2014","1","1"
"BT30.A4 O39 2014","0","0"
"PR9199.4.F568 U43 2014","0","0"
"PR9199.3.M354 W57 2014","0","0"
"PS374.W6 W68 2015","0","0"
"PS508.P7 W66 2014","2","0"
"PR9199.4.D54 W68 2014","0","0"
"PS3602.A999 A6 2014","1","0"
"PJ6636.P4 B33 2014","0","0"
"E840 .C48 2014","1","0"
"HQ75.15 .G67 2014","0","0"
"DS777.488.W354 L5298 2014","1","0"
"E302 .M74 2003","0","1"
"DS247.4.S55 S55 2008","0","0"
"PN56.M534 K546 2014","0","0"
"HN656.A8 Z43 2014","0","0"
"DS247.Y48 U73 2010","0","0"
"PT2672.E28 M55 2014","0","0"
"D521 .T37 2014","1","0"
"PJ8195 .R33 2011","0","0"
"PT2615.A62 M4 2014","0","0"
"DS247.7.T37 I25 2005","0","0"
"PJ7845.A18 Z75 2013","0","0"
"HG5802 .Z4643 2014","0","0"
"PN1998.3.T36 V65 2013","0","0"
"BP188.9.A7453 S53 2012","0","0"
"HC470.3 .X834 2014","0","0"
"PT2625.A44 Z53355 2014","0","1"
"BX597.K6547 G87 2014","0","0"
"R138 .G64 2014","1","0"
"Z1003.5.C9 S55 2014","0","0"
"JN3007.C6 M37 2014","0","0"
"PR6056.O695 Z46 2014","0","0"
"DK520.763 .B835 2014","0","0"
"PT2667.R92 K325 2014","0","0"
"PA6694.S7 G5 2014","0","0"
"PT2662.E56 Z59 2014","0","0"
"PR9199.4.J648 W43 2014","0","0"
"DS798.9.H33 E45 2014","0","0"
"BV2240.C6 X53 2014","0","0"
"BP80.S4842 K86 1985","2","0"
"DS796.H757 L544 2014","0","0"
"BP188.8.P3 K35 1982","0","0"
"JK468.I6 M55 2014","1","1"
"PL2925.K55 Z745 2014","3","0"
"DS134.92 .M35 2012","0","0"
"PN5276.P68 P69 2014","1","0"
"BP80.N528 H3 1974","2","0"
"PQ7822.M67 E88 2008","0","0"
"DK908.75.R8 V37 2014","0","0"
"UB200 .I56 2014","0","0"
"BP189 .M285 1974","1","0"
"PG3479.4.Y488 K82 2014","0","0"
"HF3686 .S74 2014","0","0"
"GT3206 .D43 2015","4","2"
"HM1136 .D44 2014","0","0"
"JK2316 .G34 2015","1","0"
"HD9695.U54 G415 2014","1","0"
"LA227 .T56 2015","0","0"
"JC131 .H68 2015","0","0"
"HG976 .P37 2015","0","0"
"GV546.5 .F35 2015","2","0"
"HC110.C6 S536 2015","2","0"
"GF504.M4 C86 2014","0","0"
"JK1965 .S45 2015","0","0"
"HB139 .A53984 2015","6","0"
"E78.W5 T642 2014","1","1"
"HV8658.K46 A3 2014","0","0"
"GV1786.B64 M44 2015","0","0"
"CC79.5.A5 A545 2014","1","0"
"HB171 .S713 2015","3","0"
"HG4523 .B364 2014","2","0"
"HB72 .S94 2014","0","0"
"HC240.25.B28 E83 2015","1","0"
"HD9696.A3 U58 2015","0","0"
"JA79 .G855 2014","0","0"
"PN4784.T34 M67 2015","0","1"
"HD5713.6.J3 W38 2014","0","0"
"HD6072.2.M628 M54 2014","1","0"
"JC421 .W37 2014","0","0"
"HD8391 .C73 2014","0","0"
"HF5429 .L3854 2014","1","0"
"HV7936.C83 R39 2014","2","0"
"HD2891.85 .R57 2014","0","0"
"P40.5.H57 S63 2015","4","0"
"HB615 .M575 2014","0","0"
"GR337 .Y83 2015","0","0"
"HT123 .B59 2015","2","0"
"JK1968 2012 .P37 2015","0","1"
"LB2322.2 .H84 2015","1","0"
"PN5319.M33 P355 2015","1","0"
"GV1588.5 .H37 2015","0","1"
"JF2051 .B74 2015","0","0"
"LB1025.3 .E3346 2015","1","0"
"HF1365 .T465 2015","0","0"
"HV6433.I722 I8563 2014","2","0"
"LC191 .H42 2015","1","0"
"LB1044.84 .G35 2015","0","1"
"JC598 .M35 2014","0","0"
"HF5415.1265 .C6364 2015","4","1"
"HX36 .D18 2014","2","0"
"LA186 .T63 2015","0","0"
"E98.E85 K45 2015","1","1"
"HB501 .W49 2014","3","0"
"PQ8498.416.L67 P54 2012","1","0"
"PQ7820.C6517 T47 2011","0","0"
"HT395.H6 C48 2014","0","0"
"F2230.1.S7 A43 2003","1","1"
"DS796.H757 Z4435 2014","0","0"
"F2230.2.K4 A446 1998","1","0"
"PQ7298.29.O44 S84 2013","0","0"
"HQ1537 .W35 2011","0","0"
"PQ7822.O84 A78 2007","0","0"
"F2325 .C77 1991","0","0"
"DS795.6.Y8 L568 2014","1","0"
"DS796.H75 C74127 2014","0","0"
"PG5039.14.E54 P758 2014","0","0"
"PG5039.3.O56 V45 2014","0","0"
"PT2685.A4742 F73 2014","0","0"
"D804.195 .J45 2014","0","0"
"DD231.K4 A4 2014","0","0"
"DD231.K4 A4 2014 Suppl.","1","0"
"JQ1532.Z13 E975 2004","0","0"
"HM831 .A43 2014","0","0"
"JC585 .S4715 2012","0","0"
"HN539.L66 S34 2013","0","0"
"F3430.1.A25 J56 1993","3","0"
"DS135.P6 R65 2014","0","0"
"PN1993.5.G3 S28 2014","0","0"
"B753.I54 K85 2014","1","0"
"GV199.42.A68 O85 2008","3","0"
"PG3479.6.E472 Z46 2014","0","0"
"PL2892.A6 Z46 2014","1","0"
"PQ8180.1.G815 H844 1988","1","0"
"PT187 .V46 2014","0","0"
"BP80.B24 K45 1966","2","0"
"DS135.P62 W8425 2014","0","0"
"DR2198 .P67 2014","0","0"
"PG3056 .K3927 2013","0","0"
"PQ8498.1.L512 S65 1998","1","0"
"HS3260.C954 S665 2013","0","0"
"BP80.S2742 H35 1975","1","0"
"PQ8498.1.R38 I58 1995","0","0"
"GR133.V4 A45 1990","1","0"
"PM6308.85.E2 C86 1986","1","1"
"PQ7817.S22 T46 2011","0","0"
"PF3079 .B48 2014","1","0"
"DK67.5.B95 S55 2014","0","0"
"ND2950 .S63 2014","1","0"
"PA8360.J6 A77 2014","1","0"
"Z1024 .B535 2014","1","0"
"D804.66.S46 M54 2014","0","0"
"PT2482 .F78 2014","0","0"
"PF3505 .B86 2014","0","0"
"PT2611.R596 I9 2014","0","0"
"DD120.I6 D48 2012","0","0"
"DK132 .T727 2014","0","0"
"PJ7577 .E55 2014","1","0"
"PG5038.D35 Z484 2013","0","0"
"B4231 .E675 2014","0","0"
"PQ8547.U62 C6 1993","0","0"
"PQ8550.1.L38 P76 1985","0","0"
"PQ8220.2.A7254 A43 1992","0","0"
"DS734.7 .L4565127 2013","2","0"
"PR6025.A22 Z74 2014","0","0"
"PG502 .J497 1993","0","0"
"PR478.A53 M87 2014","0","0"
"PL2683.Z5 H543 2013","0","0"
"BL1945.H6 L8 2014","0","0"
"PQ7820.S325 C84 1999","0","0"
"F3351.C67 M37 2009","0","0"
"BQ6345.D37 N5413 2013","1","0"
"PQ7820.A3499 L68 1997","0","0"
"PK6451.A59 Z786 1987","1","0"
"PA6568.R7 L43 2014","1","0"
"PQ6651.L29 A86 2000","0","0"
"PG1618.Z3 Z7 2011","1","0"
"QC903.2.U6 C35 2014","10","0"
"HQ471 .P57 2014","2","0"
"HT690.B35 F74 2014","3","0"
"GB451.2 .P55 2014","1","0"
"RC606.54 .S43 2014","2","0"
"HT690.A7 C37 2014","1","0"
"TD187.5.J3 S76 2014","2","0"
"PN98.W64 B37 2014","4","0"
"PN1995.9.N4 N36 2014","7","0"
"PN1590.B53 B53 2014","4","0"
"DS341 .B67 2013","2","0"
"F1569.C2 D66 2014","3","1"
"F1235 .D53 2014","1","0"
"F1935 .D66 2014","5","0"
"DS363 .F57 2014","1","0"
"GN33 .G76 2014","3","0"
"F1219.3.I56 I53 2014","2","1"
"E185.97.G3 M36 1983","2","0"
"DS486.P26 K86 2014","0","0"
"HQ77.95.V4 O24 2014","1","0"
"G156.5.E26 F54 2014","5","1"
"E78.L3 S53 2014","2","1"
"TR897.7 .W493 2014","2","0"
"F1784 .S73 2014","4","0"
"PN81 .T446 2014","2","0"
"BX8762.Z8 S49 2014","2","0"
"RA993.P26 S77 2014","3","0"
"E743 .B614 2014","1","0"
"E77 .C69 2014","3","0"
"HD1699.E3 B37 2014","3","0"
"D744.7.U6 T83 2014","0","0"
"F379.N54 T46 2014","1","1"
"DK510.763 .D48 2014","9","0"
"GV1196.4.S63 S65 2014","1","0"
"PN4784.D57 S55 2014","3","0"
"JV527 .F67 2014","5","0"
"BL1237.58.D48 R3635 2014","2","0"
"HB3717 1929 .G687 2014","0","0"
"E184.7 .W43 2014","8","0"
"BF173 .S3279 2014","2","0"
"F2583 .A5413 2014","1","0"
"F2121 .J36 2014","0","0"
"N8217.E28 M85 2014","3","1"
"DS786 .N327 2014","3","0"
"DU624.65 .N358 2014","1","0"
"PN2049 .D55 2014","5","0"
"PN1992.77.W53 W52 2014","1","0"
"E902 .A576 2014","6","0"
"N6537.G693 A2 2014","2","1"
"DT512.9.A3 Q39 2014","4","0"
"HQ125.I4 L44 2014","0","0"
"DC34.5.M87 F47 2014","2","0"
"F3320.1.G6 G8813 2014","4","0"
"F2876 .G67 2014","3","0"
"E185.86 .S754 2014","2","0"
"HD9673.N5 P47 2014","2","0"
"HQ240.M86 S43 2014","0","0"
"F1413 .S26 2014","3","0"
"HQ76.2.U5 N49 2014","4","1"
"HT1523 .C47 2014","5","0"
"BF611 .A294 2014","4","0"
"HN752.5 .Y525 2014","0","0"
"DS778.7 .Y3634 2014","2","0"
"HC106.84 .V36 2014","0","0"
"HF1008 .B48 2014","1","0"
"HQ75.16.C94 T46 2014","0","0"
"D802.C95 M825 2014","1","0"
"P302.7 .A74 1994","0","0"
"DG59.P2 K58 2014","0","0"
"PQ8498.1.L516 P67 2001","0","0"
"PQ8098.1.J46 E57 2008","0","0"
"PN2656.H32 H35 2014","0","0"
"PQ8180.1.N56 I58 1999","0","0"
"D802.C95 P52 2014","0","0"
"PQ8498.13.O39 V58 2002","0","1"
"PQ7822.C653 V3 2010","0","0"
"BP189 .M484 1979","0","0"
"PT169 .L43 2013","0","0"
"PG3233.5 .V47 2014","0","0"
"HE9396.5.A6 Y39 2014","0","0"
"BP189 .M52 1979","0","0"
"PL2687.C5 Z555 2014","1","0"
"PT2613.E47 Z73 2014","0","0"
"PT551 .N48 2014","0","0"
"DK70 .T468 2014","0","0"
"PT107 .K64 2013","0","0"
"BL626.4 .L67 2014","0","0"
"D805.5.B47 B472 2014","0","0"
"BD171 .D35 2015","0","0"
"CT943.5 .V92 2014","0","0"
"BP189.7.C472 K37 2014","0","0"
"PH3351.V385 A77 1997","0","0"
"PN6790.K64 P379 2011","0","0"
"PN6790.K64 P379 2011","1","0"
"PN6790.K64 P379 2011","1","0"
"BP189 .R79 1970","0","0"
"DS38 .A535 2014","0","0"
"DT387.7 .B47 2014","2","0"
"DR1294.V45 T47 2012","0","0"
"PH3202.A4 V45 2013","0","0"
"PH3213.B24 Z56 2013","0","0"
"BP52 .B35 2015","6","0"
"DC89.7.H46 A25 2009","0","0"
"D810.D5 Z26 2014","0","0"
"F2273.S26 C68 1989","0","0"
"DS779.29.L529 A3 2014","2","0"
"NX164.W65 M85 2009","0","0"
"F2230.2.K4 L39 1999","0","0"
"TT854.3 .K55513 2012","0","0"
"GN564.L29 C65 1999","0","0"
"P95.43.C6 L53 2011","0","0"
"N5750 .E88416 2014","2","0"
"F3319.1.T55 L34 2002","1","0"
"PR9095.5.K84 S66 2014","0","0"
"PJ7755.I18 Z63 1973","2","0"
"PN1998.3.F66 S84 2014","0","0"
"PR6070.R364 A43 2014","0","0"
"BQ4710.A8 B57 1978","1","0"
"K3247 .R85 2012","0","0"
"BP189 .U86 2004","1","0"
"HC270.283 .L88 2013","0","0"
"PL994.6.Y93 P634 2014","0","0"
"F2230.2.K4 D82 2008","0","0"
"PN1661 .D73 2014","2","0"
"PS3561.U778 Z53 2014","2","0"
"PT2625.O656 Z66 2014","0","0"
"PQ2719.O93 R48 2014","0","0"
"DS113 .J486 2015","1","0"
"DC611.S365 S73 2014","0","0"
"PS3611.E72 Q54 2014","0","0"
"PT2621.A26 P782 2014","0","0"
"PM6309.5.C53 T39 2006","0","0"
"PQ6601.R397 A63 1999","0","0"
"HN350.Z9 C687 2008","0","0"
"PM5576 .L33 2007","1","0"
"BX3614.B5 C66 2007","0","0"
"PC2074 .R64 2014","0","0"
"DC354 .O756 2014","1","0"
"DC354 .O756 2014","1","0"
"PN685 .W35 2014","0","0"
"BD161 .F85 2015","0","0"
"DS134.64 .R65 2014","0","0"
"NC1762.T9 S25 2011","0","0"
"F3327.M67 L67 2011","1","0"
"PQ8180.29.A393 S44 1992","0","0"
"DS63.123 .A87 2014","0","0"
"PL2677.H3 A2 1970","1","0"
"BJ1986 .E87 1986","1","0"
"BL2222.O654 F73 1975","2","1"
"F2823.M3 A5932 1993","1","0"
"E207.W325 M87 2014","4","0"
"BQ5385 .N33413 1975","0","0"
"BX4102 .M4 1962","1","0"
"PQ8550.1.L45 L83 2001","0","0"
"Z3308.A5 N53 1972","1","0"
"B809.8 .Z53313 2014","1","0"
"ND2462 .H64 1993","1","0"
"BL1900.C576 P354 2014","2","0"
"BQ9266 .S42 1990","0","0"
"BS471 .B37 2013","2","0"
"D804.3 .V47 2008","0","0"
"PL992.9.M83 P96 2014","1","0"
"PL992.9.M83 P96 2014","0","0"
"PL992.9.M83 P96 2014","0","0"
"PL992.9.M83 P96 2014","0","0"
"PL992.9.M83 P96 2014","0","0"
"PL992.9.M83 P96 2014","0","0"
"PL992.9.M83 P96 2014","0","0"
"PL992.9.M83 P96 2014","0","0"
"PL992.9.M83 P96 2014","0","0"
"PL992.9.M83 P96 2014","0","0"
"PL992.9.M83 P96 2014","0","0"
"PL992.9.M83 P96 2014","0","0"
"PK1708 .C43 2014","0","0"
"HD60 .B875 2013","0","0"
"DU29 .N385  2013","0","0"
"HB21 .P37 2014","0","0"
"PN1995.9.S6 M43 2014","0","0"
"JS7353.A8 P35 2014","0","0"
"DS425 .T59 2014","0","0"
"LA1154.B54 S56 2014","1","0"
"PN2075 .M34 2014","0","0"
"PR3037 .S56 2014","1","0"
"HB72 .P37 2014","1","0"
"BL1975 .F354 2009","0","0"
"PN56.M87 H4513 2014","0","0"
"PA3003 .G46 2014","0","0"
"DS779.49.Z468 G36 2014","0","0"
"HV9960.L29 D36 2008","0","0"
"JQ269.O6 S53 2013","0","0"
"BQ6352 .R67 1985","0","0"
"HD59.6.I4 K38 2014","0","0"
"JV7512.Z5 P47 2012","0","0"
"HQ799.I5 I5925 2014","1","0"
"JQ1509.5.C6 G36 2014","1","0"
"PJ7862.H48 S213 2013","0","0"
"PQ3919.3.M97 M5713 2014","0","0"
"PQ3989.3.M88 C48 2013","0","0"
"PM6305 .Q48 2009","0","0"
"PR6123.I55227 S43 2014","0","0"
"BX2350.2 .S695 1983","2","0"
"DS779.49.X53 Y836 2013","1","1"
"PQ2713.E514 K37 2014","0","0"
"PK1730.12.G365 S23 2013","0","0"
"BT103 .W36 2014","3","1"
"JC491 .W455 2013","3","0"
"BR1115.I7 B74 2014","0","0"
"HM477.I4 P56 2013","0","0"
"GT738 .M35 2014","0","0"
"PQ7820.C73 S4 1995","0","0"
"BQ1138 .B82 1990","2","0"
"HQ792.I5 S64 2013","1","0"
"PQ2649.O8 Z72 2014","0","0"
"BQ9800.A362 K578 1998","0","0"
"HT720 .T694 2013","1","0"
"PR6003.R412 Z55 2014","0","0"
"PQ307.P64 S65 2014","0","0"
"BP189.36 .A23 1986","0","0"
"D802.F8 C645 2014","0","0"
"PH3042 .O433 2014","0","0"
"DC270 .H39 2014","0","0"
"CT3990.A2 J56 2014","0","0"
"JA76 .P5928435 2013","0","0"
"BQ8915 .M56 1980","1","0"
"PQ2181 .C64 2014","0","0"
"HM621 .C85776 2014","0","0"
"PQ2601.R2 Z65 2014","0","0"
"JQ1931 .P53 2015","2","0"
"PQ2667.I28 A46 2014","1","0"
"RA418 .S6356 2014","0","0"
"PQ8220.1.L28 P36 1977","1","0"
"BP191 .N355 1961","1","0"
"RJ505.P6 P539 2012","0","0"
"Z315.S92 U68 2010","0","0"
"HV6570.4.I4 B87 2013","0","0"
"PQ7813 .A54 1996","1","0"
"UA929.95.E43 Z46 2014","0","0"
"PK5461 .S767 2013","0","0"
"DS480.84 .D572 2013","2","0"
"HD82 .D47 2012","0","0"
"PQ7820.L38 A14 2009","0","0"
"PQ7820.F49 D53 2011","0","0"
"PQ8498.25.V54 C83 2010","0","1"
"HQ1557 .M82 1993","1","0"
"PL1879 .H87 2014","0","0"
"BP80.T87 M83 1956","1","0"
"JK271 .B36 2015","6","0"
"HM621 .I68 2014","1","0"
"JL3831 .C667 2001","0","1"
"DS258 .S6716 1957","0","0"
"DG78 .W42 2014","0","0"
"P302.15.C4 L52 2007","3","0"
"BQ9288 .K45 2000","1","0"
"HV580.C53 A28 2011","0","0"
"PS3613.C357745 P76 2013","1","1"
"KHF2216.M37 R48 2003","1","0"
"PT405 .B82 2014","0","0"
"PQ7298.28.U96 E46 2011","1","0"
"PQ7154 .S54 2011","1","0"
"PS3525.I5454 Z6591 2014","0","0"
"PQ4540 .P37 2014","1","0"
"DK651.R979 G67 2013","0","0"
"PQ4866.O2 C58 2014","0","0"
"PT23.W43 S37 2014","0","0"
"PR9619.4.G367 A6 2014","1","0"
"BL1615 .R64 2014","0","0"
"BP55 .D63 2013","0","0"
"N6537.K28 K37 1999","1","0"
"PN1993.5.I846 S29 1996","1","0"
"HN343.5 .M56 2012","0","0"
"PQ7297.L37 M38 2013","0","0"
"PN5449.H56 Z36 2014","0","0"
"DQ824 .B46 2011","1","0"
"PG3410 .P37 2014","4","0"
"DT16.5 .A327 2015","3","0"
"F7 .G736 2015","1","0"
"PS310.S85 N63 2015","4","0"
"CN15 .N67 2011","3","0"
"BH301.P78 C36 2014","2","0"
"PS1294.C3 Z56 2014","0","0"
"PS3545.E6 Z977 2015","0","0"
"DS793.H5 M88 2015","5","0"
"DT433.545.K36 O83 2014","2","0"
"PN45 .R64 2015","2","0"
"PT1834.Z5 H35 2014","2","0"
"D805.G3 S363 2014","1","0"
"BR535 .M33 2014","0","0"
"PQ4055.W6 I88 2015","3","0"
"E185.615 .W795 2015","3","1"
"PQ9697.M18 Z6332 2015","0","0"
"PA4011 .N66 2015","1","0"
"B398.P56 W37 2014","0","0"
"B187.R35 P76 2014","2","0"
"PS153.I52 K45 2014","2","1"
"E185.97.R27 R46 2015","3","3"
"DS56 .R456 2014","0","1"
"PR2965 .G35 2014","3","0"
"DS80.55.S54 A25 2014","2","0"
"BJ1421 .S554 2014","3","0"
"DS113.2 .T69 2015","4","0"
"PN2602.D82 M36 2014","0","0"
"D522.23 .C37 2014","0","0"
"F1219.76.S64 C44 2014","3","0"
"PA6296 .D15 2014","2","0"
"PS509.N5 C66 2015","1","0"
"B4373.S833 H64 2014","1","0"
"CB358 .M3645 2014","2","0"
"PN1998.3.K88 B4525 2015","0","0"
"PA6825 .F47 2014","3","0"
"DS808 .K68 2014","2","0"
"BR60 .A54313 2014","1","1"
"E743.5 .V53 2014","0","0"
"PS3619.M5859 L36 2014","0","0"
"E907 .O23 2014","0","0"
"F386 .C86 2014","0","0"
"DT555.83.S36 H37 2014","3","0"
"PQ3989.2.K516 V4613 2015","0","0"
"F835.S75 S65 2014","0","0"
"DT92 .C37 2014","1","0"
"PS3553.R275 W66 2014","0","0"
"PK2038 .B79 2014","1","0"
"PS3564.O36 A6 2014","0","0"
"DS316.9.M65 A3 2000","0","0"
"DS254.8 .B39 1998","0","0"
"BF723.S43 A37 2014","0","0"
"HQ792.A3 C45 2014","0","0"
"P99.4.P72 C75 2015","1","0"
"JQ1516 .S55 2015","0","1"
"HG3811 .F75 2015","1","0"
"P40.5.L33 E533 2015","1","0"
"HD9018.D44 T55 2015","1","1"
"HQ472.G3 L46 2015","1","0"
"BF412 .J44 2015","3","0"
"HD9005 .G76 2014","2","0"
"GV951 .H582 2015","3","0"
"CC101.U6 N38 2014","2","0"
"HQ2044.U6 H64 2014","1","0"
"HD58.6 .F38 2015","0","1"
"HB1335 .K86 2015","0","0"
"KF8720 .F57 2015","0","0"
"HB139 .H75 2014","2","0"
"HD5325.M615 B85 2014","0","0"
"H62 .M646 2015","10","1"
"GV1796.T3 D37 2015","0","0"
"JK1726 .C35 2015","3","0"
"GV1623 .K64 2015","1","0"
"LB1027.8 .G46 2014","2","0"
"P301.3.O3 H85 2015","0","0"
"LC2605 .C39 2015","0","0"
"DT107.87 .S67 2014","0","0"
"LC5803.C65 O45 2014","1","0"
"JA71 .P756 2015","6","0"
"LC212.2 .M53 2014","3","0"
"HV551.3 .R43 2014","0","0"
"HD2346.U5 S25 2014","0","0"
"HM500 .C37 2015","0","0"
"LB1584 .S6373 2014","5","0"
"KF3989 .S75 2014","1","0"
"HG179 .Y35 2014","0","0"
"HC240 .Z59 2015","4","0"
"HV8242.56.A2 P594 1994","2","0"
"HE8700.9.I4 N37 2014","1","0"
"PQ1832.E4 D36 2014","0","0"
"KNN2101 .Q258 2014","0","0"
"RA395.I5 S44 2013","0","0"
"HD7130.5 .E83 2012","0","0"
"RC558 .K36 2015","0","0"
"RC533 .A33 2014","0","0"
"RC489.T45 M873 2015","0","0"
"RA644.I6 M33 2014","3","0"
"PK6561.P356 Z48 1989","2","0"
"PL3031.T3 X96 2014","1","0"
"DS493.9.T35 C36 2013","0","0"
"PK2199 .R78 2013","0","0"
"PK2199 .R78 2013","0","0"
"DS318.6 .Q27 1992","0","0"
"PQ116 .H47 2014","0","0"
"DS485.N35 T59 2014","0","0"
"PQ2605.A38 Z57 2014","0","0"
"PS3537.T669 O74165 1999","1","0"
"DS779.49.B63 X84 2013","1","0"
"DS778.D565 D56 2013","0","0"
"LB518 .S87 2014","0","0"
"PS3551.L35774 A6318 2009","1","0"
"PQ2673.E467 N68 2014","0","0"
"HV6433.I4 S56 2013","0","0"
"DS341 .I536 2014","0","0"
"HD75 .P63 2015","4","0"
"PL2929.A5 Y836 2008","1","0"
"PN6222.C45 E4 2001","0","0"
"PK2199.N35 A93 2013","0","0"
"PQ283 .S35 2014","0","0"
"DS485.G882 M63547 2014","0","1"
"BP194.1 .S52 1992","1","0"
"DS258 .R622165 1990","0","0"
"HB3640.U88 N38 2008","1","0"
"DS316.9.B36 A3 2001","0","0"
"PQ2674.U28 Z48 2014","0","0"
"PQ9692.S27 B73 2014","2","0"
"PN5449.I682 H36 1991","0","0"
"HC433 .N38 2012","0","0"
"DK4420.K335 A3 2014","0","0"
"PH3241.F37 Z884 2014","0","0"
"HV547 .B674 2013","0","0"
"DS318 .A94165 1995","0","0"
"PN56.H6 L54 2011","14","1"
"HC435.3 .E44 2014","0","0"
"HC435.3 .E44 2014","0","0"
"DS316.9.I67 A3 2004","0","0"
"F3448.2 .Q56 2000","0","0"
"DS316.9.M87 A3 1988","2","0"
"F3451.B75 S27 1983","2","0"
"BL1920 .H47 1960","2","0"
"JC599.C72 M434 1996","0","0"
"PK2098.S48 Z86 2013","0","0"
"PL791.6.T7 E48 1981","1","0"
"DS316.3 .A43 1990","0","0"
"DS316.3 .A43 1990","0","0"
"DS316.3 .A43 1990","0","0"
"DS316.3 .A43 1990","0","0"
"DS316.3 .A43 1990","0","0"
"DS316.3 .A43 1990","2","0"
"DS316.3 .A43 1990","0","0"
"DS316.3 .A43 1990","0","0"
"DS316.3 .A43 1990","1","0"
"DS316.3 .A43 1990","0","0"
"DS316.3 .A43 1990","0","0"
"PL3031.J5392 Z46 2014","0","0"
"PL3031.J5392 Z46 2014","0","0"
"PL3031.J5392 Z46 2014","0","0"
"PS3602.R6353 M68 2014","0","0"
"PN6519.P5 D54 2009","0","0"
"PN6519.P5 D54 2009","0","0"
"PN6519.P5 D54 2009","0","0"
"PN6519.P5 D54 2009","0","0"
"PN6519.T55 E4 1977","1","0"
"HQ1662 .W66 2014","2","0"
"PK2098.A5 A8 2013","0","0"
"PK2098.A5 A8 2013","0","0"
"BQ4132 .H35 1999","6","0"
"GR305.5.I4 A53 2014","0","0"
"F3321 .Q47 2003","0","1"
"PS3551.L35774 W3718 2012","0","0"
"HX393.5 .N3935 2014","0","0"
"DS779.49.X53 L56 2014","0","0"
"PQ2387.R5 Z48 2014","0","0"
"PR9499.3.N255 I37 2014","0","0"
"DC135.P8 M83 2014","0","0"
"DS451 .B346 2013","0","0"
"PK2098.13.E27 M4734 2013","0","0"
"F3722.1.S43 M69 1992","0","0"
"DS388 .J64 2013","0","0"
"Z8.S33 B33 2006","0","0"
"Z8.S33 B33 2006","0","0"
"DC423 .P476 2014","0","0"
"HQ1143 .L575 2012","0","0"
"PN1993.5.I8 L54 2013","0","0"
"DS266 .T275 2012","0","0"
"PK6495.K35 Z755 1997","1","0"
"BP188.9 .G46 2010","1","0"
"BP130.2 .G469 2011","1","0"
"PK6561.T2835 J39 2010","1","0"
"DS318.84.H37 A3 2007d","1","0"
"BP80.M286 T37 2012","0","0"
"BP166.7 .H373 1982","1","0"
"BP166.7 .H373 1982","1","0"
"BP166.7 .H373 1982","1","0"
"DS318.84.H37 A3 2008","0","0"
"DS318.84.H37 A3 2007","0","0"
"DS318.84.H37 A3 2007","0","0"
"PK6561.Q277 S59 2011","0","0"
"PK6561.45.A93 T3 2009","0","1"
"DS318.84.H37 A3 2011","0","0"
"PK6549.S3 D5 2012","4","0"
"BP194 .A4164 2012","0","0"
"DS316.8 .M845 2012","0","0"
"PK6405.2.R35 Y34 2012","0","0"
"PK6412.M44 G8 2012","0","0"
"PK6375 .A58 2012","0","0"
"PN6519.P5 R87 2012","1","0"
"PN6519.P5 R87 2012","0","0"
"PN6519.P5 R87 2012","0","0"
"DS318.84.H37 A3 2007","0","0"
"DS318.84.H37 A73 2007","0","0"
"Z6621.K53743 P47 2012","0","1"
"BP88.G47 P4 2011","0","0"
"DS318.825 .S85 2009","0","0"
"DK510.763 .T3752 2014","0","0"
"PG5040.29.O34 Z72 2014","1","0"
"PS3608.U223 L58 2014","1","0"
"PJ7631.A23 I268 1997","0","0"
"PJ7631.A23 I268 1997","0","0"
"PJ7631.A23 I268 1997","0","0"
"PJ7631.A23 I268 1997","0","0"
"PJ7631.A23 I268 1997","0","0"
"PJ7631.A23 I268 1997","0","0"
"PG5040.13.U65 Z464 2014","1","0"
"PR6054.O677 A6 2014","0","0"
"DD120.I7 Z85 2012","0","0"
"PG5038.L57 A6 2011","0","0"
"PK2200.G8435 P58 2014","0","0"
"DK908.85 .C371713 2014","7","0"
"HV6295.I4 G67 2013","0","0"
"BQ6460 .W48 1990","0","0"
"DS822.5 .I584 2010","0","0"
"PK1968 .D83 2012","0","0"
"PR6103.L365 C58 2014","0","0"
"DC36.9 .B67 2014","0","0"
"BQ9289.5 .K63 1996","1","2"
"PG5040.18.O738 P25 2014","0","0"
"PG5039.18.U7 Z27 2014","0","0"
"PG5040.16.O75 P78 2013","1","0"
"D107 .S264 2014","0","0"
"BQ9288 .H33 2001","0","1"
"PG5039.32.L35 P75 2014","1","0"
"PG5039.21.O47 V72 2014","0","0"
"DC147.8 .D83 2014","0","0"
"B105.W59 S25 2013","0","0"
"BX9457.P6 H54 2014","0","0"
"DC33.4 .L84 2014","0","0"
"BL1685 .R79 2012","0","0"
"PN1993.5.E3 R37 2013","0","0"
"PL3031.T3 L5728 2011","0","0"
"PK3799.P27345 Z87 2006","0","0"
"DC125 .M373 2014","1","0"
"PQ7298.28.E48 C66 2012","0","0"
"PQ7298.29.A34 A6 2012","0","0"
"PQ7298.23.E5847 P74 2013","0","0"
"JS7353.A8 W814 2013","0","0"
"Z819.A1 I86 2011","0","0"
"GR295.Y4 A28 2013","1","0"
"PJ6199.5 .H35 2014","0","0"
"DB2798.7 .B36 2014","0","0"
"JQ1519.5.A67 H84 2014","0","0"
"HA4560 .A4 1931c","0","0"
"CR850.G46 M45 2014","1","0"
"PS3563.C3619 C37 2014","1","0"
"BP190.5.H44 A45 2014","1","0"
"HC427.95 .H8353 2014","0","0"
"DC157 .D56 2014","0","0"
"DS36.8 .A396 2014","2","0"
"PR9619.3.M265 E37 2014","0","0"
"BL820.S3 R57 2014","0","0"
"DS421.5 .O34 2014","1","0"
"D640.A2 C665 2014","1","0"
"PQ1101 .T47 2013","0","1"
"PQ1101 .T47 2013","0","1"
"R726.7 .S63 2014","0","0"
"PQ2075 1968","0","0"
"PN2071.R45 V22 2014","0","0"
"PG1384 .D58 2013","0","0"
"PQ8498.423.U76 C38 2010","0","0"
"BV3 .C575 2014","0","0"
"PQ7298.13.U75 B43 2013","0","0"
"PG3233.5 .P6393 2014","0","0"
"PR4621 .D89 2014","5","0"
"PN1993.5.A35 A37 2014","1","0"
"PJ5055.41.O357 I7213 2014","0","0"
"PJ7572.B43 H39 2015","3","0"
"DT512.3.N57 F85 2014","7","0"
"D790 .S343 2015","4","0"
"PN56.5.A78 R67 2014","0","0"
"PS648.S3 C29 2014","0","0"
"D810.C8 T33 2014","1","0"
"DS740.5.J3 Z537 2015","0","0"
"DA566.7 .M66 2015","2","0"
"PS3570.A248 C58 2014","1","0"
"JC73 .C673 2015","4","0"
"DG207.L583 C66 2015","5","0"
"BD181 .G65 2015","0","0"
"DS849.C6 C578 2014","0","0"
"BS1555.53 .N49 2014","0","0"
"DT1110.L58 M55 2014","0","0"
"F2161 .B193 2014","0","0"
"PR6053.H372145 D69 2015","0","0"
"PA8052 .D96 2014","1","1"
"PS2602 2015","2","0"
"DA350 .E446 2014","0","0"
"B105.S45 E53 2014","0","0"
"DS35.74.W47 E64 2014","0","0"
"BD161 .M37 2014","0","0"
"PN3441 .E96 2014","1","0"
"BL458 .F454 2015","0","0"
"HQ1180 .F4494 2014","0","0"
"B2848 .F5175 2014","1","1"
"PT2716.O98 F8613 2014","1","0"
"PR149.F66 A73 2014","1","0"
"BV2280 .R64 2015","2","0"
"D804.3 .G618 2015","1","0"
"F2831 .L69 2015","7","0"
"PS1305 .L48 2015","2","0"
"PS3569.H4834 I3 2015","0","0"
"PR9485.2 .I55 2014","0","0"
"B4377 .F66 2014","0","0"
"HD6595.7 .T44 2015","0","0"
"HQ75.6.R8 S74 2015","2","0"
"HQ1090.7.P6 L57 2014","0","0"
"PN56.5.W64 L58 2015","0","0"
"D1056 .O54 2015","1","0"
"D842.42.M87 M85 2014","1","1"
"BP172 .F54 2015","0","0"
"B2430.B274 G57 2015","1","0"
"PQ3989.S46 Z78 2015","4","0"
"F1034.3.H37 H37 2014","0","0"
"PN2986.C3 P47 2015","0","0"
"B808.67 .P47 2015","0","0"
"DA533 .G74 2014","0","0"
"HQ1236.5.K6 S55 2015","1","0"
"PR447 .P43 2015","0","0"
"PR6070.A79 S55 2014","0","0"
"PQ6039 .S65 2014","0","0"
"PN1993 .P51545 2014","2","0"
"BD416 .G63 2014","0","0"
"P306.97.P65 V35 2014","1","0"
"D542.Y7 C374 2014","4","0"
"PR6111.I545 U53 2014","1","0"
"BP190.5.R4 U65 2014","0","0"
"BP188.8.M6 D66 2015","3","0"
"LF735 .B38 2014","0","0"
"DS706 .G3413 2015","1","0"
"PS3535.A56277 A6 2014","0","0"
"PS3603.E33 A7 2014","0","0"
"PN1997.A3165 B57 2014","2","0"
"B105.A55 A545 2015","0","1"
"DT433.545.S85 D46 2014","0","0"
"E185.615 .L43 2014","1","0"
"PS3604.O4569 B66 2014","0","0"
"PR9369.3.P6 Z75 2015","0","0"
"BT203 .W8713 2014","1","0"
"E185.615 .W494 2015","2","0"
"PE1404 .C7533 2014","2","0"
"PQ2637.I5 C713 2014","2","0"
"PS3608.O677 A6 2014","1","0"
"PS3554.U279 A6 2015","1","0"
"BR118 .Y66 2014","1","1"
"BS2665.53 .A234 2014","1","0"
"D228 .G7813 2014","1","0"
"PS3553.A424 E36 2014","1","0"
"BR65.A9 C53 2014","2","0"
"HQ1190 .H67 2015","9","1"
"PN1995.9.G3 W55 2015","1","0"
"PR6108.I36 G48 2014","0","0"
"PQ2637.I53 A913 2014","2","1"
"PN1995.9.D6 G75 2014","0","0"
"PQ8097.N4 A7513 2015","1","0"
"DS126.4.S394813 S34 2014","0","0"
"DG575.R32 P35 2014","0","0"
"PR9199.3.L394 Z46 2014","1","0"
"BS2395 .O35 2014","0","0"
"DT515.45.I33 L57 2014","1","0"
"PS3605.L14 J54 2014","1","0"
"BM729.W6 J84 2014","1","0"
"PQ7079.2.H5 K513 2014","0","0"
"PS595.A75 L39 2014","1","0"
"DA68.32.R6 A89 2015","0","0"
"PN1993.5.U6 A85 2014","3","1"
"PR9199.2.L4 M36 2015","0","0"
"PS3563.A323 M68 2014","5","1"
"DT1645 .D35 2014","2","0"
"PR9199.3.K423 P37 2014","0","0"
"E178.1 .S3795 2014","1","1"
"BS2650.52 .S86 2014","0","0"
"PR9199.3.D28 P64 2014","0","0"
"PS1602 .C73 2014","3","0"
"PR4966 .K56 2014","2","0"
"PE1137 .S96 2015","1","0"
"PN1997.Q28 N49 2014","0","0"
"BL1225.S59 F47 2014","0","0"
"BR773 .R45 2014","1","0"
"PN1655 .Z56 2015","1","0"
"B3092.E5 L36 2014","0","1"
"PS3610.O6651 S45 2014","1","0"
"HQ71 .S3984 2014","1","0"
"PN1997.S49665 K47 2014","0","0"
"PS3552.R263 S96 2014","0","0"
"PS3563.A3165 A6 2014","1","0"
"E743 .H37 2015","1","1"
"PN1997.W3363 F67 2014","0","0"
"HQ21 .D44 2015","1","1"
"PR6063.O4849 A6 2014","0","0"
"BS1555.52 .H36 2014","1","0"
"PS3602.U26474 A6 2014","1","0"
"PQ7298.23.A795 E46 2012","0","0"
"PL2464.Z7 H622 2014","0","0"
"PQ7298.26.A48 A82 2013","0","0"
"B2853 .A2 1976","0","0"
"BQ9259.5 .T3613 1995","0","0"
"F3327 .N33 2009","0","0"
"PQ4086 .A27 2014","1","0"
"CC135 .K37 2009","0","0"
"PM5814.C51 C477 2006","2","0"
"KHC2914 2009 .L43 2011","0","0"
"F3326 .G6818 2011","0","0"
"PJ7860.A42 A64 1997","0","0"
"HE9868.A4 A48 2014","0","0"
"JZ1480 .C63 2014","2","0"
"HM742 .A54 2014","1","0"
"GR705 .A537 2014","1","0"
"HV63.G7 H36 2015","0","0"
"HQ778.5 .A9 2015","0","0"
"P96.L34 B49 2015","2","0"
"HF5387 .C485 2015","0","1"
"JC263.S34 M43813 2014","8","0"
"JQ1510 .C489566 2015","0","1"
"HM1271 .W4675 2014","1","0"
"HC240.25.B28 S44 2015","3","0"
"JC573 .V36 2014","1","0"
"HC53 .G64 2014","0","0"
"HD61 .C6646 2014","0","0"
"JA84.K6 C65 2014","0","0"
"HF1583.Z4 M6284 2014","0","0"
"HG4026 .R3747 2015","1","0"
"HV6433.A3 U64 2014","3","0"
"BF423 .K93 2015","4","0"
"HJ1000 .D47 2015","0","0"
"JQ1929.C6 P55 2014","1","0"
"HD58.8 .D545 2014","0","0"
"HV9081 .T36 2014","1","0"
"HD8730.5 .E47 2014","0","0"
"HD9502.A2 E54944 2014","1","0"
"JN906 .E75 2014","0","0"
"JN30 .E94152 2015","2","1"
"BF575.F66 B53 2015","0","0"
"KJC5571 .P45 2014","0","0"
"BF448 .W56413 2014","2","0"
"JC574.2.U6 N56 2014","1","0"
"JN425 .C63 2015","0","0"
"P57.U7 G43 2014","1","0"
"HC412 .G566 2014","1","0"
"HF5415.9 .G56 2015","0","0"
"PN1992.77.G67 B57 2015","1","0"
"HT241 .H45 2014","0","0"
"HQ767.87 .S65 2014","1","0"
"HD62.25 .B52 2015","1","0"
"H62 .B37 2014","0","0"
"HD70.M8 F67 2014","0","0"
"HF5415.123 .I576 2015","0","0"
"HD5650 .I578 2014","0","0"
"HC427.95 .I59 2015","0","0"
"HJ192.5 .C37 2015","2","0"
"HF5718 .M37 2014","0","0"
"HD57.7 .M39527 2014","0","0"
"HG4636 .F66 2014","0","0"
"HQ1031 .P36 2015","0","0"
"KD3946 .A75 2014","2","0"
"HD31 .M36 2014","0","0"
"BF692.5 .O5966 2015","1","0"
"HG3969.3 .M54 2014","2","0"
"HG221 .S4857 2015","0","0"
"GR365 .M66 2014","1","0"
"LB3479.G73 P54 2014","2","0"
"HD9502.5.B542 P65 2015","1","0"
"P119.3 .P475 2015","2","0"
"HC60 .P75 2014","0","0"
"HT185 .R45 2014","3","0"
"HJ1153 .R43 2014","0","0"
"HD9502.E182 D46 2014","0","0"
"LC1099 .R53 2015","0","0"
"KZ4082 .R47 2015","1","1"
"HV8963 .H37 2014","0","0"
"JK1764 .G45 2015","0","1"
"JZ6009.A3553 L49 2015","0","0"
"HM1033 .S664 2015","1","0"
"GV859.6 .P38 2014","0","0"
"HD45 .W65 2015","1","0"
"P302.7 .T46 2015","1","0"
"HM1033 .T436 2015","0","0"
"HD75 .S77 2014","1","0"
"HF375 .A44 2014","0","0"
"K1066 .L3795 2014","0","0"
"HQ1075 .U54 2014","0","0"
"P302.84 .Z84 2015","1","0"
"HN29 .A33 2014","2","0"
"HF1455 .K57 2014","1","0"
"BF575.F2 A58 2014","0","0"
"LB1028.24 .I65 2015","3","0"
"HM1111 .N58 2015","0","0"
"LB1139.23 .B87 2015","0","0"
"HD9397.G72 G845 2015","1","0"
"LB2322.2 .B72 2015","0","0"
"KF2996 .C85 2015","2","0"
"JF251 .C66 2015","2","0"
"P96.L34 T495 2015","0","0"
"P40.5.L58 E38 2014","4","0"
"HM831 .W469 2014","1","0"
"LB1139.25 .B37 2014","4","0"
"HD9000.5 .M359 2015","1","1"
"P95.54 .W354 2015","12","0"
"HD5826.A6 G73 2015","0","0"
"LC201.5 .L37 2015","0","0"
"JZ5006.7 .F73 2015","2","2"
"BF371 .L25 2015","1","1"
"LC2717 .M46 2014","1","0"
"JZ1616 .L83 2014","2","2"
"P96.A39 L863 2015","1","0"
"HD2746.55.P4 P37 2015","2","0"
"PN5476.W45 A3 2014","0","0"
"LC5225.L42 C78 2014","1","0"
"HE336.P43 H373 2015","2","0"
"JZ1720 .P47 2014","1","1"
"JF799 .P6366 2015","2","0"
"HN90.M6 S74 2015","0","0"
"HN110.5.A8 R476 2014","6","0"
"P118.2 .J87 2015","1","0"
"HM548 .S6145 2015","0","0"
"JF1525.A8 B34 2014","1","0"
"P118.2 .T46 2015","0","0"
"KZ7170 .R86 2014","1","0"
"HC85 .A64 2015","2","0"
"HD6072.5 .W65 2015","3","0"
"PQ7297.A8365 D45 2013","2","0"
"PJ7860.A42 D37 1997","0","0"
"BP10.J383 .B385 2014","0","0"
"PN1995.9.G3 J53 2014","3","0"
"PQ8498.41.G838 N43 2012","0","0"
"BP134.F25 M57 2007","1","0"
"BQ9299.H854 E5 1978","1","0"
"PJ7860.A42 A615 1993","1","0"
"PS3552.U46725 S555 2014","0","2"
"PS3552.U46725 C35 2014","0","0"
"PS3552.U46725 M666 2014","0","0"
"PJ7860.A42 S9 1997","0","0"
"PJ7860.A42 A9 2010","0","0"
"PN6790.E33 R34 1991","2","0"
"PE1 .C66 n.s., v.206","1","0"
"F2269.1.S27 P84 2009","0","0"
"F1221.Y3 T35 2013","0","0"
"PQ7298.28.E9 A6 2013","0","0"
"BL2060 .P466 2000","2","0"
"PQ4915.R67 Z85 2014","0","0"
"PN6790.E33 R35 1987","0","0"
"F2319 .Q48 2000","0","0"
"DC158.8 .B46 2014","0","0"
"DC369 .S58 2014","1","0"
"PK5013.P7 S48 2014","0","0"
"DS580 .V55 2001","0","0"
"DT107.88 .A23 2014","0","0"
"NB1002 .J642 2012","2","0"
"DS478 .M87 2013","0","0"
"D811.B444 A3 2010","0","1"
"HB3808 .T46 2007","0","0"
"PQ4843.E69 A6 2014","0","0"
"DS554.45 .M37 1997","0","0"
"B5134.K734 P55 2014","0","0"
"BQ4570.S45 B46 2014","0","0"
"BL2001.3 .O84 2012","0","0"
"PL4326 .P68 2004","0","0"
"DT107.88 .W39 2014","1","0"
"BL71 .S364 2014","0","0"
"HV6432.7 .A38165 2007","0","0"
"DS481.K36 N37 2014","0","0"
"DS450.M4 G46 2014","0","0"
"PG5039.32.O54 D22 2014","0","0"
"DS450.P7 I53 2014","0","0"
"VA643 .I27 2014","0","0"
"JQ1828.A98 H62455 2010","0","0"
"PG5040.18.O735 D862 2014","0","0"
"PG3482.7.T46 T25 2014","0","0"
"PG5038.P72 M48 2014","0","0"
"DS480.45 .M854 2013","0","0"
"PG5040.23.A43 M48 2014","0","0"
"PG5039.21.R27 B54 2014","0","0"
"PG5038.B5 A6 2014","0","0"
"LC179.I5 S53 2014","0","0"
"HC830 .N39 2014","0","0"
"VG55.I5 D37 2013","0","0"
"DS556.44 .D37 2001","0","0"
"HV6250.4.W65 N385 2012","0","0"
"JN6583 .A64 2003","0","0"
"DS646.6 .D724 1995","1","0"
"DS485.M34 D45 2013","0","0"
"UA853.K6 P36 2014","0","0"
"D757.9.B4 M23 2015","0","0"
"PQ4906.A43 C66 2014","0","0"
"PN56.S574 S57 2014","0","0"
"PQ4907.R356 A97 2014","0","0"
"D524 .E788 2014","0","0"
"B2898 .S988 2014","0","0"
"DR2086 .B47 2013","0","0"
"PQ4827.U9 Z9375 2014","0","0"
"B2900 .H432 no. 62","0","0"
"BP80.C65 S44 2013","0","0"
"PN1993.5.G3 R68 2014","1","0"
"PQ4807.O65 Z733 2014","0","0"
"PT2671.L84 Z462 2014","0","0"
"PS507 .D68 2014","1","0"
"PS507 .D68 2014","1","0"
"PR6123.R64 C48 2014b","2","0"
"PN6080 .K56 1993","0","0"
"PS3612.E66 C35 2014","5","0"
"DS779.32 .S55 2014","1","1"
"G1201.F9 A8 2014","2","1"
"BQ9399.I554 E5 1990","2","0"
"LB1065 .A38 v. 18","1","0"
"BL2015.W6 B49 2014","1","0"
"DT107.87 .S255 2014","0","0"
"DS422.C3 J36 2014","0","0"
"F3721.1.P25 A53 1995","0","0"
"DB2232 .M3513 2014","0","0"
"PG3489.8.E79 A6 2014","0","0"
"HD60 .C37 2015","2","0"
"HC435.3 .M35 2014","0","0"
"PS623 .K44 2014","1","0"
"PG3476.L9 A2 2014","1","0"
"P94.65.I4 S27 2014","0","0"
"CE21 .B5 2013","0","1"
"JQ281 .H37 2014","0","0"
"HV6437 .Q4 2009","0","0"
"D802.I8 P45 2014","0","0"
"PQ7819.A57 G8 2008","1","0"
"JQ247 .K36 2014","0","0"
"DS777.15.L83 W36 2004","0","0"
"PQ8492.C2 L58 2005","0","0"
"ND259.Z787 V38 2015","3","0"
"DA16 .T45 2014","1","0"
"HQ1090.7.P9 F56 2014","0","0"
"P92.A65 B37 2014","2","0"
"PQ8498.12.O83 F38 2011","0","0"
"DL417 .W35 2014","0","0"
"Z6605.S3 A9232","0","0"
"PQ4809.A57 Z6 2014","1","0"
"Z6605.S3 A9232","0","0"
"Z6605.S3 A9232","0","0"
"BR300 .V63 Bd. 87, Tlbd. 1","0","0"
"BR300 .V63 Bd. 87, Tlbd. 2","0","0"
"BR300 .V63 Bd. 87, Tlbd. 3","0","0"
"BR300 .V63 Bd. 87, Tlbd. 4","1","0"
"PQ7298.32.O47 M46 2013","0","0"
"PN1993.5.E3 B23 2014","0","1"
"PR6063.I785 Z58 2011","5","0"
"PQ4914.O63 R54 2013","0","0"
"UC405.R8 T985 2014","0","0"
"PA8045.C89 M275 2014","0","0"
"KRM2101 .R24 2014","0","0"
"F3320.1.S62 E98 2005","0","0"
"DS741.85.F89 L58 2003","0","0"
"PM4066 .D36 2007","0","0"
"HD1699.A1 R26 2015","0","0"
"HQ1742 .V69 2014","1","0"
"PL2879.H83 X56 2003","0","0"
"DT107.88 .S48 2014","0","0"
"PN5355.C95 W28 2013","0","0"
"JQ1850.A91 Q26 2014","0","0"
"PQ4902.A329 S77 2014","0","0"
"JQ229.I6 Y33 2014","0","0"
"DC421 .T75 2014","1","0"
"PQ2003.Z5 G85 2014","0","0"
"NX456.5.S8 S554 2013","0","0"
"PQ4416 .S56 2014","0","0"
"LF1453 .M24 2013","1","0"
"PR6101.L44 M53 2014","1","0"
"DS223 .Z3125 2014","0","0"
"BQ9259 .W66 1972","0","0"
"DS62.9 .K39 2014","0","0"
"BQ9415.4 .S6 1948","2","0"
"HX393.5 .J674 2014","1","1"
"GN17.3.T28 R46 1995","0","0"
"DS432.M84 S252 2014","0","0"
"DT515.9.F8 A78 2014","0","0"
"JQ1725.A55 E8 2005","0","0"
"PQ2065 .A1 2014","0","0"
"BL1216 .S43 2014","0","0"
"PL976.8 .K57 2014","2","0"
"HQ1537.5.A3 V57 2009","0","0"
"PR9499.3.B363 B69 2014","0","0"
"F1408.3 .M685 2012","0","0"
"PQ8498.41.R74 M4 2011","0","0"
"JZ5584.I4 C58 2013","0","0"
"HC165 .E53 2001","0","0"
"F3721.3.S7 M69 1987","0","0"
"PN6071.W3 V56 2014","3","0"
"BP10.J383 A8515 2006","1","0"
"D548 .A73 2014","0","0"
"PN1998.3.K43 C43 2014","0","0"
"BP195.S18 M39 2014","0","0"
"GN799.G53 K36 2014","0","0"
"DS392.H37 S53 2014","0","0"
"PS3554.E4425 Z78 2014","0","0"
"JC599.Y45 L34 2013","0","0"
"HN460.R3 A68 2014","0","0"
"PG5003 .K74 2014","1","0"
"DK511.P67 I93 2014","0","0"
"DD256.48 .R68 2014","0","0"
"PE3317 .W56 2014","0","0"
"PC2883 .B3 1974","1","0"
"PQ7298.23.A7135 E5 2014","0","0"
"P92.E35 L33 2014","0","0"
"BQ9269.4.C5 K313 1989","1","0"
"PQ7298.436.E65 C67 2013","1","0"
"PQ7297 .T66 2011","1","0"
"PQ7298.26.A76 N6 2012","0","0"
"GR258.2.H86 M3385 2014","0","0"
"BX597.U837 S54 2014","1","0"
"PQ7298.13.R64 A6 2012","0","0"
"DT97 .I25 1994","0","0"
"DT236 .T367 2014","0","0"
"PQ8219.A39 P5 1988","2","0"
"HB551 .I3 2015","1","0"
"B128.C8 B36 2013","0","0"
"PL2518.8.S35 Y36 2014","0","0"
"LA2383.C62 W8 2011","0","0"
"PL2308.5.W37 G83 2014","0","0"
"PL2306.Y83 T364 2014","2","1"
"PL2357 .L823 2014","0","0"
"Z987.5.C6 R824 2014","0","0"
"PL2705 .E529 2013","0","0"
"DS779.29.L52 L526 2014","1","0"
"DS797.82.L537 L536 2014","0","0"
"PJ313 .M36 2014","0","0"
"PJ313 .M36 2014","0","0"
"PL3031.S282 Y355 2014","0","0"
"PL2675 .D834 2014","1","1"
"PL2930.5.N55 D494 2014","2","0"
"PL2262.2 .S554 2012","0","0"
"PL2960.S48 N66 2014","0","0"
"PL2653 .L562 2014","1","0"
"PL2969.5.E95 K663 2014","0","0"
"PL2278 .F356 2014","0","0"
"PL2946.L365 Z35 2014","0","2"
"PL2909.E414 Y89 2014","0","0"
"PL2947.3.L58 B36 2013","1","0"
"DS812 .B35 2014","3","0"
"PL2780.F4 Z976 2014","0","0"
"PL2877.A6 L535 2014","3","0"
"PL2878.A5974 F3 2013","1","0"
"PL2878.A5974 F3 2013","1","0"
"PL2931.5.I18 S8 2013","0","1"
"HM602 .X89 2013","0","0"
"HN740.K365 J5612 2013","0","0"
"LA1131.82 .Z4484 2013","0","0"
"HD7230 .Q55 2013","0","0"
"PL2308.5.B8 L86 2013","1","0"
"PL2946.3.A543 C48 2013","0","0"
"DS761 .H73 2011","0","0"
"DS761 .H73 2011","0","0"
"HC427.95 .C489312 2014","0","0"
"HD1537.C5 W363 2013","0","0"
"DS774.5 .Y3585 2013","0","0"
"BL1432.Z4 S82 1960","1","1"
"HV9960.C6 L58 2013","0","0"
"HD6278.C6 Q258 2013","0","0"
"LA1133 .G663 2013","0","0"
"HB3654.A3 L48245 2013","1","0"
"HD2097 .L536 2013","0","0"
"PL2969.H36 D36 2014","0","0"
"CT3710 .Z436 2014","1","0"
"PL2877.A6 L539 2014","1","0"
"NK1068 .S475 1999","0","0"
"NK1068 .S472 2005","0","2"
"DT97 .D36 2003","0","0"
"DS777.5366.G86 L5 2014","0","0"
"PL2979.U594 B46 2014","2","0"
"NK3634.S583 G8 2014","1","0"
"PL2623 .Z856 2014","0","0"
"PL2855.E54 C466 2013","0","0"
"DS764.23.L5 N78 2014","1","0"
"PN1059.R45 Z466 2014","0","0"
"PL2921.5.E946 Y8 2013","0","0"
"PL2939.A43 Z3 2014","2","0"
"PL2969.5.E5 A6 2014","0","0"
"PL2623 .S894 2014","0","0"
"PL2965.X56 A6 2014","0","0"
"PL2965.Y366 T53 2014","0","0"
"PL2868.I2485 T36 2014","0","0"
"DS721 .M876 2014","0","0"
"PL2415 .M34 2013","0","0"
"PL2680.Z5 Y36 2014","0","0"
"PL2919.X534 Q256 2014","1","0"
"PL2789 .U2 2014","0","0"
"PL2789 .U2 2014","0","0"
"PL2938.A595 M564 2014","0","0"
"PL2968.5.N495 M53 2013","0","0"
"PL2976.S58 D375 2014","1","0"
"PL2976.S58 D375 2014","1","0"
"PL2976.S58 D375 2014","1","0"
"PL2855.E635 C48 2014","0","0"
"PL2922.Y564 C466 2014","1","0"
"PL2957.A37 N56 2013","0","0"
"PL2936.3.U45 N54 2014","0","0"
"PQ8498.1.R53 A63 2000","1","0"
"PL2946.X844 A6 2014","0","0"
"PL2623 .J53 2014","0","0"
"PL2961.A5936 D866 2014","0","0"
"PL2978.5.X537 S554 2014","0","0"
"PL2623 .S56 2014","0","0"
"PL2275.C58 S58 2014","0","0"
"DS777.36 .L525 2014","1","0"
"PL2471.Z7 G8 2014","0","0"
"PL2855.E635 H835 2014","0","0"
"PL2972.Z535 D564 2014","0","0"
"PL2855.I534 A6 2014","0","0"
"PL2976.X544 C45 2014","0","0"
"DS793.G64 C436 2014","0","0"
"PL998.C6 C436 2014","0","0"
"LG51.P28 Z437 2014","1","0"
"Z462.86.S46 W36 2014","0","0"
"PL2840.T29 G66 2014","0","0"
"DS778.M337 A3 2014","0","0"
"DS919.5 .Q255 2014","0","0"
"PL2844.H834 N395 2014","1","1"
"PL2623 .D3 2014","0","0"
"PL2623 .G4 2014","0","0"
"DS778.Y364 Y83 2014","2","0"
"DS777.488.D35 P36 2014","2","0"
"PL2891.U155 F46 2014","0","0"
"PL2967.7.O353 B46 2014","1","1"
"DS919.5 .Y36 2014","0","0"
"PL2881.B8 A6 2014","1","0"
"PL2862.I244 A6 2014","0","0"
"PL2923.5.Z468 A6 2014","0","0"
"PL2727.S2 A12 2014","1","0"
"PL2727.S2 A12 2014","0","0"
"PL2727.S2 A12 2014","0","0"
"PL2727.S2 A12 2014","0","0"
"PL2727.S2 C446 2014","0","0"
"PL2466.Z7 D664 2014","1","0"
"PL2861.A58123 Z35 2014","0","0"
"QH77.C6 E445 2014","0","0"
"PL2623 .G86 2014","0","0"
"PL1411 .R85 2014","0","0"
"DT95 .I265 1998","0","0"
"HQ1236 .A32 1990","1","0"
"GE160.C35 H67 2014","0","0"
"DC318 .V4125 2014","0","0"
"PQ8498.13.H54 M54 2010b","1","0"
"PG5039.23.O77 Z32 2014","1","0"
"CS527 .A493 2013","0","0"
"BP178 .N87 2014","0","0"
"BL980.S6 B73 2013","0","0"
"DD256.7 .D334 2014","0","0"
"BL1695 .H35 2014","1","0"
"HM585 .M43 2014","2","0"
"D622 .L38 2014","0","0"
"DS418 .B5 2015","2","0"
"DS46 .I27 2014","0","0"
"PS536.3 .P8 2015","0","0"
"BD236 .K73 2014","0","0"
"HB171 .R47 v. 29","0","0"
"DS486.D3 F76 2014","1","0"
"DS56 .R46 2009","0","0"
"DS134.255 .M38 2010","3","0"
"QH77.I4 .K757 2014","0","0"
"DT107.87 .M3443 2014","0","1"
"DJK23 .A93 2014","1","0"
"DS98.6 .K395 2014","0","0"
"DT107.85 S43 2014","0","0"
"DT107.87 .Y37 2014","0","0"
"DK651.K45 B87 2014","1","0"
"BM610 .M675 2014","1","0"
"E874.C375 H49 2015","0","0"
"PS153.K67 Y56 2013","2","0"
"HN10.G7 S345 2014","0","0"
"PB1347 .I7 v. 66","0","0"
"UA853.I53 N38 2013","0","0"
"PH1108 .E744 2013","0","0"
"PT405 .B36 2014","0","0"
"BX595 .T354 2013","0","0"
"D802.F8 B725 2014","0","0"
"JS7008 .R88 2011","0","0"
"PQ2625.A823 Z58 2014","0","0"
"PK2903 .L58 2014","1","0"
"PT2662.I3 Z46 2014","0","0"
"PN1998.3.S35 P78 2014","0","0"
"GN496 .P655 2014","0","0"
"BQ7374 .T35 2014","0","0"
"PL8010 .J65 no. 32","0","0"
"HN690.M2513 P38 2013","0","0"
"PT2675.S73 A97 2014","0","0"
"PK1718.M49 K3513 2013","0","0"
"BP190.5.S3 B54 2014","0","0"
"DT107.87 .R395 2014","1","0"
"DS36.9.A1 A52 2013","0","0"
"DT107.87 .Q363 2014","0","0"
"DT107.87 .H367 2013","0","0"
"CN745 .C67 2010","0","0"
"PL458.9 .D85 2013","0","0"
"DS434 .H76 2011","0","0"
"BR1050.C9 M3 2014","0","0"
"PJ7940.A2357 I34 2014","0","0"
"DT107.87 .A97 2013","0","0"
"PQ8180.417.O485 D42 2010","1","0"
"DS450.P18 S94 2013","0","0"
"BP170.25 .M743 2014","0","0"
"D802.C95 M8257 2013","0","0"
"PJ7904.H363 A68 2014","1","1"
"JQ298.C6 N38 2014","0","0"
"PJ7928.D45 Q27 2014","0","0"
"HT384.I4 U73 2013","0","0"
"HG6105 .L44 2014","0","0"
"CT1218.F48 A3 2014","0","0"
"PQ9696.M3 A6 2013","0","0"
"PQ9696.M3 A6 2013","0","0"
"PQ9696.M3 A6 2013","0","0"
"PQ9696.M3 A6 2013","0","0"
"PQ9696.M3 A6 2013","0","0"
"BP75.5 .Q35 2014","0","0"
"BP75.5 .Q35 2014","0","0"
"BP190.5.L4 S53 2014","1","0"
"DT97 .A187 2004","0","0"
"DT97 .A187 2004","0","0"
"BL1138.27 .R344 2013","1","1"
"DS36.9.A1 M353 2014","0","0"
"DS36.9.A1 M353 2014","0","0"
"PG5039.29.R8 C47 2014","0","0"
"DK35.5 .S23 2014","0","0"
"DT295 .M387 2014","0","0"
"BX1378.5 .S6254 2013","0","0"
"PG2947.L55 P67 2014","0","0"
"DS481.A6 K53 2010","0","0"
"PQ8498.13.R5 D56 2006","1","0"
"PQ6653.E62 I47 2014","1","0"
"BP130.4 .F37 2013","0","0"
"BP130.4 .F37 2013","0","0"
"BP130.4 .F37 2013","0","0"
"PQ7298.436.E65 M55 2014","2","0"
"PQ6670.R37 F56 2014","1","0"
"KBP461 .I264 1992","1","0"
"KBP461 .I264 1992","0","0"
"PL994.2.C38 C48 2014","2","0"
"DJK14 .Z58 2013","0","0"
"PR2979.K6 Y54 2003","0","0"
"BR238 .G35 2014","0","0"
"HN683.5 .S627 2013","0","0"
"HM585 .C6626 2013","0","0"
"HM861 .S636 2013","0","0"
"RA643.8 .F343 2014","0","0"
"HC427.92 .P366 2014","0","0"
"D786 .K358 2014","0","0"
"PL4659.N297 A6 2013","0","0"
"HF5439.3 .T75 2014","0","0"
"DB2043 .S45 2013","0","0"
"DS432.J3 D8413 2013","1","0"
"JZ1305 .S26 2014","0","0"
"JZ1318 .G563 2014","0","0"
"PT2668.E416 I76 2014","0","0"
"CN441.A2 P37 2014","0","0"
"BL785 .S74 2014","2","0"
"PT2680.L37 V47 2014","0","0"
"PT1105 .L48 2014","0","0"
"PT2677.U23 N48 2014","0","0"
"BX2033.A5 G4 2014","1","0"
"PN1998.3.F65 J643 2014","0","0"
"PN1995.9.J37 J39 2014","0","0"
"KBP491 .I2634 1989","1","0"
"KBP491 .I2634 1989","0","0"
"PJ7755.H3 M338 1970","0","0"
"PJ7755.H3 M338 1970","0","0"
"PJ7755.H3 M338 1970","0","0"
"PJ7755.H3 M338 1970","0","0"
"PJ7755.H3 M338 1970","0","0"
"HQ1115 .M38 2004","0","0"
"HQ1115 .M38 2004","0","0"
"HQ1115 .M38 2004","1","0"
"HQ1115 .M38 2004","0","0"
"HQ1115 .M38 2004","0","0"
"HQ1115 .M38 2004","0","0"
"HQ1115 .M38 2004","0","0"
"HQ1115 .M38 2004","0","0"
"HQ1115 .M38 2004","0","0"
"HQ1115 .M38 2004","0","0"
"BP188 .I2355 2002","0","0"
"BP188 .I2355 2002","0","0"
"BP188 .I2355 2002","0","0"
"BP188 .I2355 2002","1","0"
"KBP494.55.W36 A36 2013","0","0"
"KBP494.55.W36 A36 2013","0","0"
"KBP494.55.W36 A36 2013","0","0"
"KBP494.55.W36 A36 2013","0","0"
"KBP494.55.W36 A36 2013","0","0"
"KBP494.55.W36 A36 2013","0","0"
"KBP494.55.W36 A36 2013","0","0"
"KBP494.55.W36 A36 2013","0","0"
"KBP494.55.W36 A36 2013","0","0"
"KBP494.55.W36 A36 2013","0","0"
"KBP494.55.W36 A36 2013","0","0"
"KBP494.55.W36 A36 2013","0","0"
"KBP494.55.W36 A36 2013","0","0"
"KBP250 .K38 1985","0","0"
"KBP250 .K38 1985","0","0"
"KBP250 .K38 1985","0","0"
"KBP250 .K38 1985","1","0"
"KBP250 .K38 1985","0","0"
"KBP250 .K38 1985","1","0"
"HQ1236.5.B5 O85 2006","1","0"
"PQ8498.17.U3 T73 2009","1","0"
"PJ7503 .E27 2014","0","0"
"KBP3791 .M363 1976","0","0"
"KBP3791 .M363 1976","0","0"
"DA750 .S25 6th ser., v. 9","0","1"
"PQ8498.426.I73 W37 2010","1","0"
"HD9506.P42 K87 2007","0","0"
"DD247.H2514 M63 2012","0","0"
"DD247.H5 L395 2012","0","0"
"DT107.83 .N425 1973","1","0"
"JC49 .B244 2015","0","0"
"DT107.83 .H37312 1972","0","0"
"PL8183 .M85 2014","0","0"
"DR281.B25 O84 2015","0","0"
"DT107.83 .H3324 1976","2","0"
"D811 .M485 2006","0","0"
"DT107.83 .N33 1960z","1","0"
"D639.W7 N49 2014","1","0"
"DT107.83 .M346 1975","1","0"
"PT2603.A147 Z648 1999","0","0"
"PN1008.3 .D487 2010","1","0"
"PN1008.3 .D484 2007","0","0"
"F3060 .R44 2009","1","0"
"PN1008.3 .D488 2012","0","0"
"PN1998.3.K677 G43 2014","0","0"
"PN1008.3 .D486 2009","0","0"
"PN1008.3 .D485 2008","0","0"
"JQ1785 .K438 2010","0","0"
"PE1 .C66 n.s., v.207","0","0"
"DT658.2.L85 N96 2014","8","0"
"GV1639 .P47 2006","0","0"
"PS3553.H535 A6 2014","2","0"
"DT107.85 .S37 1974","1","0"
"DT107.85 .N85 1981","1","0"
"PQ4715 .C495 2014","0","0"
"DT107.828.S23 A36 1982","1","0"
"PQ8180.1.R45 F74 1990","1","0"
"JC163.S7343 N35 2014","0","0"
"DS907.18 .K67 2014","1","0"
"BP10.J383 M35 2014","0","1"
"BL860 .E73 2004","0","0"
"DT107.88 .I66 2014","0","0"
"BM530 .L68 2014","2","0"
"BP10.J383 G428 2014","0","0"
"DT14 .C68 2012","1","0"
"BP10.J383 H39 2011","1","0"
"PQ7822.M659 M57 2012","0","0"
"DT107.88 .B356 2014","0","0"
"DT107.88 .J328 2014","0","0"
"PT2666.A46 I36 2014","0","0"
"CT788.M564 R44 2012","1","0"
"PQ7798.429.U35 S36 2014","0","0"
"BP10.J383 A95 2014","0","0"
"BP10.J383 S245 2013","1","0"
"BX819.3.O68 K57 2008","0","0"
"BP10.J383 A875 2014","0","0"
"PT2667.E46 S36 2013","0","0"
"PQ7820.A614 T53 1993","0","0"
"DT107.88 .I27 2014","0","0"
"BP10.J383 K37 2014","1","0"
"BP10.J383 B365 2013","0","0"
"LA596 .G32 2012","0","0"
"UG626.2.B28 A3 2012","0","0"
"PT2533.S3 W337 2014","0","0"
"BP10.J383 I333 2014","0","0"
"PT2666.E67 B76 2014","0","0"
"HV6626.23.C5 D53 2002","0","0"
"BP10.J383 M86 2014","0","0"
"GV1641.P4 A73 2006","2","0"
"DQ70 .H64 2014","1","0"
"HB1 .R36 v. 17","0","0"
"DT107.88 .A25 2013","0","0"
"KHC1946 .D49 2011","0","0"
"PT2603.A648 W4 2010","0","0"
"QC988.P4 C36 2009","0","0"
"BP10.J383 S233 2013","1","0"
"PQ8498.425.R76 B7 2012","0","0"
"HN270.Z5 L3636 2009","0","0"
"BP10.J383 Y89 2013","0","0"
"JC599.P4 E5 2013","0","0"
"BP10.J383 I55 2014","0","0"
"PQ9595.J48 B47 2013","0","0"
"BD241 .S848 2006","0","0"
"BX819.3.O68 H47 2009","0","0"
"PT2706.U26 A6 2014","0","0"
"CT1098.T34 A3 2013","0","0"
"PT2680.N38 B64 2014","0","0"
"D757.85 .L47 2010","1","0"
"GN2 .A27 v. 99","2","0"
"BP173.7 .I894 2014","0","0"
"HC830 .N395 2014","0","0"
"BP10.J383 M85 2014","0","1"
"HV218 .P37 1995","2","0"
"HQ1236.5.E3 F37 2014","0","0"
"PN1693 .N87 2013","0","0"
"PG2991.3 .S5228 2014","0","0"
"DT107.87 .M55 2014","0","0"
"PG5007 .F48 2014","0","0"
"D764 .T5 2013","0","0"
"AC106 .A554 2014","0","0"
"DT107.87 .A367 2014","0","0"
"BT1318 .M87 2014","2","0"
"DS247.Y48 S835 2013","1","0"
"PN6519.A7 J68 2014","3","0"
"NA9108 .A545 no. 577","2","0"
"BP80.B252 B26 2013","0","0"
"BP166.785 .J355 2014","1","0"
"JQ1850.A91 H233 2013","0","0"
"F2230.2.K4 M58 2011","0","0"
"PN1995.9.M86 M86 2014","1","0"
"PS3573.I4426 B54 2014","0","0"
"DA566.9.C5 A97 2010","0","0"
"F3320.2.C387 M58 2011","0","0"
"F3320.2.G8 M58 2011","0","0"
"F3320.1.F6 M58 2011","0","0"
"HV9776.7.Z8 D598 2011","0","0"
"F2230.2.A9 M56 2011","0","0"
"DT107.828.S24  A3 1987b","0","0"
"PQ8180.1.R39627 C36 1993","0","0"
"DT107.85 .S15 1985","1","0"
"DG233.2 .I26 2014","0","0"
"DT107.828.S23 A3 1978b","2","0"
"PQ8180.1.R44 C84 1996","1","0"
"PA6696.S6 S65 2014","1","0"
"DT107.828.S23 A37 1971","1","0"
"DR1672 .F556 2006","0","0"
"PN625 .S78 2013","0","0"
"D552.W37 S74 2013","0","0"
"DT107.828.S23 R33 1975","2","0"
"PG5007.2.M63 D45 2010","0","0"
"E908 .I27 2008","1","0"
"DK4449 .S55 2013","0","0"
"CS874 .R684 2013","1","0"
"D805.A2 E74 2014","0","0"
"DR559 .E75 1950","1","0"
"BP52.5 .C355 2014","0","0"
"DR477 .C665 2014","0","0"
"PG5039.21.U6 S468 2014","0","0"
"PL248.S3567 Z65 2011","0","0"
"PR6113.A7812 B4 2014","3","0"
"PG5039.21.U6 Z24 2014","0","0"
"DS135.T82 I88735 2011","0","0"
"DD881 .D68 2014","0","0"
"JN9646.M5 D577 2013","1","0"
"PN6757.K15 G47 2014","0","0"
"PG3467.K56 Z567 2013","1","0"
"D639.E8 M45 2014","0","0"
"DC389 .A56 2014","1","0"
"PR9619.3.C697 A6 2014","0","0"
"D639.P39 F67 2014","0","0"
"HM480 .K76 2014","0","0"
"DF217 .G74 2014","0","0"
"DB2232 .I475 2014","0","0"
"DR1755.I96 M85 2013","0","0"
"PQ8180.13.O4 P3 1991","0","0"
"PQ8550.1.R3 V4 1987","2","0"
"TR140.Y57 A3 2014","2","0"
"JL1869.A45 R46 2009","0","0"
"JQ1729.5.A58 C47 2005","0","0"
"PQ8497.V3 Z58 2012","1","0"
"HV6250.4.W65 F466 2012","0","0"
"DB99.2 .T59 2011","0","0"
"PS3563.C3595 W67 2014","1","1"
"PR9265.9.D394 H68 2014","1","0"
"KHC2204 .C65 2009","0","0"
"JC599.E2 J87 1992","0","0"
"PE1 .C66 n.s., v.205","0","0"
"PR9199.3.M323 A6 2014","0","0"
"PN5012 .V58 1996","0","0"
"DG975.T792 D468 2011","0","0"
"HV4081.A6 C89 2009","0","0"
"JL3098.M69 P67 1996","2","1"
"PR6069.C88 A6 2014","0","0"
"PS153.K67 Y8 2004","0","0"
"PT7234.G5 G46 2006","1","0"
"PR2248 .M25 2014","2","0"
"D753 .H36 2006","0","0"
"PR2991 .N6 2013","0","0"
"HQ1236 .F37 2014","2","0"
"PT2638.I67 W5 2007","0","0"
"JC389 .J68 2014","0","0"
"PB1648.M328 A2 2014","0","0"
"DD247.G67 G6 2007","1","0"
"PN1650.G46 A87 2013","0","0"
"DF233 .F87 2014","0","1"
"DT1 .C45 2014, no. 84","0","0"
"PN2039 .S26 2014","0","0"
"B3212.B74 C46 2012","0","0"
"BD355 .W38 2014","0","0"
"DC249 .H27 2014","0","1"
"BX4705 .A58 2011","0","0"
"PL992.9.M563 A4 2010","1","0"
"HQ1765.5 .C4585 2005","0","0"
"RM666.G488 I74 2012","1","0"
"F3721.1.J46 A73 2000","0","0"
"PQ8180.1.R135 A6 1991","0","0"
"PQ8498.17.U93 L6 2009","0","0"
"BQ9265.4 .S93 1970","1","0"
"PJ6620 .K5 1930","2","0"
"BJ1486.5.K6 K57 2014","1","0"
"BQ9438 .U26 1993","2","0"
"PQ8492.C72 H363 2005","0","0"
"R726.8 .Y86 2014","0","0"
"PJ7745.I165 Z63 1931","2","0"
"DS916.8 .P362 2004","0","0"
"PM5579 .A53 2008","0","0"
"BQ9266 .H4713 1974","2","0"
"F3320.2.C39 T65 2007","0","0"
"F2230.2.K4 A435 1996","0","0"
"PJ7750.B3 M3 1923","0","0"
"P96.A86 M38 2013","15","1"
"PM6308.9.W35 Z88 2013","0","1"
"BP187.3 .I3526 1911","2","0"
"PQ2676.A4684 M83 2014","0","0"
"PR6069.E395 A6 2014","1","0"
"F1435.3.R3 F48 2014","0","0"
"PR6120.R395 A6 2014","1","0"
"PR6111.E445 A6 2014","0","0"
"BV2620 .K66 2012","0","0"
"BQ9294.4.J3 W4713 1978","4","0"
"PR6110.O54 L58 2014","1","0"
"PT2637.A4184 Z666 2014","0","1"
"PQ2075 1968","0","0"
"PQ3919.2.M665 Z46 2005","1","0"
"PN2634 .B66 2013","0","0"
"PQ1533 .T75 2014","0","0"
"HG237 .B36 2014","0","0"
"BD438.5 .L67 2014","1","0"
"PR6037.I78 A6 2014","0","0"
"PQ439 .H83 2014","0","0"
"PT1851.E5 U3125 1926","2","0"
"PT1851.E5 U3125 1926","2","0"
"DC130.M2 A4 2014","0","0"
"HT178.G42 B4195 2013","0","1"
"PQ8543 .C66 2000","0","0"
"TX392 .A93 1973","2","0"
"RA781.2 .F57 1973","2","0"
"DK274 .M518 2014","0","0"
"BL65.L33 I38 2014","0","0"
"DR264 .K67 2014","0","0"
"BV3705.B775 T66 2008","0","0"
"DD866 .H38 2014","0","0"
"D283.5 .D53 2014","0","0"
"PT2685.E47956 H85 2014","0","0"
"BD360 .J45 2013","1","0"
"PR6103.A55 W48 2014","1","0"
"PQ2288 .A665 2006","2","0"
"D13 .N57 2014","0","0"
"PT1961 .T72 2014","0","0"
"PQ4815.I48 Z785 2014","0","0"
"DD256.8 .C45 2014","0","0"
"DK38.5 .K653 2012","0","0"
"PR6058.U814 F59 2014","2","0"
"PR6066.R369 A6 2014","0","0"
"PR173 .A87 2014","0","0"
"DG124 .D68 2014","0","0"
"HG1285 .R47 2015","2","1"
"DK266.4 .S35 2014","0","0"
"DB983.5 .E876 2011","2","0"
"NK1035.H8 F85 2001","1","0"
"UB413 .K85 2014","1","0"
"PQ526 .M39 2006","0","0"
"PL857.I78 K38 1997","0","0"
"PL857.I78 K552 1998","0","0"
"HV6432.5.Q2 C54 2014","3","0"
"PL857.I78 Y8 2003","0","1"
"B3313.A43 P4 1972","2","0"
"HD9014.A73 B8454 2013","0","0"
"DD76 .R28 2006","2","0"
"UA23 .A44 2014","1","0"
"JZ6009.L29 B75 2008","0","0"
"HV7936.D5 A73 2008","0","0"
"DD901.B9658 G45 1998","1","0"
"DS286 .C475165 2005","2","0"
"HJ6845.Z5 C66 2005","0","0"
"HG930.5 .B37 2015","0","0"
"PL857.I78 O66 1996","0","0"
"BL80.2 .N59165 2006","1","0"
"KHC2204 .A96 2012","0","0"
"PS3503.E4488 A6 2014","0","0"
"D810.C85 M36 2008","0","0"
"D757 .W547 2005","0","0"
"PS3503.E4488 A6 2014","0","0"
"BP130.58 .J34165 2006","0","0"
"BX4170.Z5 F73 2014","0","0"
"PT7296.T41 G4 2009","0","0"
"F2695.N84 M33 2011","1","0"
"DS286 .D39165 2004","0","0"
"PL857.I78 T642 1988","0","0"
"PN466 .H47 2006","0","0"
"PR6035.E55 P4165 2005","1","0"
"PL857.I78 S562 1985","0","0"
"DD253.65 .H3 2006","0","0"
"PL857.I78 S36 1989","0","0"
"PL857.I78 S563 1983","0","0"
"P119.32.U38 P39 2014","0","0"
"HB523 .D5698 2015","2","0"
"HD9698 .L48 2015","2","0"
"K3585 .M383 2015","0","0"
"KF4819 .M55 2015","1","0"
"GN33 .M84 2015","1","0"
"P302 .K655 2014","0","0"
"HG3881 .G2457 2015","1","0"
"K3943 .C517 2015","1","0"
"JA71 .L65 2014","0","0"
"HT145.S6 T69 2015","1","0"
"CC79.5.H85 T73 2014","2","0"
"CT2556 .L66 2014","0","0"
"LC213.2 .D68 2015","6","0"
"K3253 .P75 2015","0","0"
"HC800.Z9 E5593 2015","0","0"
"JZ1480 .T45 2015","0","0"
"HD6145 .W66 2015","1","0"
"PQ9697.C2979 H6165 1977","0","0"
"RC438.6.E54 K45 2014","0","0"
"PJ7519.N25 K5513 2014","3","0"
"PS169.R28 S26 2015","2","0"
"E185.18 .F36 2015","2","0"
"F1435.1.N34 E24 2014","0","0"
"PS153.N5 M39 2015","2","0"
"PL523.5 .M5813 2015","0","0"
"PN45.5 .L48 2015","11","0"
"PQ4173 .V34 2014","1","0"
"PE1335 .Y36 2015","0","0"
"PA6931 .B3413 2015","2","0"
"PS3503.E744 Z567 2014","0","1"
"PS153.C27 C67 2015","0","0"
"BR115.P7 O96 2015","1","0"
"E302.1 .D46 2015","3","1"
"HQ1136 .C35 2015","2","0"
"PL2415 .G4 2015","1","0"
"B3998 .S72127 2014","3","0"
"F158.8.P86 A34 2015","1","0"
"F3430.1.A83 M54 2014","0","0"
"BX1795.A78 J65 2015","4","0"
"DD257.2 .G65 2014","5","0"
"PB1096 .W44 2014","1","0"
"PN1996 .B382 2015","4","0"
"F1219.1.T8 M368 2015","0","0"
"DS732 .C439 2014","0","0"
"BS1415.52 .H36 2014","1","0"
"PN1995 .G68875 2014","0","0"
"PR468.W6 S39 2014","1","0"
"HC79.E5 D83 2015","4","0"
"PQ7798.29.U36 P3813 2014","0","0"
"PS2964.S838 E43 2015","0","0"
"DS57 .E94 2014","1","0"
"PS374.F24 B35 2015","1","0"
"PR478.L66 P54 2014","0","0"
"E467.1.D26 A4 2014","0","0"
"PS3619.T557 M37 2014","1","0"
"E417 .C47 2014","1","0"
"PJ5021 .M46 2014","3","0"
"BX395.E966 A313 2014","1","0"
"BX395.E966 A313 2014","1","0"
"PR9387.2 .S85 2014","0","0"
"D804.3.N853 L5513 2014","2","1"
"PQ9281.A66 Z8666 2014","0","0"
"PT9876.24.O7155 B56 2014","0","0"
"PR9369.4.M644 R87 2014","0","0"
"BX1428.3 .W75 2014","2","0"
"F232.S48 E35 2014","0","0"
"BL51 .S6145 2014","1","0"
"PS3612.U324 S66 2014","0","0"
"F49 .K59 2015","1","1"
"DS736 .Z44 2015","2","0"
"CB357 .J34 2014","2","0"
"PS508.W7 W595 2014","2","0"
"PN6728.W6 B47 2015","5","0"
"PQ2673.A836 D4713 2015","1","0"
"BR115.C8 M2994 2014","0","0"
"BR115.C8 M2994 2014","0","0"
"HE8697.85.E85 S87 2014","0","0"
"PT2671.U13 F33 2014","0","0"
"DS889.5 .K87484 2013","0","0"
"DS318.825 .H8919 1986","1","0"
"LA721.81 .K58 2007","0","0"
"D757.4 .K3347 2006","2","0"
"HD9579.C33 M37 2014","0","0"
"CR4770 .M37 2007","0","0"
"PT2685.A4444 R44 2014","1","0"
"BL863 .H36 2000","2","0"
"PR9205.4 .B35 2014","0","0"
"PT2676.E77226 S57 2014","0","0"
"DS149 .H45 2014","0","0"
"D550 .P477 2011","1","0"
"PQ2605.A3734 M936 2000","0","0"
"HV8210.5.A45 D39","0","0"
"PN2318.H47 M86 2012","0","0"
"PR8504 .A8 no. 19","0","0"
"B2900 .H432 no. 61","0","0"
"PT747.D4 T38 2014","0","0"
"D787 .M38 2012","0","0"
"BQ9262.9.C5 H64 2014","0","0"
"PN2641 .K6","0","0"
"PN2958.G47 A3 1997","0","0"
"RC489.G4 W44 2015","0","0"
"PA6029.R5 S27 2014","0","0"
"DS318 .D37 2004","0","0"
"E302 .J442 2004b","1","0"
"DH689.D4 D35 2006","0","0"
"F1017 .R35 2010","0","0"
"DD253.48 .S6 1990","0","0"
"DS38.4.H3 P36 1997","2","0"
"P115.2 .O87 2008","0","0"
"DF591 .P7 2014","1","0"
"DF591 .P7 2014","1","0"
"E302 .J463","1","0"
"F3327 .H82 1998","0","0"
"DS115.5 .S39 2014","1","1"
"BT732.5 .N86 2012","0","0"
"DS98.6 .S64 2014","0","0"
"LA551 .T35 2011","0","0"
"PQ7707.G68 O55 2013","0","0"
"PR1285 .S3 2013","0","0"
"PQ2667.O7654 R66 2014","0","0"
"HN280.Z9 S6546 2011","0","0"
"PQ8180.1.N56 Z46 1999","0","0"
"PQ7813 .P76 1997","0","0"
"F2230.1.M6 V59 1999","0","0"
"DC128.5 .L684 2014","2","0"
"QH545.C6 T67 2002","0","0"
"PQ7390.K68 A2 2014","0","0"
"F2321 .C6583 2002","0","0"
"PQ2619.A17 T473 2014","1","0"
"HD9397.B53 C637 2011","0","0"
"PQ2716.E74 P47 2014","0","0"
"BQ5630.V5 G86","1","0"
"PN1991.3.B7 S66 2011","0","0"
"HT1126 .S428 2011","0","0"
"PT5881.15.N68 K83 2014","0","0"
"RM235 .O38 1965","0","0"
"GE42 .G85 2013","0","0"
"GN495.6 .B37 2007","0","0"
"PT6467.16.I37 A6 2014","0","0"
"HM1271 .I5753 2011","0","0"
"BQ9289.H783 A3513","0","0"
"F3320.2.C39 T655 2010","0","0"
"KHC3003 .L56 2009","2","0"
"GT4833.A2 B38 2013","2","0"
"PL812.A8 M413 1982","0","0"
"PG1918.C3 Z537 2014","0","0"
"DE73.2.P56 P86 2014","2","0"
"UB271.J32 K85 2014","0","0"
"PR6118.O23 B48 2014","2","0"
"DP92 .B48 2014","0","0"
"BF698 .B582 1982","1","0"
"PQ8549.A74 F5813 2014","0","0"
"HF1365 .N689 2014","0","0"
"PG5039.15.X58 B42 2014","0","0"
"D13.5.E85 P47 2013","0","0"
"PC2074.75 .F73 2014","0","0"
"PL839.A7 A25 1984","4","1"
"DT73.A4 A128 2014","4","0"
"RA441 .M454 2014","0","0"
"DD123 .D746 2014","0","0"
"DK276 .K862 2013","2","0"
"PT5881.14.U26 B85 2014","0","0"
"GA201 .S365 2014","0","0"
"CS857.D65 K6695713 2011","2","0"
"PL857.I78 N57 2000","0","0"
"PL857.I78 G45 1982","0","0"
"LC3950 .A36 v. 27","2","0"
"DP92 .B484 2014","0","0"
"PL857.I78 O86 1997","0","0"
"PQ7990 .O63 2011","0","0"
"PQ7820.B33 P84 2006","0","0"
"DD247.H5 M524 2009","0","0"
"DS785 .D474 2010","0","0"
"PQ8214 .A535 2002","1","0"
"LC5148.P4 A67 1988","1","0"
"PQ8498.426.A24 N63 2009","0","0"
"F3351.S25 T66 2006","0","0"
"BX3646.I4 F37 2013","0","0"
"F3139 .P78 2011","1","1"
"D794.5 .S58 2007","0","0"
"DD257.2 .B33715 2002","0","0"
"PA4273.P64 S73 2014","1","0"
"DP526.5 .B87 2014","2","0"
"R486 .M53 2014","1","0"
"HD9502.P72 G685 2011","1","0"
"PG3505.K67 S83 2013","0","0"
"D765.35.L35 K35 2003","0","0"
"D5 .B4 fasc. 362","0","0"
"N7414.8.G3 B47 2014","0","0"
"E184.A1 F739 2015","2","0"
"PT2680.L54 F73 2014","0","0"
"D772.R63 W4 2008","0","0"
"PT2635.E284 Z46 2014","0","0"
"D805.G3 J385 2014","0","2"
"UA646.3 .H55 2014","1","0"
"DD247.H5 S34613 2009","1","0"
"E183.8.I55 E39 2014","1","0"
"E840 .J48 2014","1","0"
"E169.1 .R475 2015","2","0"
"DS227 .G89 2015","0","0"
"D547.C2 T448 2015","1","0"
"DK34.C42 L397 2014","0","1"
"F1436.8.C5 A54 2014","1","0"
"PN56.P93 C65 2014","7","0"
"E467 .D33 2014","1","0"
"DA556.4 .C78 2015","0","0"
"PS3610.O395 D47 2015","6","0"
"CD974.4 .D54 2015","5","1"
"PR6039.H52 Z614 2014","1","0"
"BS2325 .B57 2013","1","1"
"PR4973.Z5 E87 2014","1","0"
"PN1009.A1 E81 2014","1","0"
"BV15 .R37 2014","0","0"
"PN1995.9.F34 S57 2015","1","0"
"HQ1121 .B76 2014","1","0"
"PQ7953 .P37 2014","0","0"
"CB415 .F563 2015","3","0"
"PR658.S42 G46 2014","0","0"
"PT8951.26.E88 J4513 2014","1","0"
"PQ2237.E13 Z56 2015","0","0"
"F1411 .S55 2014","0","0"
"BM652 .S25 2014","2","0"
"PN3373 .L54 2015","3","1"
"D110 .M26 2014","0","0"
"PS173.M36 A76 2014","2","0"
"D804.175.B4 S56 2015","2","0"
"PN3432 .R45 2015","1","0"
"HQ1155 .S665 2014","20","0"
"PR3588 .M489 2014","1","0"
"E179 .H217 2015","0","0"
"PN1995.9.N36 B37 2014","2","0"
"BX4220.I8 W6513 2015","1","0"
"D568.7 .P34 2014","0","1"
"BX1389 .P583 2014","0","0"
"PQ6105 .V55 2014","2","0"
"DS326 .P746 2014","1","0"
"BL65.P7 P6358 2014","1","0"
"F1414.3 .D56 2015","1","1"
"DT2990 .M86 2014","1","0"
"DU124.G68 M67 2015","2","0"
"DS325.R3 R36 2015","0","0"
"PN3433.6 .T45 2015","0","0"
"BT1319 .R445 2014","1","0"
"BD438.5 .R47 2015","0","0"
"B105.S79 P48 2014","0","0"
"BM521 .T44 2014","0","0"
"PL2928.H78 D513 2015","1","0"
"PR9355.2 .G86 2014","0","0"
"CB353 .T43 2014","3","1"
"PT8176.18.E3512 D4813 2014","1","0"
"DG70.P7 C26 2015","1","1"
"D34.U5 T74 2014","1","0"
"PJ4819.E8 B45 2014","0","0"
"E164 .L57 2014","2","0"
"PC3941.S336 U63 2014","1","0"
"PR6045.O72 Z89231 2014","0","0"
"PR9199.3.S783 W46 2014","0","0"
"E169.12 .Y364 2015","1","0"
"F189.B153 M67 2014","1","0"
"PN2071.M6 E94 2015","1","0"
"PT6592.24.A93 A44 2015","0","0"
"PS3611.O623 A74 2014","1","1"
"E447 .Z4813 2015","1","0"
"PT7467.E5 B46 2014","1","0"
"DS79.9.I72 M33 2014","0","0"
"PJ7696.A43 A2 2014","1","0"
"PS3619.H83 C568 2014","0","0"
"DT155.2.N82 C66 2015","1","0"
"PR6116.A97 C66 2014","7","0"
"PQ6439 .D35 2014","1","0"
"BT734.2 .H275 2014","3","0"
"PN45 .E34 2015","2","0"
"PR737 .F54 2015","0","0"
"PR9199.4.N59 A6 2014","1","1"
"DK508.848 .F53 2014","2","0"
"B2948 .G23 2015","0","1"
"PS3561.I4233 G73 2013","0","0"
"F1971 .P5313 2014","6","0"
"HQ76.25 .T55 2015","1","0"
"PN605.I8 E56 2014","1","0"
"BT355 .J336 2014","1","0"
"BS544 .S54 2015","0","0"
"PR9199.4.C38669 M37 2014","0","0"
"BX6805 .C47 2013","0","0"
"BJ1031 .P47 2014","0","0"
"PR9199.3.K44215 O43 2014","0","0"
"PS3563.O9348 O64 2014","0","0"
"D16.14 .O7326 2014","10","0"
"BS2585.52 .L86 2014","1","0"
"PR6073.I43293 A6 2014","1","0"
"PR9199.4.C568 A6 2014","0","0"
"BL43.B43 B43 2014","0","0"
"PR6066.R34 Z74 2014","0","1"
"PS3566.E7647 P84 2014","0","0"
"PE1137 .O423 2014","1","0"
"PR9199.4.H3565 R43 2014","1","0"
"BR118 .A435 2015","0","0"
"E184.M5 R5875 2015","0","0"
"PS3618.O3576 R64 2014","0","0"
"DG231 .K23 2015","1","0"
"PS3051.C5 T39 2015","0","0"
"PS3613.E887 S26 2015","2","0"
"PN3433.5 .B37 2014","1","1"
"PR9199.3.F7216 A6 2014","0","0"
"E185.86 .S68 2014","2","0"
"PQ5988.W5 S5713 2014","3","0"
"PT2625.U8 D713 2014","4","0"
"BM740.3 .T83 2014","0","0"
"HF5429.6.N3 D63 2014","0","0"
"BD171 .W74 2015","0","0"
"PR9639.3.O7 U82 2013","0","0"
"PR6110.O633 W38 2014","0","0"
"DR1318 .W45 2015","2","1"
"PS228.P6 T54 2015","1","0"
"E185.86 .H742 2015","6","0"
"HN90.M84 D48 2015","0","0"
"GN772.4.A1 M35 2015","0","2"
"JZ1308 .B845 2014","0","0"
"HD31 .R654 2015","1","0"
"HF5718 .R34 2014","2","0"
"HN90.M84 W45 2015","1","0"
"HV9148.A5 B69 2014","0","0"
"HB3782 .B347 2015","0","0"
"HF5549.5.R47 C76 2014","0","0"
"HJ8899 .D4155 2014","1","0"
"HB3654.A3 D46 2014","0","1"
"HQ519 .E386 2015","0","0"
"HQ519 .E386 2015","0","0"
"P118.2 .E95 2015","0","0"
"HG539 .B43 2015","0","0"
"HB72 .M427 2014","0","0"
"JZ6045 .S85 2015","0","0"
"HM1261 .L426 2014","0","0"
"HG186.A2 L56 2015","0","0"
"HM621 .M525 2014","0","0"
"P302.84 .M37 2015","0","0"
"HF5415.332.Y66 P37 2014","0","0"
"JQ751.A58 M935 2015","3","0"
"HE305 .O74 2015","0","0"
"GN799.R4 W54 2015","2","0"
"LB2805 .A434 v. 21","0","0"
"HM548 .K68 2014","1","0"
"HT1521 .S538 2014","1","0"
"JC330.3 .G55 2014","1","0"
"LC6615 .P76 2015","1","0"
"HB615 .P487 2014","0","0"
"HB97.5 .K6913 2014","1","0"
"JV8138 .R53 2014","1","0"
"HD7288.78.E85 S647 2014","2","0"
"LB2331.2 .P37 2014","0","0"
"KZA1692 .T47 2015","2","0"
"HC79.E5 P456413 2015","1","0"
"P306.8.C6 K55 2015","3","0"
"HD2755.5 .T67968 2015","1","0"
"PN1992.8.H56 U68 2015","2","0"
"HD4904.7 .V35 2014","1","0"
"JZ6374 .W37 2015","4","0"
"P306.92.L86 A3 2014","0","0"
"JZ1548 .L55 2015","1","0"
"HV10.5 .A67 2015","0","0"
"HM621 .K46 2014","0","0"
"JZ5865.B56 B55 2014","0","0"
"P91.5.U5 C47 2015","1","0"
"HQ781 .W958 2015","0","0"
"HN373.5 .C624 2015","1","0"
"HV9345.A5 B87 2015","0","0"
"HC107.C22 I557 2015","2","0"
"K1705 .F76 2014","0","0"
"JV6483 .C4913 2015","1","0"
"BF39.2.I84 H36 2015","8","0"
"JF1525.P8 I57 2015","4","0"
"JV6021 .B37 2014","1","0"
"E78.S7 L635 2014","0","0"
"P94.6 .B69 2015","1","0"
"HD30.2 .L583 2015","0","0"
"HM786 .D8713 2015","0","0"
"LC4065 .C66 2015","6","0"
"JZ1251 .R34 2015","4","0"
"JC478 .M56 2015","0","0"
"LB1584 .E946 2015","5","0"
"BF723.S43 S57 2015","0","0"
"LC2717 .S956 2014","0","0"
"LB2838 .T394 2015","2","0"
"BF724 .M53 2015","0","0"
"LB2322.2 .U566 2015","0","0"
"LB1028 .L395 2015","0","0"
"HC59.3 .R67 2014","1","0"
"HQ796 .W66 2015","1","1"
"D5 .B4 fasc. 353","2","0"
"D757.32 .R44 2008","2","0"
"HG5772 .B97 2014","0","0"
"PS3525.E7174 H4 1975","1","0"
"GV481 .L65","1","0"
"PL2419.M37 S68 2014","0","0"
"PT2625.A848 Z48 2001","0","0"
"PT2625.A848 Z898 1998","0","0"
"PQ9929.P66 A66 2012","0","0"
"PT2625.A848 Z665 1997","0","0"
"B132.M54 S58 1974","2","0"
"DS734.7 .Q246 2014","0","0"
"DS734.7 .Q246 2014","0","0"
"PQ3989.2.A348 C37 2014","0","0"
"B765.W934 C69 2014","0","0"
"HJ2183.7 .D594 2013","0","0"
"BF1434.F8 B35 2014","0","0"
"PQ3989.3.T643 C87 2014","1","0"
"PQ305 .D538 2014","0","0"
"PQ305 .D538 2014","0","0"
"PC2205 .C65 2014","0","0"
"PQ2631.O84 Z48 2006","0","0"
"PQ3989.3.B359 H68 2014","0","0"
"HQ799.R8 M496 2014","1","0"
"PQ3949.3.S85 L48 2014","0","0"
"DG69 .H37 2014","2","0"
"CD40 .P4","0","0"
"PT143.O75 P73 2014","0","0"
"BS2330.3 .D38 2011","1","1"
"DA880.E2 A76 2013","0","0"
"PT2001 .H3 1998","0","0"
"PT2001 .H3 1998","0","0"
"PT2001 .H3 1998","0","0"
"PT2001 .H3 1998","0","0"
"DS63.18 .A43 2014","0","0"
"DS272 .P62 2014","1","0"
"NA5417.L5 S16 2006","0","0"
"U264 .S36 2014","3","0"
"DT93 .S33 2014","0","1"
"DS371.2 .B349 2014","0","0"
"HC79.E5 U19 2014","1","0"
"PQ3989.2.G25 C76 2014","0","0"
"BQ9286.2 .S53 1988","2","0"
"PQ3989.3.A858 D36 2014","0","0"
"DT474.5 .T68 2014","0","0"
"PQ3989.3.T66 D47 2014","0","0"
"PR6113.O933 A6 2014","0","0"
"PT2642 .O65 2015","0","0"
"PT2642 .O65 2015","0","0"
"PT2642 .O65 2015","0","0"
"PT2642 .O65 2015","0","0"
"PT2642 .O65 2015","0","0"
"PT2642 .O65 2015","0","0"
"CT3990.A2 Q26 2014","3","0"
"PQ3989.3.A473 E34 2014","1","0"
"BL2220 .O5 1962b","1","0"
"F3429 .A764 2007","0","0"
"F3320.2.C4 S144 2007","1","0"
"BQ988.U9 T6 2001","1","0"
"F2230.2.K4 A44 1993","1","0"
"QH193.H5 M37 1981","7","0"
"PQ7822.P58 M37 2011","0","0"
"PG5038.H28 Z7296 2013","1","0"
"F2325 .C36 1994","2","0"
"DT474.6.Y67 A34 2014","0","1"
"QC903.2.B45 B65 2012","1","0"
"PR9199.4.M4265 S83 2014","0","0"
"HM851 .P487 2014","0","0"
"BP195.W22 C73 2014","1","0"
"PN6747.G75 R9 2009","1","0"
"DS833 .P3 1972","1","0"
"B4231 .D43 2014","1","0"
"HQ1240.5.L28 C5 1996","0","0"
"PL1455 .K76 2015","7","0"
"HN700.C2 M87 1975","1","0"
"DT541.8 .A46 2014","1","0"
"PG502 .A584 2014","0","0"
"DB2042.G4 C4785 2013","0","0"
"HT119 .B4752 2012","0","0"
"HV1448.P42 L56818 2007","0","0"
"RA643.86.C7 C36 1995","1","0"
"HC420.3 .M89 2014","0","0"
"P291 .B634 2015","1","0"
"PQ7822.M668 C84 2009","0","0"
"GR335 .A44 2014","2","0"
"HF1746 .N3326 2014","3","0"
"PG2067 .S56 1999","0","0"
"PN56.M54 K38 2014","2","0"
"HD62.5 .Z3557 2012","1","0"
"DK693.3 .A523 2012","0","0"
"DK71 .S74 1996","0","0"
"GF601 .E86 2009","0","0"
"KJV4390 .C658 2014","0","0"
"PG3476.Z2 Z53 2013","0","0"
"DG537.8.M38 F38 2014","0","0"
"B3279.H48 Z416 1998","2","0"
"B841.4 .K56 2008","0","0"
"PL8262 .G85 2012","1","0"
"GR133.B55 B65 2012","0","0"
"HN59.2 .H38 2015","2","0"
"DK511.Y2 I2695 2013","1","0"
"F3325.B45 B4 1994","0","0"
"F3429.1.C43 M3418 2009","0","0"
"F2659.F8 V53 2014","0","0"
"DT541.8 .B56 2011","1","0"
"PQ2625.A93 Z6842 2014","0","0"
"RM666.G488 I716  2014","0","0"
"PQ648 .C68 2014","0","0"
"PQ2258.Z5 B78 2014","0","0"
"PQ2025 .C6 2014","0","0"
"PQ2025 .C6 2014","0","0"
"DT541.26 .M45 2012","0","0"
"PG5040.1.N37 V96 2014","0","0"
"PG5040.33.H48 K86 2014","0","0"
"PG5039.22.A5215 S64 2014","0","0"
"PG5040.29.T446 T94 2014","0","0"
"DT474.6.Y67 D57 2012","0","0"
"PG5039.12.I434 R89 2014","1","0"
"PG5040.29.I46 M25 2014","0","0"
"PG5040.18.R45 K62 2014","0","0"
"PG5069.P44 B48 2014","0","0"
"PG5040.23.A84 C48 2014","0","0"
"PG5040.22.U62 H74 2014","0","0"
"BH221.C93 B47 2014","0","0"
"PQ536 .B47 2014","0","0"
"GV709.6 .B49 2014","1","0"
"PQ2615.E37 Z75 2014","0","0"
"PG5419.5 .C54 2009","1","0"
"HX313.8.P55 C537 2013","1","0"
"BR335 .M44 1977","0","0"
"PG5040.23.A77 C47 2014","0","0"
"DD53 .K644 2013","0","0"
"PG5040.28.E4364 N28 2014","1","0"
"PG5039.18.A86 N62 2014","0","0"
"DT545.8 .T53 2009","0","0"
"DS145 .H355 2008","0","1"
"DS923.284.R65 T34 2012","0","0"
"DS923.284.R65 T34 2012","0","0"
"DS923.284.R65 T34 2012","0","0"
"DS923.284.R65 T34 2012","0","0"
"JN2187 .M34 2013","0","0"
"PN56.E67 F56 2014","1","0"
"PG3481.6.U675 L58 2014","2","0"
"PQ9698.412.R86 O54 2008","3","0"
"PG3482.L39 O74 2013","2","0"
"AS182.M252 I6 2014","0","0"
"PG3199 .G53713 no. 61","0","0"
"GT2855 .O85 2014","0","0"
"F2230.2.A9 M3645 2012","1","0"
"F3320.2.C4 C66 2014","0","0"
"F2230.1.S7 A56 2013","0","0"
"PG3011 .A435 2014","0","0"
"PG1 .S697 v. 45","0","0"
"PG1 .S697 v. 46","0","0"
"PL363.5 .B857 2013","0","0"
"PL430.9.I6 A6 2013","0","0"
"F3341.B4 G85 2012","0","0"
"PG3470.R77 Z664 2014","1","0"
"PM5816 .G73 2012","5","0"
"PG3501.S25 D57 2013","0","0"
"F3429 .P297 2011","1","0"
"PG3467.M4 Z7154 2014","0","0"
"F3451.L8 B348 2009","0","0"
"PG3482.7.S845 P65 2014","0","0"
"PG3549.K33 S84 2014","0","0"
"GN564.P4 R53 2007","0","1"
"PG3476.B78 Z688 2013","0","0"
"F2212 .I52 1994","0","0"
"PG3300.S63 F55 2014","0","0"
"PN5499.B45 V63 2013","0","0"
"GE80 .E82 2012","3","0"
"PQ3989.3.H545 R34 2012","1","0"
"PG2950 .I87 2014","0","0"
"PG3453.B9 Z73 2014","0","0"
"HC167.A455 A4 1991","1","0"
"PG3479.7.P74 K54 2014","0","0"
"P94.65.L29 G664 2012","1","0"
"DK4600.G445 V48 2014","0","0"
"PG3482.6.I25 M89 2014","0","0"
"PG3492.34.R33 I95 2014","0","0"
"PN6519.S36 K36 2011","1","0"
"PG3492.58.R25 B33 2014","0","0"
"DT541.845 .K66 2014","0","0"
"PG3027 .B37 2014","0","0"
"PG3492.34.A23 P74 2013","0","0"
"PG3491.46.O752 A6 2014","0","0"
"BP189.7.T5 B47 2014","0","0"
"PR9199.3.M3222 P86 2014","0","0"
"PQ3989.2.O447 Z525 2014","1","0"
"PL8178 .D44 2011","1","0"
"R506.M66 D86 2015","2","0"
"PN56.F3 O88 2013","0","0"
"DX229 .Z53 2014","0","0"
"BQ656 .S73 2014","0","0"
"HC286.8 .G73 2014","1","0"
"TK5103.2 .W474 2015","1","0"
"DS63.2.U5 A637 2014","1","0"
"E183.8.A3 G66 2014","1","0"
"E185.97.R93 H57 2014","2","2"
"BQ656 .K578 2014","0","0"
"PF3410 .E76 2014","0","0"
"HG2153.T4 K56 2006","0","0"
"PD63 .G773 2001","1","0"
"PL980.A2 C48 2014","0","0"
"PL980.A2 C48 2014","0","0"
"JX1795 .B5 2000","0","0"
"DG69 .N33 2015","1","0"
"PA6043 .L58 2015","2","0"
"PQ3919.2.J287 A56 2011","0","0"
"BX342.5 .Z53 2013","0","0"
"DS703.5 .S24 1996 v.6","0","0"
"PL857.I78 I37 1998","0","0"
"PL857.I78 A37 2000","0","0"
"PG3479.4.U485 P68 2014","0","0"
"PG3330.E7 Z897 2013","0","0"
"Z997.A387 D66 2013","0","0"
"PG5039.26.R6322 V72 2014","0","0"
"DG82 .S54 2014","0","0"
"PG5039.24.E785 P72 2014","0","0"
"PL857.I78 W37 1999","0","0"
"PG3491.44.G86 S55 2013","2","0"
"PG5038.K28 A6 2014","0","0"
"PL430.9.I53 Z78 2014","0","0"
"PQ4866.E6345 A77 2011","8","1"
"RM386 .E93 2014","0","0"
"PA5317.G43 Z93 2014","0","0"
"P308 .B66 2002","1","0"
"PA3015.P4 V66 2014","1","0"
"CN350 .C55 2015","0","0"
"PL857.I78 M63 1983","0","0"
"PA3015.F43 P28 2015","0","0"
"PA625 .P55 2015","0","0"
"PR9379.9 .A826 2010","1","0"
"PL857.I78 N36 2009","0","0"
"PG3492.58.U34 P5 2014","0","0"
"PA3860.A172 B68 2014","0","0"
"PG3491.6.R39 O7 2014","0","0"
"PL857.I78 T8 2009","0","0"
"PA6068 .L44 2015","0","0"
"PL8119.4 .M34 2010","0","0"
"BR65 .G73 2014","0","0"
"PG2987.N24 A43 2013","0","0"
"PG3482.8.R82 O4 2014","0","0"
"PG3482.8.R82 T73 2014","0","0"
"PG3479.5.H794 R43 2014","0","0"
"PG3350 .D776 2014","0","0"
"BR65 .C42 2014","1","0"
"PG3491.44.N45 C24 2013","0","0"
"PG3328.Z6 D6238 2013","0","0"
"PL857.I78 S58 1988","0","0"
"PR5315 1836","0","0"
"PG3481.2.R117 E86 2014","1","0"
"PR5315 1836","1","0"
"PG3478.K7 O36 2014","0","0"
"PG3337.L4 Z578 2014","0","0"
"PL857.I78 T638 1989","0","0"
"PG3227 .K895 2014","0","0"
"PG3492.37.O9342 K43 2014","0","0"
"G161 .H2 3rd ser., no. 26","0","0"
"G161 .H2 3rd ser., no. 27","0","0"
"PN5214.L4 M67 2014","0","0"
"HQ1064.R9 S725 2013","0","0"
"HT169.G52 K854 2011","0","0"
"DK602.5.Z36  K545 2014","1","0"
"DS708 .P2935 2013","0","0"
"BP43.B54 K37 2011","0","0"
"PG3355 .K69 2013","0","0"
"PG3491.94.E433 U87 2004","0","0"
"PL8021.G5 L447 2014","0","0"
"HN639.A8 F54 2012","0","0"
"PA6480 .A43 2015","0","1"
"UA827 .S63 2011","0","0"
"DT652 .P56 2013","1","0"
"BX1612.B67 I85 2011","0","0"
"PG3483.2.R535 Z25 2003","3","0"
"PT1812.A3 Z6 2015","1","0"
"PT1812.A3 Z6 2015","1","0"
"PT1812.A3 Z6 2015","1","0"
"P94.65.B54 K87 2011","0","0"
"PA3948.D17 A63 2014","1","0"
"PG2987.R4 L62 2013","0","0"
"PQ3989.3.B5763 R66 2014","0","0"
"PR1228 .M39 2014","1","0"
"PT7246.K65 A2 2014","0","0"
"DC335 .H68 2014","0","1"
"P165 .M444 2013","0","0"
"GV1601 .P34 2012","0","0"
"PG3476.I8574 T4 1964","2","0"
"KJA147 .I69 2014","1","0"
"DS907.6 .Y55 2014","3","0"
"DS907.6 .Y55 2014","1","0"
"PG1419.23.A63 Z36 2012","0","0"
"P306 .M449 2012","0","0"
"HN380.Z9 M37 2012","0","0"
"PT2607.I6 Z75 2014","0","0"
"P95.8 .P36 2012","0","0"
"NB1807.G74 S746 2014","1","0"
"DR1775.M67 S54 2011","0","0"
"GR55.M3 L477 2013","1","0"
"PC794.B85 N43 2006","0","0"
"PG3476.T75 B67 2012","0","0"
"PR5221.R35 M9","1","0"
"PR5221.R35 M9","1","0"
"PR149.F35 B36 2014","2","0"
"PN56.M38 K725 2014","1","0"
"PR6003.U13 Z46 2014","1","0"
"JQ1789.A8 S29 1979","1","0"
"PR9619.3.L48 A6 2014","0","0"
"JQ1789.A8 S286 1982","1","0"
"JQ1789.A8 S285 1978","1","0"
"JQ1789.A8 S2889 1979","1","0"
"JQ1789.A8 S288 1982","1","0"
"JQ1789.A8 S289 1980","1","0"
"PL992.415.S92 A6 2014","0","0"
"PN51 .N379 2014","0","0"
"DD247.H5 K3195 2011","0","0"
"HC130.P6 P638 2012","0","0"
"PL992.96.H78 I5 2014","1","0"
"JQ1789.A8 S292 1980","1","0"
"JQ1789.A8 S295 1980","1","0"
"DF231 .H88 2014","0","0"
"DS777.54 .L57 2014","3","0"
"R127.1.H793 H86 2012","1","0"
"PA39 .E54 2014","0","0"
"JQ1789.A8 S33 1974","1","0"
"DT30.5 .K75 2011","0","0"
"D530 .M33 2013","0","0"
"DB36.3.H3 C66 2014","1","0"
"D1056.2.M87 A38 2015","1","0"
"DS63.123 .A336 2014","0","0"
"HX9.P47 K35 1975","1","0"
"PL8506.M3695 B3233 2012","2","0"
"PQ4088 .C455 2013","0","0"
"DS799.832 .H35 2014","0","0"
"JL3481 .P3745 2013","1","0"
"PT2642.R22 Z73 2014","0","0"
"NA1068.5.P6 B67 2009","0","0"
"BX1537.G3 P57 2014","0","0"
"PL2732.A56 Y86 2014","0","0"
"PL2732.A56 Y86 2014","0","0"
"E99.K84 H4713 1982","1","0"
"BP173.7 .A96 2014","0","0"
"BR1463.C17 M66 2010","0","0"
"HN752.5 .J36 2014","0","0"
"DT571.B47 M88 2008","0","0"
"DT82.5.G7 H87 2015","0","1"
"PG3479.4.R64 P64 2012","0","0"
"TX360.P4 D42 2013","2","0"
"PG3479.4.R64 Z835 2012","0","0"
"JQ1789.A8 T868 1973","1","0"
"BQ9266 .R43 1959","1","0"
"BF38.5 .C76 2013","2","0"
"DK43 .G734 2011","0","0"
"PQ2678.I9 Z46 2014","0","0"
"JQ1789.A8 T874 1964","1","0"
"PQ3801 .M68 2014","0","0"
"PQ7817.S22 C55 1991","2","0"
"DK507.75.K64 A3 2013","0","0"
"LB1028 .W45 2015","1","0"
"HQ766.3 .E29 2014","0","0"
"PG1396.B6 J34 2010","0","0"
"PG1396.B6 J34 2010","0","0"
"PG1396.B6 J34 2010","0","0"
"BF1071 .O86 2015","0","0"
"PR6118.O89 F35 2014","0","0"
"DS777.8 .H836 2014","1","0"
"DS135.C355 K66 2013","0","0"
"E91 .H37 2015","2","0"
"BQ6353.E352 E54 1988","1","0"
"PR6011.A74 M96 2014","4","0"
"DS764.23.L52 L56 2013","2","0"
"BX4705.M986 E53 2014","1","0"
"JQ3090 .L48 2015","2","1"
"F1789.J4 B45 2014","3","0"
"DS857 .S49 2014","1","0"
"PG3481.L24 T46 2000","0","0"
"DR1785.K35 C44 2012","0","0"
"BQ1529.5.P347 N53 1987","3","0"
"PG1245 .J65 2012","0","0"
"PG3478.Z47 G78 2011","1","0"
"PG1417.B6 K23 2011","0","0"
"BQ962.U554 A3 2014","0","0"
"BL53 .Y86 1977","1","0"
"PG1419.14.U396 Z464 2011","0","0"
"PR9372.9.A34 F57 2011","1","0"
"NA1387 .S53 2009","0","0"
"PG2835.T32 Z75 2012","0","0"
"BX4825 .E88 2014","0","0"
"BQ9415.4 .S59 2002","2","0"
"BX595 .I876 2013","0","0"
"PG2944 .R27 2008","0","0"
"JC599.C17 H86 2009","0","0"
"PL2811.I3 Z43 2014","0","0"
"PS3570.O3 W45 2003","1","0"
"D804.C76 M57 2014","0","0"
"HX276 .M27684","1","0"
"DT577.N57 A3 2011","0","0"
"DK679.5.N653 L6 2011","1","1"
"PN1356 .A68  2013","0","0"
"DD801.B135 S65 2014","0","1"
"PG2835.3.S55 P8 2013","0","0"
"HV6433.E85 S73 2012","0","0"
"PG3493.34.A885 B33 2006","1","0"
"PN6519.M44 N36 2014","0","0"
"PG2835.L93 Z55 2011","1","0"
"PN6222.B5 M67 2012","1","0"
"F2230.2.G72 T46 2010","1","0"
"PG1620.12.R25 S7 2012","3","0"
"PQ7390.A285 E5 1999","1","0"
"PT2625.A43 J833","0","0"
"HQ799.B62 C63 2003","1","0"
"PQ7390.A285 A64 1999","1","0"
"BS2615.52 .B45 2015","0","0"
"F3722.1.J5 B373 2000","1","0"
"F3722.1.J5 B373 2000","0","0"
"F3722.1.J5 B373 2000","0","0"
"F3722.1.J5 B373 2000","0","0"
"F3722.1.J5 B373 2000","0","0"
"KHK2204 .K53 2004","1","0"
"DR1699 .B87 2011","0","0"
"BQ4132 .B37 1997b","3","0"
"PH3382.14.R34 M34 2014","0","0"
"DC235.1 .P47 2014","0","0"
"PR6051.R564 L37 2014","0","0"
"GV1218.5 .F35 2014","0","0"
"PG2835.H3 Z847 2013","0","0"
"PR6056.I772 Z65 2014","0","0"
"PR888.H5 G728 2014","0","1"
"PS3552.U335 R3 1981","1","0"
"BQ9266 .L36 1992","0","0"
"KJA2294 .S876 2014","0","0"
"RC388 .M35","0","0"
"B440 .A97 2015","0","0"
"PT2009.S7 R6 2014","0","0"
"PT2009.S7 R6 2014","0","0"
"DS145 .S893 2014","0","0"
"GV1060.148.C95 N65 2014","0","0"
"Z819.S665 I78 2013","1","0"
"DS778.C593 Z468 2014","2","0"
"E302 .F82 1959","0","0"
"TR646.P4 L56 2012","1","1"
"KHC3003 .E95 2011","1","0"
"PA8502 .E5 1974","0","0"
"PA8502 .E5 1974","0","0"
"JQ1789.A8 T864 1973","1","0"
"PQ8217.N37 A58 1997","1","0"
"PQ8220.1.L93 A65 1998","1","0"
"HX385.2.A6 A23 1980","1","0"
"BL1478.6 .S9 1999","5","0"
"PK6561.A235 Q2 1980","1","0"
"GR133.C7 A531 1993","1","0"
"DS318.74 .S35 1980","1","1"
"PQ8220.1.R458 P37 1995","0","0"
"PQ8220.1.R45 C5 1995","1","0"
"PQ7822.G53 S65 2012","2","0"
"NA6057.U36 B96 1970z","1","0"
"HX260.3.A75 K86 2013","1","0"
"R601 .F36 2014","0","0"
"DS69.1 .R4","0","0"
"DS799.783 .Z4373 2014","0","0"
"DS799.783 .Z4373 2014","0","0"
"Z994.R8 G74 2010","0","0"
"P125 .U84 2012","0","0"
"DK42 .R818 2004","1","0"
"DK219.6.S35 A25 2013","0","0"
"BQ9269.4.C5 M33 1999","0","0"
"PG2580 .A553 2007","0","0"
"PG2580 .A553 2007","0","0"
"DS799.783 .Z4374 2014","0","0"
"DS134.92 .M35 2012","0","0"
"PQ8520.13.O8 U43 1999","1","0"
"BL1215.C45 S66 1985","1","0"
"PM5573 .M34 1999","1","0"
"BQ7935.B777 A3 1977","1","0"
"HD9502.A2 N493 2015","1","0"
"HQ1236.5.B5 U75 2010","1","0"
"PN2859.C96 S7965 2014","0","0"
"HD9502.A2 J66 2015","0","0"
"PQ8498.1.M6 D4 1994","2","0"
"DA512.W6 A3 2014","2","1"
"D522.42 .P475 2014","0","0"
"D522.42 .P475 2014","0","0"
"D522.42 .P475 2014","0","0"
"PQ7822.A47 M3 2001","1","0"
"DU600 .P45 2012","2","0"
"DS134.82 .L583 2013","1","0"
"JN2728 .R684 2014","1","0"
"BQ4690.B5 T35 2014","0","0"
"KHC2202 .T46 2009","1","0"
"DT1927.L37 A3 2014","1","0"
"DB941.H44 H44 2014","0","0"
"DS135.H9 L25 2014","1","0"
"PS379 .G73 2015","6","0"
"BQ7584 .G83 2015","1","0"
"TR6.U62 P67 2014","0","0"
"DF571 .K35 2015","0","0"
"PS303 .C29 2015","5","1"
"PS3608.A8933 C66 2014","0","0"
"DS135.S75 A7215 2015","0","0"
"DB2081.67133 .W65 2015","1","0"
"DT1831.C53 E43 2014","1","0"
"PA3257 .J36 2014","2","0"
"PR653 .E165 2015","0","0"
"PS3511.A86 Z78424 2014","0","0"
"E208 .S36 2015","1","0"
"PN3499 .W45 2015","0","0"
"PN603 .G57 2015","0","0"
"D863 .U55 2014","1","0"
"PR4392.S58 T85 2015","1","0"
"HQ1595.A3 K69 2014","1","0"
"PL2924.S47 Q5813 2015","0","0"
"D117 .F8513 2015","5","0"
"DS19 .N653 2015","3","0"
"PA6537 .T47 2014","2","1"
"F349.N2 B34 2015","4","0"
"DS56 .R57 2015","2","0"
"DK573 .M33 2015","0","1"
"B745.S35 K38 2015","2","0"
"PA6029.E87 C67 2015","1","0"
"PR3091 .S3666 2015","0","0"
"BD511 .U54 2015","6","0"
"E607 .Z56 2014","3","0"
"PG3415.F54 T69 2015","0","0"
"PR658.P65 M55 2014","0","0"
"DT658.26 .R24 2014","1","1"
"PS3572.O395 Z95 2015","1","0"
"PJ5122 .G55 2015","0","0"
"E161 .A8 2015","3","1"
"B1334 .K35 2014","2","0"
"DA69 .B65 2014","0","0"
"PR9199.3.Z95 C43 2015","0","0"
"DU615 .T45 2015","0","0"
"DT1355.C9 H3813 2015","5","0"
"PN1995.9.A8 L69 2015","4","1"
"HQ144 .G35 2014","1","1"
"E185.97.R27 A25 2014","2","0"
"D548 .G74 2014","0","0"
"PS3608.A882 A6 2014","0","0"
"E185.615 .D3837 2015","3","0"
"BX342.9.M35 D38 2014","0","0"
"PR3069.L3 I67 2014","0","0"
"PQ3989.2.D553 C3813 2015","1","0"
"BX4705.S814 C35 2014","3","0"
"PS3568.A698 A6 2015","7","0"
"DS247.9.S52 M38 2015","7","0"
"BX1308 .W45 2014","2","0"
"B395 .C36 2014","1","0"
"PN1995.9.R4 S35 2014","1","0"
"DG533 .R84 2015","4","2"
"PR691 .R58 2014","0","1"
"PN1995.9.I49 R48 2015","2","0"
"HQ27 .S5193 2015","0","0"
"E449 .P235 2015","1","0"
"E608 .T69 2015","5","0"
"HQ1438.T4 T58 2015","0","0"
"PA3438 .D38 2014","0","0"
"E184.M5 C36782 2014","0","0"
"BQ7672.6 .S2313 1988","0","0"
"HD4802 .R42 v. 40","0","0"
"PH3351.S576 A6 2014","0","0"
"BQ9449.D654 S53213 1986","1","0"
"PQ8550.1.R3 L544 1987","1","0"
"N6512 .A78 2014","2","1"
"N6512 .A78 2014","0","0"
"HQ1236.5.M6 D4 2006","0","0"
"DK268.S8 R23 2014","0","0"
"DS135.R9 M5448 2014","0","0"
"PT2607.O797 Z618 2013","0","0"
"DS732 .F35 2014","0","0"
"DS797.32.X884 N24 2013","0","0"
"PQ2063.S3 A6 2014","0","0"
"KHC462.M54 N56 2011","1","0"
"BQ7644 .F65 1982","0","0"
"RS131.64 .Y3673 2014","0","0"
"KHC2204.A67 E53 2006","1","0"
"HN110.5.A8 M647 2008","1","0"
"BQ9449.D65 S53213 1988","0","1"
"HM641 .M36 1980z","1","0"
"PA6514.N2 Z87 2014","0","0"
"PG3478.R24 S75 2014","0","0"
"DG300 .L87 2014","3","0"
"DS318 .B54 1972","1","0"
"LA1351 .F87 1977","1","0"
"PA6614 .B66 2014","0","0"
"BQ9265 .S66713 1985","2","0"
"HD1486.I58 B37 1973","1","0"
"PK1569.B64 M5713 2012","0","0"
"TP553 .P45 1972","0","0"
"PJ3771.G6 G23 2014","0","1"
"DK70.A2 B66 2011","0","0"
"PN6101 .P64 2010","3","0"
"BL2350.K87 R45 2014","0","0"
"LC4181 .M56 2014","5","0"
"DS575 .M37 2014","1","0"
"D838.P7 R46 2011","1","0"
"PQ2712.E145 T35 2014","0","0"
"PK6878.9.R34 K4514 2010","0","0"
"JC599.I7 A4419 1987","1","0"
"HV6322.3.B5 P37 2007","1","0"
"PQ3919.2.M665 L58 2009","2","0"
"PQ8498.25.L33 C84 2012","0","1"
"PQ8520.13.O8 A6 1994","0","0"
"HG353.5 .C456 2014","0","0"
"PQ3897 .A42 2005","0","0"
"PL2698 .C82 2014","0","1"
"PQ8180.1.C625 D481 1990","1","0"
"CD6174.5.C452 A4 2014","0","0"
"BF637.C5 A726 1980","2","0"
"B4231 .K684 2014","0","0"
"PL2740 .K8 2014","0","0"
"PK2903 .W67 2011","0","0"
"PK2903 .W67 2011","0","0"
"BL1112.26 .W675 2012","0","0"
"BL1803 .Z435 2014","0","0"
"PQ4863.O8943 S66 2014","0","0"
"DT1 .C45 2014, no. 85","0","0"
"PL1103 .Y553 2014","0","1"
"GR154 .L575 2014","0","0"
"PG1418.P4 Z6438 2012","0","0"
"PQ7820.O63 P64 2009","1","0"
"BQ9415.4 .S89 1970z","1","0"
"PA6813.B7 G34 2014","0","0"
"BQ5590.S5 T48 1982","1","1"
"PQ7820 .C38 2011","0","0"
"BL570 .Z57 2014","0","0"
"DS290 .I57 2010","1","0"
"PN1009.A1 R37 2015","2","0"
"PQ6066 .A78 2014","0","0"
"PR4038.C58 E54 2015","0","0"
"PN2598.D447 A3 2014","0","0"
"PS3558.A67 B54 2015","5","0"
"PA6791.V5 B75 2014","1","0"
"DU124.C45 K74 2015","0","0"
"DS740.5.A345 O45 2014","0","0"
"BJ1251 .J85 2015","0","0"
"DT433.57 .F39 2015","4","0"
"DS480.45 .K349 2014","0","0"
"DC420 .N47 2014","1","0"
"PR3069.B58 D57 2015","1","0"
"PS3608.O93 D75 2015","0","0"
"DS913.4 .E25 2015","2","0"
"BS670 .W237 2015","1","1"
"E443 .W47 2015","5","0"
"BD450 .M2528 2015","1","0"
"PS374.E9 D85 2015","1","0"
"PN1590.W64 G74 2015","3","0"
"E846 .Z45 2015","4","1"
"D2024 .F75 2015","1","0"
"PL698.W65 N3413 2014","2","0"
"DS135.L53 C54 2014","1","0"
"PQ3948.5.H2 H35 2014","0","0"
"D805.5.S96 C4713 2015","0","0"
"PN1993.5.U6 R97 2015","2","0"
"PR698.H63 H47 2014","1","0"
"PN1083.I47 L38 2014","1","0"
"PJ8209 .E43 2014","0","0"
"DS288 .S613 2015","1","0"
"DS432.M65 M383 2014","0","0"
"DS38.6 .E34 2015","6","0"
"BS2585.52 .M38 2015","5","1"
"PR113 .M38 2014","4","0"
"DL458 .T38 2014","0","0"
"DR431 .H37 2015","2","0"
"BX750.P6 W96 2014","0","0"
"DS775.2 .Y56 2014","0","0"
"DT433.545.M33 L54 2014","1","0"
"DS910.18 .C46 2015","0","0"
"BD241 .G665 2014","2","0"
"E377 .L45 2015","1","0"
"PL2449 .R47 2014","0","0"
"BS2825.52 .G73 2015","0","1"
"F596.3.S75 F54 2015","0","0"
"PE1083 .R38 2015","2","0"
"PS3511.R94 Z763 2014","0","0"
"E184.R9 G67 2015","1","0"
"PK6285 .F36 2014","0","0"
"PN1042 .S576 2015","0","0"
"D16.8 .B285 2015","1","0"
"PQ6072 .M57 2014","0","0"
"DP86.I8 D45 2015","0","0"
"BL2490 .B43 2015","3","0"
"B105.R23 M38 2015","1","0"
"E664.F69 L46 2015","2","0"
"DS119.76 .D47 2014","0","0"
"DA334.C9 B67 2014","1","0"
"PN241 .T27 2015","0","0"
"BX669.K66 M613 2014","0","0"
"DS135.T8 B334 2015","0","0"
"E475.27 .D67 2014","1","0"
"DG975.G3775 D5213 2014","0","0"
"PS3604.E768 A6 2014","1","0"
"PR9199.4.H3566 A83 2014","0","0"
"BS2506.3 .O75 2014","0","0"
"PR9199.3.S67 B43 2014","0","0"
"PQ4863.A3894 B5713 2014","2","0"
"PS3626.U42 B75 2014","0","0"
"DA480 .P34 2015","0","0"
"PK9169.C587 B713 2014","0","0"
"PR6053.H786 Z78 2015","0","0"
"D1053 .G48 2015","0","0"
"PR9199.3.G5248 Z58 2014","0","0"
"PS3563.A653 C66 2014","2","0"
"PH3382.2.A89 D48 2014","1","0"
"BL410 .S95 2014","0","0"
"PS3615.S6 A6 2015","0","0"
"PN1995.9.P783 E38 2015","0","0"
"PS3557.A411456 E24 2014","0","0"
"BL65.U54 H36 2014","1","0"
"PS3561.O313 A6 2014","0","0"
"PS3608.I88 E76 2014","0","0"
"PS3563.E885 E87 2014","0","0"
"PS3572.A546 E94 2014","0","0"
"PS3603.A427 G63 2014","1","0"
"PS3604.O5627 A6 2014","0","0"
"BD222 .B57 2015","3","0"
"PR9199.3.A175 A6 2014","0","0"
"PS3527.O56 I2 2014","1","0"
"BS2665.53 .R637 2014","2","0"
"PN2080 .I5225 2014","2","0"
"PG3486.E24 A2 2014","0","0"
"PS3619.T698 I56 2014","0","0"
"E185.53.A1 I58 2015","5","0"
"PN1997.I65 P35 2015","3","0"
"BP161.3 .R38 2015","1","0"
"PS3612.A54774 J33 2014","0","0"
"BX7260.E3 H37 2015","1","1"
"DS59.K86 P54 2015","2","0"
"PK9169.J39 K8213 2014","0","1"
"P301.5.S63 L36 2015","4","0"
"BX9721.3 .L55 2014","0","0"
"PK9169.K665 A2 2014","0","0"
"PS374.P633 B86 2015","0","0"
"DA68.12.W4 A4 2014","1","0"
"PS3569.H434 A6 2014","1","0"
"PS3607.O5922542 N62 2014","1","0"
"D639.P77 N68 2014","3","0"
"PA4025.A5 S33 2014","9","0"
"PN1584 .S33 2015","1","0"
"PS3620.A32 P47 2014","0","0"
"PN1995 .M2435 2015","3","0"
"B2430.B253 P6313 2014","13","1"
"PS3568.E7962 P67 2013","1","0"
"D2024 .M36 2015","1","0"
"PS3607.A415443 R43 2014","0","0"
"PS3559.S66 Z46 2015","0","0"
"BS2825.53 .B43 2015","0","1"
"PS3607.R48 S33 2014","0","0"
"BX4827.S3 S345 2013","0","0"
"BX4827.S3 S345 2013","0","0"
"BX4827.S3 S345 2013","0","0"
"PA5631.S324 O3513 2015","0","0"
"HQ27 .D38 2014","0","0"
"BL290 .M87 2015","3","0"
"DS822.3 .M55 2013","0","0"
"BL240.3 .C65 2014","0","1"
"PS3513.E64 S85 2014","0","0"
"PS3603.U65557 T36 2014","1","0"
"PR6058.U37 Z843 2015","0","0"
"PR6063.I785 Z75 2015","2","0"
"PS3612.O356 T44 2014","0","0"
"PS3551.N7155 T56 2014","0","0"
"PS3611.E567 T66 2014","1","0"
"PS3552.A7339 T69 2014","0","0"
"PL248.S288 A2 2014","0","0"
"PK9169.A924 A2 2014","0","0"
"D811 .M658 2014","2","1"
"PS3615.R834 W38 2014","0","0"
"PR9199.3.T455 W54 2014","0","0"
"BT203 .W4783 2014","0","0"
"PS3552.R3668 W53 2014","0","0"
"PS3620.A65 Y68 2014","3","1"
"E184.I5 H895 2013","1","0"
"PQ1590 .A2 2014","1","0"
"DS274.2.U6 A47 1980z","1","0"
"PQ2623.E424 Z5 2014","1","2"
"HD860.2 .K48 1979","1","0"
"BL1237.36 .N578 1996","2","0"
"D1058 .K54 2014","0","0"
"RC564 .S93 2012","1","0"
"BL1920 .B45 1991","1","0"
"BX890 .C465 2014","0","0"
"BX890 .G395 2014","0","0"
"PL861.H48 K813 2003","0","1"
"P95.455 .D55 2014","1","0"
"PN3437 .C88 2014","2","0"
"PR468.A578 L49 2014","0","0"
"DS135.R73 G75 2014","0","0"
"PA4011 .S36 2014","1","0"
"JC585 .S7348 2013","0","0"
"PG5025.5 .B375 2013","3","0"
"LB475.C6 J252 2014","1","1"
"HE278.A3 N58 2014","1","0"
"DS715 .Q56 2014","0","0"
"DS97.2 .G46 2012","0","0"
"DS797.32.F674 L524 2014","0","0"
"NX575.7.T8 T87 2011","1","0"
"PJ7950.U733 V47 2010","0","1"
"PN86 .H5 1992","0","0"
"BQ1955 .Y36 2014","0","0"
"HD9547.P4 K45 2015","0","0"
"JQ1879.A795 R54 2014","4","0"
"HF5415.153 .K53 2015","5","0"
"HV6025 .T39 2015","0","0"
"HG178.33.I4 S366 2014","1","0"
"HM1111 .F673 2015","0","0"
"GR110.T5 I46 2014","1","0"
"LB1027.23 .E55 2015","5","0"
"KF4749 .B39 2015","1","0"
"JL1292 .M526 2015","4","0"
"JF494 .B54 2014","1","0"
"HV1276.7 .M35 2014","1","0"
"QC945 .S384 2015","5","0"
"JQ1510 .W368 2015","0","0"
"JF799 .G35 2015","1","0"
"LC151 .F45 2015","1","0"
"HB615 .F266 2015","0","0"
"LC238 .F34 2015","1","0"
"HD8072 .G764 2015","1","0"
"JV7416 .J66 2014","3","0"
"JC423 .A578 2014","5","0"
"HT169.I54 J3775 2014","1","0"
"HF5813.U6 S748 2015","0","0"
"GR581 .M38 2014","1","0"
"JK2281 .D57 2015","2","0"
"P95.82.U6 M384 2015","1","0"
"JV6217.5 .B73 2013","3","0"
"HM766 .B74 2014","7","0"
"HT861 .S33 2014","3","0"
"BP10.J383 N233 2013","0","0"
"F392.R5 Y48 2015","0","0"
"LC191.8.P4 P47 2010","1","0"
"CB251 .L58 2014","0","1"
"BL65.P7 Z65 2014","0","0"
"HQ1558 .M88 1994","0","0"
"PE1130.P4 B37 1991","2","0"
"PQ8550.17.O42 E98 1990","0","0"
"HG4530 .R33 2015","0","0"
"JC574.2.E85 A67 2015","1","1"
"HM1211 .B74 2014","0","0"
"HV6534.N5 A66 2015","0","0"
"HM656 .G76 2014","0","0"
"JQ1519.A5 H373 2014","0","0"
"JZ6009.A75 C55 2015","1","0"
"HD38.5 .C56 2015","0","0"
"JN2606 .L37 2015","0","0"
"HD60.5.C6 C67 2015","0","0"
"HV6080 .C685 2015","0","0"
"HV6768 .P585 2015","0","0"
"LC220.5 .D437 2015","2","0"
"HF5415.5 .H867 2015","2","0"
"HD8039.M62 U6494 2015","1","0"
"HG1496 .R35 2015","0","0"
"LB1067 .K63 2015","6","0"
"HV8501 .R68 2014","2","0"
"HD9581.R94 G3955 2015","1","0"
"PN4775 .G565 2014","0","0"
"HF5414 .H364 2015","0","0"
"HF5414 .H364 2015","0","0"
"HF5414 .H364 2015","0","0"
"BF637.N4 M66 2015","0","0"
"HC440.5.Z9 C327 2015","0","1"
"HE582 .W55 2014","0","0"
"HV553 .A74 2015","2","1"
"LB1028 .M2638 2015","1","0"
"HE8700.65 .P47 2015","0","1"
"HB114.K35 M534 2015","0","0"
"HD9506.U63 C396 2014","0","0"
"GT1582 .J36 2015","2","0"
"LC2731 .C65 2015","1","0"
"HD4869 .N355 2015","0","0"
"E78.O3 S76 2014","1","0"
"HD30.19 .K373 2014","3","0"
"HV9469 .M355 2015","1","0"
"HB103.S6 P76 2014","0","0"
"HE8697.25.E85 R33 2015","0","0"
"HV6558 .M47 2015","0","0"
"GV722.5.P37 R45 2015","1","0"
"HG1778.E8515 S64 2014","0","0"
"HM479.B68 R68 2014","3","1"
"HC427.92 .B738 2015","0","0"
"JK468.I6 S755 2014","5","0"
"LB14.7 .C86 2014","0","0"
"K3242 .T69 2014","0","0"
"P306 .T743 2014","2","0"
"HD60 .T744 2015","0","0"
"HG220.3 .A74 2013","0","0"
"LC2781.5 .B528 2015","4","1"
"HT241 .F79 2015","2","1"
"HC79.E5 C594 2015","1","0"
"JN30 .B378 2014","1","0"
"HM1261 .C643 2014","1","0"
"HV10.5 .D48 2014","0","0"
"HM851 .L864 2015","2","2"
"LB2822.8 .D83 2015","0","0"
"KF4758 .N48 2015","1","0"
"BF575.A3 G38 2015","0","1"
"HV6030 .C37 2015","1","1"
"LA217.2 .R4955 2014","0","0"
"HM1271 .S465 2015","1","0"
"HQ759 .H722 2015","0","0"
"LC71 .H64 2015","0","0"
"HD9999.L323 U545 2015","0","0"
"LC149 .G44 2015","2","0"
"HT169.G72 L6175 2015","0","0"
"LB1027.9 .M399 2015","4","0"
"KF9444 .C87 2015","3","0"
"BF722 .C37 2014","0","0"
"KF31.5.I5 U55 2014","2","0"
"HD30.28 .S86 2015","0","0"
"HC415.15.S9 S82 2014","0","0"
"BF175.4.R44 T54 2014","1","0"
"JC423 .T63 2014","0","0"
"HT361 .U7178 2014","1","0"
"HV11.7 .B64 2014","0","0"
"PS3555.R4 C717 1978","1","0"
"HQ1236.5.B5 L39 1991","1","0"
"PL1900.T54 T36 2014","0","0"
"BJ1289 .C48 1969","1","0"
"HV9793 .M56 2014","0","1"
"BP166 .M87 1980z","2","0"
"AI19.P47 F57 1969","3","0"
"PL2724.U54 A6 2014","0","0"
"CD6179.Z436 Z436 2011","0","0"
"BP135.A2 Q3517 1964","2","0"
"BT774 .C65 2014","0","0"
"DS783.4 .Z437 2013","1","0"
"PN2878.Z53 Y84 2014","1","0"
"PN2878.Z53 Y84 2014","0","0"
"BP109 2002b","2","0"
"DS741.55 .P363 2014","0","0"
"DS149 .I85165 1974","1","0"
"PG3233.5 .K728 2006","0","0"
"PG3233.5 .V46 2007","1","0"
"PG3233.5 .T92 2001","1","0"
"PG3233.5 .P75 2003","2","0"
"PG3482.5.Z294 N45 2014","0","0"
"PG5039.12.R93 M89 2014","0","0"
"GN487 .H36 2014","0","0"
"PG3233.5 .S473 2004","1","0"
"PG5024 .J45 2013","0","0"
"PG5038.S48 R42 2014","0","0"
"PG3233.5 .L583 2008","1","0"
"PG3233.5 .V228 2008","0","0"
"AZ195 .R47 2015","3","0"
"TS155.63 .F335 2013","2","0"
"PG3505.I95 G52 2010","0","0"
"PQ3989.2.E3535 E68 2013","1","0"
"PG3233.5 .S88 2011","0","0"
"PG3233.5 .S158 2011","0","0"
"PG3229 .N36 2012","0","0"
"PR9199.3.W3166 H66 2014","1","0"
"PG3229 .V47 2012","0","0"
"PG3229 .I2 2013","0","0"
"PG3229 .L58 2013","0","0"
"PG3229 .S47 2014","0","0"
"PS3513.I25 A58 2003","0","0"
"PQ9698.13.O3546 A4517 2003","1","1"
"DP140.3 .E63 2014","4","1"
"BX1378.7 .S3313 2014","1","0"
"DS101.5 .I56 2011","1","0"
"PF3121 .H37 1978","2","0"
"PS866.W5 Z76 2014","3","0"
"LF3195.B44 L83 2014","0","0"
"PT2617.I354 Z79 2014","0","0"
"PR9530.9.S25 B66 2013","0","0"
"DK169.D65 R69 2014","1","0"
"PL1271 .Z4377 2014","0","0"
"HD1333.B52 M695 2007","0","0"
"DK651.U375 P68 2013","1","0"
"LA839.3 .E755 2014","0","0"
"HF3839.S43 Q256 2014","0","0"
"HF3839.S43 Q256 2014","0","0"
"HF3839.S43 Q256 2014","0","0"
"HX385.2.A6 B84 1977","1","0"
"BL80.3 .E884 2004","0","0"
"B2903 1968","0","0"
"PQ141 .H14 1977","0","0"
"PL1235 .H8276 2014","0","0"
"HD8039.M61 P473 2005","1","0"
"DS318.8 .I665 1981","1","0"
"PL2677.L52 Z936 2013","0","0"
"PQ8180.1.R553 C63 1996","0","0"
"PN1993.5.C6 Z434 2014","0","0"
"HF3839.S43 Q256 2014","0","0"
"PK6561.S787 S58 2003","0","0"
"BL1910 .K612 2014","0","0"
"PQ8220.1.R53 C67 1994","1","0"
"HQ783 .M36 1996","0","0"
"BQ9268.7 .A34 1989","0","1"
"PG3228.E94 C48 2014","0","0"
"PG3465.A66 M65 1978","1","0"
"F2349.A1 C656 2002","0","0"
"DS734.9.W84 A25 2014","0","0"
"DS795.8.F67 T98 1987","0","0"
"HC340.12.Z7 P455 2014","0","0"
"NB1912.B83 S26 2012","1","0"
"P35 .C8 1987","3","0"
"PG3481.2.R65 U458 2014","0","0"
"DK507.76 .C49 2013","1","0"
"BQ4570.N3 I68 1990","1","0"
"PT2617.E946 U4 2009","0","0"
"PT2617.E946 U4 2009 Suppl.","0","0"
"DD3 .M83 Bd. 67, T. 1","0","0"
"DD3 .M83 Bd. 67, T. 2","0","0"
"PN6071.W75 N55 2010","0","0"
"PK6561.S56 D3 1972","1","0"
"HC340.T4 O746 2014","0","0"
"HC340.T4 O746 2014","0","0"
"DS764.23.D37 A3 2014","0","0"
"DS810 .F925 2014","0","0"
"CT3990.M6 A3 2014","0","0"
"Z720.W464 A3 2014","0","0"
"PL2415 .X828 2014","0","0"
"PL2734.Z5 A4 2014","0","0"
"PL2734.Z5 A4 2014","0","0"
"PL2463.Z6 G82 2014","0","0"
"B126 .C4756 2014","0","0"
"PL2447 .D65 2014","0","0"
"BQ6345.D85 C45 2014","0","1"
"PL2457.A5 S86 2014","0","0"
"B127.L64 D65 2014","0","0"
"B127.L64 D65 2014","0","0"
"HG3334 .H47 2014","0","0"
"GV1692.Z45 W924 2014","0","0"
"LC54.C6 L54 2014","0","1"
"B126 .C3666 2014","0","0"
"DS797.82.L537 D39 2014","0","0"
"Z1029 .D464 2014","0","0"
"PL2347 .L534 2014","0","0"
"BQ999.H53 A25 2014","0","0"
"PL2625 .B524 2014","0","0"
"PL2822.J8 Z46 2014","0","0"
"DS731.C5 C44 2013","0","0"
"HN740.T65 Y36 2013","0","0"
"HQ1075.5.C6 M33 2013","0","0"
"DS793.S62 T534 2013","0","0"
"BL1825 .J57 2013","0","0"
"PL2261.L483 Y364 2014","0","0"
"PL2675 .Z434 2014","0","0"
"PL2675 .Z434 2014","0","0"
"BL1910 .H33127 2014","1","0"
"BL1910 .H33127 2014","1","0"
"PL2667.H73 Z935 2014","2","0"
"PL2357 .C443 2014","0","0"
"DS747.37 .L58 2014","0","0"
"DS761 .R53 2014","0","0"
"PN1993.5.C4 W82 2014","0","0"
"DS734.9.C49 L589 2014","0","0"
"DS740.4 .Y828 2014","0","0"
"BQ8218.3 .W824 2014","0","0"
"PL2466.Z6 W945 2014","0","0"
"DS797.82.Z436 G86 2014","0","0"
"GT3031 .G87 2014","0","0"
"DS734.9.W355 A3 2014","0","0"
"PL2309.C45 P46 2014","0","0"
"DS793.H5 S86 2014","0","0"
"D630.A537 A4 2014","0","0"
"DR39 .B25 2014","0","0"
"PL2409 .W28 2014","0","0"
"HD5812.56 .A5 1974","2","0"
"DD3 .M83 Bd. 68","0","0"
"PL2297 .L537 2014","1","0"
"CT1458.J69 A3 2011","0","0"
"E29.F8 M68 2013","1","0"
"JC423 .T46 2014","0","0"
"HB113.2.B78 A3 2013","0","0"
"PR1309.H6 F73 2014","5","0"
"B408 .B63 2014","1","0"
"PG3479.6.A824 M48 2001","2","0"
"BD311 .K73 2014","0","0"
"DS135.L53 M3513 2015","0","0"
"DS135.I8 S56 2014","0","0"
"DK651.S85 I82 2014","0","0"
"DR1309 .R4735 2013","0","1"
"DK29.2 .C76 2014","1","0"
"PN56.M38 M394 2014","0","0"
"PN56.M38 M394 2014","0","0"
"PN56.M38 M394 2014","0","0"
"PG3481.4.I478 A6 2014","0","0"
"DK651.T24 S55 2010","1","0"
"PG3476.S472 Z68 2014","2","0"
"H29.R9 G86 2012","0","0"
"NX650.P6 M434 2014","0","0"
"DS797.56.S894 C436 2014","1","0"
"RS175.C5 M67 2007","1","0"
"PG1401 .R23 2013","0","0"
"BX4705.G786 M57 2007","0","0"
"PQ8180.1.L97 H67 1996","2","0"
"PM5468.6 Q48 2004","1","0"
"PR5115.P2 Z743 2014","4","0"
"PR9199.3.M2985 A65 2014","1","0"
"PG3229 .I28 2014","0","0"
"PL1077 .G36 2014","0","0"
"LB3013.34.B5 M65 2011","0","0"
"GN475.8 .M47 2012","0","0"
"DR435.K87 Z49 2013","0","0"
"HE278 .S827 2014","0","0"
"F3100 .B75 2008","0","0"
"PH3125 .G73 2013","0","0"
"CT696 .M36 2010","0","0"
"F2551 .N954 2013","0","0"
"PC3942.29.I34 A4318 2005","0","0"
"PQ7539.2.C34 A8 2001","1","0"
"P901 .K48 2013","0","0"
"PQ6323.A5 P47 2014","3","0"
"F2230.2.K4 T392 1996","0","0"
"BX4690.C95 B83 2014","0","0"
"HD9663.C952 K643 2013","0","0"
"PS3537.C5253 A6 2014","0","0"
"BH221.C944 K683 2013","0","0"
"PN5246.Z38 S63 2014","0","0"
"DK32 .G46 2014","0","0"
"DG571 .G3934 2014","0","0"
"Z305 .C74 2012","0","0"
"PN849.E9 M456 2013","0","0"
"PL992.17.C38 P82 2010","1","0"
"E184.K6 A425 2013","1","0"
"PQ8550.1.C57 M56 1985","1","0"
"PQ8550.1.R2412 O8 1983","0","0"
"KH136.W64 A83 2011","0","0"
"PR6053.A714 F76 2014","0","0"
"NA887.G8 B63 1992","1","0"
"PQ7820.C67 T67 1998","1","0"
"JL2281 .J68 2003","0","0"
"PG5007 .P67 2014","0","0"
"F2230.2.G72 J67 2009","1","0"
"PL992.17.C38 T35 2010","1","0"
"PL992.17.C38 H945 2011","0","0"
"GR342 .E53 2014","3","0"
"DS119.7 .P457 2013","0","0"
"PN721 .K56 2014","0","0"
"PL992.17.C38 P58 2011","0","0"
"PL857.I78 L34 1990","0","0"
"F2230.2.K4 K64 1992","2","1"
"PL857.I78 N53 1984","0","0"
"F2230.2.A9 Q26 2008","1","1"
"DC135.P8 A4 2014","2","0"
"F2230.2.A9 L87 2008","1","1"
"PQ4861.U33 L38 2014","0","0"
"PL907 .K686 2014","2","0"
"PQ4913.A45 C37 2014","0","0"
"F2230.2.A9 Q53 2008","1","1"
"HN730.5.Z9 C35 2014","0","0"
"DK771.Y2 G588 2013","0","0"
"HQ1064.C94 P48 2013","0","0"
"PQ4253.2 .M38 2014","0","0"
"PH3145 .H855 2013","0","1"
"PL976.8 .P35 2014","1","1"
"HC417 .A44 2014","0","0"
"PS3505.H3224 Z644 2014","1","0"
"DK510.763 .T6556 2014","0","0"
"LC213.3.L29 E38 2008","0","0"
"PQ4817.A33 Z7933 2014","0","0"
"HV6432 .M3795 2014","1","0"
"PN1995.9.L6 U53 2014","0","0"
"DR921 .I53 2011","1","0"
"NK4650.A6 P84 2014","0","0"
"JC599.S63 N62 2014","3","0"
"PN3448.D4 P73 2013","1","0"
"PL857.I78 T624 1998","0","0"
"PT2625.U8 Z878 2014","0","0"
"KHF2000 .D45 2010","0","0"
"PQ7822.M686 P67 2012","1","0"
"PQ7819.T25 Z53 2012","1","0"
"HD6250.P43 L567 2003","1","0"
"DC801.V56 F47 2013","1","0"
"CD1214 .B37 2014","0","0"
"DC36.98.R56 G46 2014","0","0"
"PQ4872.A34 Z67 2014","0","0"
"DG70.N35 A46 2014","0","0"
"PL857.I78 K62 1984","0","0"
"PQ4827.E93 Z73 2014","0","0"
"PG5007 .W54 2014","0","0"
"PL857.I78 K6 1979","1","0"
"D414 .A948 2014","0","0"
"D414 .A948 2014","0","0"
"HD1531.B7 F67 2008","0","0"
"R123 .P76 2014","0","0"
"PL857.I78 I97 1982","0","0"
"PQ7822.B373 M56 2011","0","0"
"PL1103 .L868 2014","0","0"
"DD257.4 .B88 2014","0","0"
"DS796.S25 Y88 2014","0","0"
"F3721.3.F65 C67 1995","3","0"
"PN1997.O6853 O88 2014","0","0"
"HQ1236.5.B5 S45 2003","1","0"
"D550 .R68 2014","0","0"
"D550 .R68 2014","0","0"
"PQ8208 .A36 1984","2","0"
"N7485.K6 P32 2014","3","0"
"HV6431 .S45928 2011","0","0"
"N6834.5.M8 B66 2014","0","0"
"BX4705.T681435 J66 2014","0","0"
"B369 .S47 2014","0","0"
"PG3481.2.L617 Z67 2012","0","0"
"NA7863.R8 I853 2012","2","0"
"PG5031.4 .V54 2014","0","0"
"PG5039.18.R2 Z928 2014","1","0"
"PN2859.C96 W3828 2014","0","0"
"BR1720.P7 Z95 2014","1","0"
"BR1720.P7 Z95 2014","1","0"
"HC253 .C36 2014","0","0"
"PL992.17.C38 A6 2013","0","0"
"F2230.2.G72 H87 2008","1","1"
"CD1741 .K354 2014","0","0"
"PL992.17.C38 A6 2013","0","0"
"PG7053.G75 M65 2014","0","0"
"PQ7820.U7 A83 2004","1","0"
"BX1564 .S545 2014","0","0"
"PQ7819.C35 C4 2000","0","0"
"PG7167.A7 Z74 2013","0","0"
"PM6306 .M255 2006","0","0"
"PQ8220.23.A425 C6 2004","1","0"
"DK4800.L7853 C42 2014","1","0"
"PG7070 .W246 2014","0","0"
"PQ9939.C68 A83 2005","0","0"
"DK4449 .S82 2014","0","0"
"PG7158.Z42 Z689 2013","1","0"
"DK4395.P38 A4 2014","0","0"
"HF1025 .P644 2014","0","0"
"DX223 .S9355 2014","0","0"
"DK268.4 .O755 2014","0","0"
"DS135.A92 V5454 2013","1","0"
"H62.5.C9 D48 2014","0","0"
"D804.G3 K96 2014","0","0"
"DB2078.H9 P736 2014","0","0"
"DK651.R93 M272 2013","0","0"
"DK651.V3744 V427 2010z","1","0"
"UG626.2.Z895 M85 2013","0","0"
"B63 .M35 2007","0","0"
"F3327 .M36 2006","0","0"
"PN2875.J53 K83 2014","0","0"
"DS119.76 .F499 2014","1","0"
"DS734.9.T465 A3 2014","0","0"
"DS754.12 .L56 2014","0","0"
"PQ7085 .C7935 1986","0","0"
"PL2333 .Z466 2014","0","0"
"PL2386 .W364 2014","0","0"
"DS797.26.Z436 M56 2014","0","0"
"DS797.26.Z436 M56 2014","0","0"
"PT2617.O47 Z48 2014","0","0"
"PM6305 .C47 2008","0","0"
"KHC3009.W64 B65 2012","0","0"
"HC237 .C64 1981","0","0"
"BQ7479.8.N344 Y855 2014","0","0"
"PT1509 .Z9 2014","0","0"
"PT1509 .Z9 2014","0","0"
"P299.G73 P36 2014","1","0"
"BF448 .P38 2014","7","0"
"PQ8355 .L38 2012","1","0"
"HB72 .R657 2015","11","1"
"HD9502.B62 B65 2010","0","0"
"HC430.I5 L565 2014","0","0"
"KHC5532 .D45 2012","2","0"
"DB2225 .S85 2014","0","0"
"F3721.1.C48 C35 1997","0","0"
"E184.P85 L367 1989","0","0"
"Z3101 .E728 2014","0","0"
"K3585 .P463 2012","0","0"
"PN1998.3.W475 O85 2014","0","0"
"DB2035 .B76 2014","0","1"
"PN1995.9.V5 S498 2014","0","0"
"CN513 .C66 2013","0","0"
"HN280.Z9 I68 2009","0","0"
"BS2387 .H66 2014","0","0"
"KHQ5491 .A956 2002","0","0"
"HQ784.T45 U76 2014","1","0"
"PQ4867.A695 V58 2014","0","0"
"PQ8098.1.M68 H65 1998","0","0"
"GN564.A53 A68 2008","0","0"
"PQ7822.G55 C46 2012","0","0"
"DD171 .B697 2014","1","0"
"PG5039.23.A34 Z74 2014","1","0"
"HV8269.9.A2 S66 2013","0","0"
"DG992.8 .B6713 2013","0","0"
"DK38 .M567 2014","0","0"
"DK600.3.G46 S64 2014","0","0"
"BX601 .T682 2014","1","0"
"DK510.763 .R8927 2014","0","0"
"DK507.54 .D475 2011","0","0"
"JQ1509.5.C57 Y363 2014","0","0"
"PG5004.5 .P56 2014","0","0"
"HC428.S47 S354 2014","0","0"
"HC428.S47 S354 2014","0","0"
"HG3124 .L598 2014","0","0"
"PT2525 .A1 1978","1","0"
"D764.7.F73 F436 2013","1","0"
"PT2525 .A1 1978","1","0"
"B4279.T683 E944 2014","0","0"
"PQ7820.C19 G84 2012","1","0"
"PL2519.F6 Q56 2014","0","1"
"PQ8401 .K7518 1991","2","0"
"PQ7822.A38 T74 2003","1","0"
"BL65.P7 M66 2014","0","0"
"DK273 .T784 2014","0","0"
"DC236.1 .M494 2014","0","0"
"PN1995.9.I72 U34 2014","0","0"
"D802.B382 M5689 2014","0","0"
"PQ7822.A39 A63 2012","1","0"
"BD416 .K73 2014","0","0"
"DK268.K568 A3 2014","0","0"
"HD6116 .A36 1998","0","0"
"PA8500 1969","0","0"
"PA8500 1969","1","0"
"DC113 .F477 2014","0","0"
"D8 .A89 2014","0","0"
"D13 .O335 2014","0","0"
"DT295.5 .S28 2014","0","0"
"PJ5120 .W35 2014","0","0"
"PT2609.N9 F45 2014","1","0"
"DC34.5.M87 P54 2014","0","0"
"PG5038.S45 Z62 2014","0","0"
"Z113.3 .C652 2014","0","0"
"DK264.8 .R672 2014","0","0"
"HQ799.S69 R693 2014","3","0"
"DK265.7.N46 A3 2014","0","0"
"BX410 .S553 2014","0","0"
"GN585.C3 G76 2014","1","0"
"LB2326.3 .S55 2013","0","0"
"CT947.H25 H257 2014","0","0"
"PG5040.2.I34 P73 2014","0","0"
"PL992.17.C38 S36 2011","0","0"
"LC3950 .A36 v. 28","0","0"
"PL992.17.C38 Y84 2012","0","0"
"PL992.17.C38 M37 2012","0","0"
"PQ8180.41.L9 P54 2003","2","0"
"PL992.17.C38 O88 2011","0","0"
"PQ7820.P39 B55 2012","1","0"
"JL2298.M39 K66 2007","0","0"
"B127.C65 Z68 2014","0","0"
"BX3714.C6 A15 2003","0","0"
"PL2306 .C44 2014","0","0"
"PQ6287 .D574 2014","0","0"
"F2651.S135 G84 2010","0","0"
"HG1778.R9 K382 2014","0","0"
"PR2638 .B56 2015","0","0"
"BR115.C8 C44434 2015","3","0"
"DF275 .C58 2015","4","1"
"DS146.E85 E46 2014","0","0"
"CT275.S43458 K75 2015","0","0"
"PJ7519.W66 H36 2014","1","0"
"DA990.K42 D87 2014","0","0"
"PT149.J4 M84 2014","0","0"
"PQ8098.23.A756 Z93 2015","0","0"
"E457.2 .K37 2015","4","0"
"DJ411.A55 L55 2015","1","0"
"PR6045.O72 M7 2015","19","0"
"PL1201 .B39 2014","0","0"
"DP243 .H37 2015","0","0"
"BM755.S525 E855 2015","0","0"
"BM517.S63 Y33 2015","0","0"
"PS3618.O257 S55 2014","1","0"
"PA3973.H4 M37 2014","1","0"
"BR794 .C35 2015","3","0"
"F1219.75.R45 T49 2014","3","0"
"PS3613.O77864 A6 2014","0","0"
"PB1399.O43426 D6713 2014","0","0"
"PN56.M54 F67 2015","1","0"
"E184.I6 J36 2015","1","0"
"DD86 .B4713 2015","3","0"
"PR6023.O96 I53 2014","0","0"
"PL3164.5.E5 I85 2014","3","0"
"PS3613.A7779 L54 2015","0","0"
"PE1404 .R346 2015","3","0"
"PN1072 .M38 2015","3","0"
"PN2471 .P477 2015","0","0"
"PS508.S6 P86 2012","0","0"
"DK507.7295 .R83 2015","0","1"
"PN1996 .S38 2014","0","0"
"PN1995.9.G57 H34 2015","1","0"
"PS3611.U7395 A6 2014","0","0"
"PR5684 .S55 2015","1","0"
"D804.3 .B66 2014","1","1"
"HQ1453 .M674 2014","0","0"
"PN55 .R64 2014","0","0"
"DU421.5.C6 E43 2014","0","0"
"DK508.73 .B38 2014","1","0"
"BX597.I63 A46 2014","0","0"
"DK156 .K876 2014","0","0"
"DK254.K77 M54 2014","0","0"
"DS135.L8 E63 2014","0","0"
"HF328.R8 R933 2014","0","0"
"CD2301 .A47 2013","0","0"
"DS777.15.H423 A3 2014","0","0"
"PT2605 .E4 1990","0","0"
"PT2605 .E4 1990","1","0"
"HX833 .W55 2014","5","0"
"PL2464.Z9 S342 2014","2","0"
"BT303.2 .S54 2014","0","0"
"HQ111 .D35 2014","0","0"
"D550 .P476 2014","0","0"
"PQ1979 .A66 2013","0","1"
"DS793.Y8 X827 2014","0","0"
"PL857.I78 M4 1980","0","0"
"DC33.4 .B47 2014","1","0"
"PT2682.U7 Z46 2014","0","0"
"PC3744.I5 Z36 2014","0","0"
"F3409.3 .C66 2012","0","0"
"PN441 .L47 2014","0","0"
"PN56.W3 E27 2013","0","0"
"PN3448.D4 A96 2013","0","0"
"DC33 .F79 2014","0","0"
"PN56.F47 F8714 2014","0","0"
"PL857.I78 H6 1985","0","0"
"PL857.I78 K572 1985","0","0"
"KHC2212 .J87 2008","0","0"
"PN1998.3.V363 W43 2014","0","0"
"PM7316 .C47 1995","0","0"
"HT653.C94 V65 2014","0","0"
"KHC2202 .S57 2012","0","0"
"PG5007.4 .V285 2014","0","0"
"PR3666 .A4 2015","1","0"
"PS153.J4 N49 2015","1","0"
"PH3351.S5825 Z857 2014","0","0"
"BX8063.E85 B57 2014","0","0"
"D764 .V43 2011","0","0"
"D764 .V432 2012","0","0"
"HM851 .D54 2014","1","0"
"D764 .V4323 2013","0","0"
"D764 .V4324 2014","0","0"
"D521 .M48 2014","0","0"
"D521 .M48 2014","0","0"
"PL857.I78 H43 1985","0","0"
"PN56.V543 A94 2014","0","0"
"BL60 .N38 2014","0","0"
"PQ2605.A3734 Z546355 2013","0","0"
"JZ4841 .D53 2012","0","0"
"LA831.7 .B43 2014","0","0"
"PN5246.T53 A3 2014","0","0"
"PS3613.A272594 M9 2014","0","0"
"PN56.G7 S83 2014","0","0"
"BX478 .R872 2014","0","0"
"DC59.8.A355 A17 2014","1","0"
"PQ145.1.H57 D38 2014","0","0"
"HD519.B64 C66 1999","0","0"
"BX520 .A53 2014","0","0"
"PQ2716.A35 Z48 2014","0","0"
"BX597.I55 M35 2012","1","0"
"D521 .N35 2014","0","0"
"UH537.R7 O37 2014","1","0"
"PQ8498.1.G783 U48 2001","0","0"
"PQ2719.H35 Z46 2014","0","0"
"F3099.Q49 P76 2003","0","0"
"PR9265.9.S54 M473 2014","1","0"
"BX597.A55 K67 2013","0","0"
"PT1848.Z5 I58 2014","0","0"
"F3327 .N53 2014","0","2"
"DK510.763 .B438 2013","0","0"
"F3430.1.A85 L38 1973","1","0"
"HD6694 .D65 2013","0","0"
"DK510.766.P87 B44 2013","0","0"
"HV8964.G3 P67 2014","1","0"
"H61 .E87 2015","0","0"
"KHC2202 .P84 2007","0","0"
"JL2297 .A42 1979","1","0"
"LA831 .G25 2014","1","0"
"PN2152 .P69 2014","0","0"
"BX494.K39 K67 2014","0","0"
"NA1086.D33 S26 2014","1","0"
"PQ7822.A59 U48 2012","0","0"
"PQ8180.12.E328 R35 2002","0","0"
"HG178.33.B92 U485 2013","0","0"
"BX395.V63 A3 2013","0","0"
"DK511.L13 M45 2014","0","0"
"HC182 .M27 2006","0","0"
"BX491 .I25 2014","0","0"
"F3429.1.L7 C67 1999","0","0"
"BX595 .D44 2014","0","0"
"PQ8497.C84 H4 1994","1","0"
"UB271.R92 P3465 2013","0","0"
"DK508.833 .B34 2014","0","0"
"PN2859.C93 P7355 2014","0","0"
"BX2676.C9 P283 2014","0","0"
"DK601.2 .B57 2009","0","0"
"ND699.K57 K59 2014","0","0"
"PQ2189.B32 C5 2014","0","0"
"G7653.C52E73 A8 2013","0","0"
"G7653.C5E73 A8 2013","0","0"
"G7653.A8E73 A8 2013","0","0"
"PQ2189.B32 Z62 2014","0","0"
"PQ4829.O62 Z695 2012","0","0"
"BT366.3 .H67 2014","0","0"
"PN3352.W66 A94 2015","1","0"
"BD161 .H5273 2015","0","0"
"BD161 .H5273 2015","0","0"
"PQ2668.O77 S68 2015","8","0"
"DJK45.S65 S67 1988","1","0"
"PL1077 .W326 2014","0","0"
"RC455.4.E8 H65 1991","1","0"
"PQ2063.S3 Z7755 2014","0","0"
"PR2258 .V85 2014","0","0"
"PQ201 .G47 2014","1","0"
"DC611.B842 A28 2014","1","0"
"HM1027.C5 W36 2014","0","0"
"HQ1075 .G6656 2010","0","0"
"PQ151 .P47 2013","0","0"
"BF1805 .W75 2013","0","0"
"PQ1645 .D56 2014","0","0"
"PQ205 .P68 2014","1","0"
"PQ207 .E88 2014","1","0"
"DF221.S3 C37 2015","0","0"
"HD9999.C9473 C45 2015","0","0"
"HT123.5.S6 H55 2014","5","1"
"KBP465 .N86513 2015","1","0"
"P90 .M136 2015","0","0"
"HB74.P8 S57 2015","0","0"
"HC21 .I57 2015","0","0"
"HN380.7.A8 R46 2014","1","2"
"HN740.Z9 C6124 2015","0","0"
"HM746 .S86 2015","1","1"
"CC79.5.S76 W67 2015","0","0"
"HM881 .B75 2015","3","0"
"HD8039.S45 C37 2015","1","0"
"JA75.7 .C59 2014","1","0"
"LC173 .D46 2015","3","0"
"BF1584.I5 B83 2014","1","0"
"HD30.4 .W33 2015","1","0"
"GV1469.17.S63 P53 2015","2","0"
"HF5813.J3 B37 2015","2","0"
"P145 .B723 2015","0","0"
"GN63.6 .D38 2014","0","0"
"GN281.4 .L68 2015","3","0"
"PQ7822.M66 R4 2012","0","0"
"PQ8550.19.Z29 V8 1991","0","0"
"HF5414 .A38 2015","0","0"
"HD75.6 .W48 2015","0","0"
"GT3520 .A43 2014","1","0"
"CC115.E45 K35 2015","0","0"
"LC4717 .S49 2015","0","1"
"KJE2751.B55 S53 2014","0","0"
"HG3896 .O43 2015","0","0"
"HD30.2 .H662 2015","0","0"
"JS7353.A8 C59 2015","0","0"
"JN9656 .D39 2014","0","0"
"HG5993 .E5624 2015","0","0"
"HD9502.5.B542 A35 2014","0","0"
"GV1469.17.S63 B35 2014","0","0"
"HD2932 .I57 2015","0","0"
"HV6570.4.C27 J65 2014","0","0"
"HM1206 .T52 2015","1","0"
"GR340 .K574 2015","2","0"
"JC251.R32 J634 2015","0","0"
"P119.32.T28 C43 2015","0","0"
"HC240.25.M36 H37 2014","0","0"
"HM1121 .K68 2014","0","0"
"HV8148.N5 W43 2014","0","0"
"LC196.5.U6 M85 2015","0","0"
"HV473 .O27 2015","1","0"
"HV7921 .B63 2014","0","0"
"HD62.6 .P83 2015","1","2"
"KTL2101 .Q47 2014","1","0"
"JV6346 .L37 2014","1","0"
"BF575.E55 A36 2014","0","0"
"JZ1980 .S36 2015","2","0"
"HM717 .S65296 2015","2","0"
"HV5824.A33 S83 2015","0","0"
"P130.52.A358 S87 2015","0","1"
"HQ503 .H54 2015","0","0"
"HV636 2005.G85 T46 2015","5","1"
"HD30.2 .F83 2014","0","0"
"HM851 .A112 2015","2","0"
"H62 .E327 2013","1","1"
"GF3 .B75 2014","0","0"
"E99.C5 N675 2014","4","0"
"HV6250.4.W65 C765 2015","0","0"
"HV6080 .D493 2015","2","0"
"LB2332.32 .D57 2014","3","0"
"JQ3089.5.C6 I33 2014","0","0"
"LB3011 .G56 2015","0","0"
"HC244 .G6787 2014","0","0"
"BF76.8 .J65 2015","1","0"
"JV7590 .I77 2015","3","0"
"PN1992.77.J874 J87 2015","0","0"
"HF5549.5.P37 H367 2015","0","0"
"CC72 .M39 2015","3","0"
"HD2963 .L36 2014","0","0"
"E99.C6 C495 2014","3","0"
"GT75.S83 O52 2015","1","0"
"HV7936.S8 J46 2015","0","0"
"HT221 .R33 2015","2","1"
"HD7125 .A447 2015","0","0"
"JA76 .S6225 2014","0","0"
"HX110.5.A6 H3713 2014","1","0"
"HG179 .D862 2015","3","2"
"PQ2663.A8473 P74 2014","0","0"
"F3320.1.E4 M33 2010","1","0"
"HD9015.R92  K554 2014","0","0"
"DS795.8.F67 L46 2013","0","0"
"PG3467.K93 Z765 2011","0","0"
"PS3558.O347779 T57 2014","1","0"
"Z665.2.E852 B66 2006","0","0"
"PS591.T45 P358 2003","7","0"
"HQ1665.7.Z75 A3 2006","0","0"
"HD7151 .I68 2006","1","0"
"PN2039 .A38 2014","1","0"
"DR1752 .K66 2014","0","0"
"BD450 .F3885 2015","2","0"
"DS288.8 .A34 2015","3","0"
"DS63.1 .A73 2014","1","0"
"BS2410 .C47 2014","0","0"
"BR516 .C74 2015","0","0"
"B748.A254 A47 2015","0","1"
"BR1640 .W375 2014","0","0"
"DR1319 .F67 2014","1","0"
"HQ1727.5 .Z33 2015","0","0"
"PN75.S25 G46 2015","4","0"
"F272 .M67 2015","2","0"
"DS740.5.G2 G47 2014","1","0"
"D741 .M64 2015","0","0"
"BQ1967 .T35 2014","3","2"
"DT1813 .S37 2014","3","0"
"PQ7081.5 .Q56 2015","5","0"
"E169.Z8 M334813 2014","1","0"
"E183.8.I4 M638 2015","0","0"
"DK697.3 .H3747 2015","0","0"
"BT220 .L65 2014","0","0"
"BL65.W67 L43 2014","0","0"
"PK6350 .H34 2015","0","0"
"E462 .J67 2014","3","0"
"PQ6437.V6 Z76 2014","1","0"
"PN1080 .A34 2015","0","0"
"PN98.E36 N49 2015","1","1"
"D570.85.N5 N82 2014","0","0"
"N6490 .P399 2014","4","0"
"PR6005.O4 Z7914 2015","0","0"
"PN1979.K3 O73 2015","2","0"
"E185.97.K5 A5 2015","4","2"
"PN1995.9.H6 R43 2015","0","0"
"PS3552.E53849 A6 2015","3","1"
"DS797.82.C47 Y83 2015","6","0"
"BL53 .R585 2014","2","0"
"D10 .C475 2015","1","0"
"PR678.S36 S73 2014","0","0"
"HQ18.I54 S49 2015","0","0"
"DA358.L4 S56 2014","0","0"
"PN1995 .S5354 2015","3","0"
"BL60 .S6255 2014","0","0"
"E183.8.C5 E45 2015","1","0"
"B105.T74 A87 2014","0","0"
"PN3443 .F57 2014","0","0"
"DS79.76 .N355 2015","3","0"
"PL493 .T46 2014","0","0"
"D1056.2.M87 S86 2015","0","0"
"PR9205.4 .M35 2015","2","0"
"PS3557.R2897 W56 2014","2","0"
"DS56 .K445 2014","1","0"
"PJ5113 .K378 2015","3","0"
"DA577 .R63 2015","0","1"
"DA16 .P68 2015","1","1"
"HN819.A8 A54 2014","0","0"
"PN2067 .M33 2015","1","0"
"B791 .D565 2015","2","0"
"PS3552.E544685 E97 2014","1","0"
"PS3560.O4927 F37 2014","1","1"
"PS3551.R42 F5 2014","0","0"
"PS3613.A8759 F54 2014","0","0"
"PE1404 .F55 2014","3","0"
"PS3560.O4927 F86 2014","1","1"
"PR9199.3.M3415 G54 2014","0","0"
"DD240 .F85 2015","4","0"
"BT216.3 .H69 2014","8","0"
"PS3604.E464 H86 2014","0","0"
"PN865 .D66 2015","2","0"
"BL1351.3 .F65 2015","0","0"
"PS3601.L69 L38 2014","1","0"
"PR1868.M63 B45 2015","0","0"
"PR9199.3.P437 L68 2014","0","0"
"BT603 .L3813 2014","2","0"
"PN56.3.A45 R68 2014","0","0"
"PQ7298.12.A734 Z46813 2014","0","0"
"PS3562.A48442 O43 2014","1","0"
"D13 .B436 2015","0","0"
"BS2651 .P38 2015","2","0"
"BL51 .M45 2014","0","0"
"BS1465.53 .L633 2014","0","0"
"BM176 .R433 2014","1","0"
"BS476 .S785 2014","0","0"
"BL65.P6 D76 2014","0","0"
"BS1315.53 .M39 2015","1","1"
"PQ9697.L544 T7513 2014","1","1"
"P53.855 .S43 2009","2","0"
"PG3549.L58 A2 2014","0","0"
"PS374.D4 G398 2015","2","0"
"BP595.S895 A3 2014","1","0"
"PR9199.4.L471955 S94 2014","0","1"
"B105.E46 J47 2015","1","0"
"PR9199.4.L4645 T45 2014","1","0"
"PS3602.A5532 T48 2014","1","0"
"BS511.3 .V47 2015","0","0"
"PN56.W3 S43 2015","0","0"
"PS3604.O56327 A6 2014","0","0"
"PS3552.A438 W55 2014","0","0"
"PS3613.O7737 W45 2014","0","0"
"JK1227 .B63 2015","0","0"
"BS2625.52 .C35 2014","0","0"
"F3351.P85 J67 2010","0","0"
"F3327 .Q57 2009","0","0"
"F3722.1.H83 S26 1984","1","0"
"DF229.T6 V57 2015","1","0"
"DT295.6 .R49 2013","0","0"
"HM1271 .F476 2014","0","0"
"PL2457.Y5 L58 2014","0","0"
"DS734.95 .J56 2014","0","0"
"PQ4734.V5 Z89586 2012","0","0"
"PJ5207 .G94 2015","3","0"
"PN1995.9.P6 T68 2014","0","0"
"RC459 .C55 2014","1","0"
"PG3476.G545 Z756 2014","0","0"
"PJ6801.8.J83 N37 2014","1","0"
"DK147 .K69 2014","0","0"
"PG3489.R5 Z64 2014","1","0"
"DT295 .H2635 2014","1","0"
"DK604.3.B85 M57 2014","0","0"
"DK604.3.B85 M57 2014","0","0"
"PN2728.L5987 A3 2012","0","0"
"D805.G3 M43413 2014","0","0"
"DK275.B7 C47 2014","0","0"
"PN2724 .K38 2012","0","0"
"PT148.T69 T73 2014","2","0"
"DT295 .Z54 2014","0","0"
"DK189 .G294 2014","0","0"
"DK189 .G294 2014","0","0"
"BL795.H46 A53 2013","0","0"
"DS98.6 .P534 2014","0","0"
"NA7369.S25 N55 2013","0","0"
"DK502.74 .M45 2014","0","0"
"BD450 .M27733 2013","0","0"
"KQC202 .B37 2014","0","0"
"BQ9286 .K37 1988","2","1"
"D805.S65 C47 2014","0","0"
"DT532.6 .M36 2015","7","0"
"DK266 .G347 2015","0","0"
"BX595 .V65 2014","0","0"
"PQ4879.A47165 N67 2014","0","0"
"BR65.C952 E5 2014","0","0"
"DK268.S4627 P66 2014","0","0"
"PQ4912.E77 C65 2014","0","0"
"Z820.R674 S26 2014","0","0"
"DS516.5 .A15 2014","0","0"
"BL820.B2 I7 2015","3","0"
"DR573 .K825 2014","1","0"
"G69.V688 V588 2014","0","0"
"PQ9014 .B37 2014","0","0"
"DS797.84.Y874 D836 2013","0","0"
"HX914 .A47 2014","1","0"
"PQ4088 .B24 2014","0","0"
"PJ7846.A356 M245 2014","2","0"
"HD58.7 .B45 2014","0","0"
"PN1998.3.A33 M37 2012","0","0"
"BT704.G633 J68 2014","0","0"
"KHC5560 .P39 2013","0","0"
"DK265.9.P74 K478 2013","0","0"
"PQ4878.U56 C65 2014","0","0"
"PR9199.3.C57 Z96 2014","0","0"
"DT159.6.S73 M35 2015","0","0"
"PQ4880.A24 Z87 2013","0","0"
"DK191 .L53 2014","0","0"
"Z819.K688 K54 2014","0","0"
"HQ799.R8 E45 2015","0","0"
"RA846 .B46 2014","0","0"
"BX4700.M397 C87 2014","3","0"
"HQ75.5 .E45 2013","0","0"
"PC2075 .S63 2011","1","0"
"DK510.763 .R66685 2014","0","0"
"HQ1034.F7 B66 2014","0","0"
"HN294 .C45 2011","0","0"
"PN45 .L36 2014","0","0"
"BV630.2 .V46 2014","0","0"
"PQ2702.R36 J38 2014","0","0"
"UB415.S65 C56 2014","0","0"
"CB203 .F836 2013","0","0"
"HT115 .M37 2013","0","0"
"DP166.E83 Z48 2014","0","0"
"P158.28 .A5 2014","0","0"
"DK679.S68 M43 2015","0","1"
"PQ4903.A665 R44 2014","0","0"
"CR612.C48 S535 2014","0","0"
"DK295 .N38 2013","0","1"
"PJ7862.U74 I26 2014","2","0"
"JA84.R8 K27 2006","0","0"
"BD450 .C52833 2008","0","0"
"PJ7820.U92 H39 2014","3","0"
"PJ7820.U918 G33 2014","2","0"
"PJ7928.M634 L38 2014","2","0"
"JN6699.A15 P3915 2014","0","1"
"PN2728.G275 A3 2013","0","0"
"PJ7832.U77 R59 2014","2","0"
"PJ7930.M33 R39 2014","2","0"
"F3310 .M364 2014","0","0"
"PJ7830.L45 A46 2014","2","0"
"F3733 .L3718 1997","1","0"
"PJ7930.J36 T33 2014","2","0"
"BR670 .C67 2010","0","0"
"PJ7816.A6538 B35 2014","2","0"
"PQ7822.P73 S2 2012","0","0"
"PQ8180.1.R147 S43 1991","1","0"
"BT83.57 .M57 2010","0","0"
"PJ7808.S38 H39 2014","2","0"
"PQ7822.O838 N43 2012","0","0"
"BS680.S63 V37 2015","0","0"
"F2519 .L37 1995","1","0"
"PQ8180.22.A36 B63 1995","0","0"
"PQ6653.O396 B48 1998","0","0"
"PK6485.A353 G85 2013","0","0"
"TP549 .J63 1989","0","0"
"HD82 .R4 v. 6","0","0"
"HD82 .R4 v. 7","0","0"
"PN5214.L4 M67 2014","0","0"
"PN5214.L4 M67 2014","0","0"
"R534.H33 S64 2014","0","0"
"HV8964.S65 O84 2014","0","0"
"HC335.7 .S684 2014","0","0"
"DK601.2 .M8684 2014","0","0"
"JQ1698.K6 K554 2014","1","0"
"KJA78 .F37 2014","0","0"
"DK511.V643 G47 2014","0","0"
"PG3492.84.E345 Z54 2014","0","0"
"BQ9415.4 .K455 1976","1","0"
"HD6127 .F67 1991","0","0"
"HV6900.S36 M35 2009","0","0"
"PQ8498.13.A7198 A88 1999","0","0"
"DC226.6.P362 B35 2013","0","0"
"DS195.3.B45 P57 2013","0","0"
"DS777.488.Q28 Z47 2014","0","0"
"AC5 .B385 1985","0","0"
"P321 .B372 1957","1","0"
"DK49 .C476 2014","0","0"
"QC774.F54 G46 2013","0","0"
"D792.S65 A65 2013","0","0"
"DS272 .I63 1953","3","0"
"BQ9259 .Y65 1991","0","0"
"PQ3916.5.S7 M36 2006","0","0"
"PL1931 .G86 2012","0","0"
"D561 .V58 2014","0","0"
"BL1442.Z4 S8 1970","2","0"
"BL1175.P286 L48 1984","1","0"
"DS747.42 .X83 2014","0","0"
"B128.C436 Z46 2014","1","0"
"E184.H95 H84 2007","0","0"
"BL1570 .F87 1909","3","0"
"DK651.R283 E444 2013","0","0"
"LA597 .A46 2012","0","0"
"LC92.B6 Y37 2011","0","1"
"D802.R82 L3743 2010=3","0","0"
"F1219.1.Y8 B378 2012","0","0"
"D761.9.A1 R34 2014","0","0"
"PH2075 .H66 2013","0","0"
"PH2571 .G735 2014","0","0"
"PH3241.G75 M44 2014","0","0"
"PL2386 .J536 2014","0","0"
"DB956 .A67 2014","0","0"
"BL1112.27 .N378 2011","0","0"
"PH3364 .G47 2013","0","0"
"DS450.U6 I535 2014","0","0"
"BQ9436 .W56 2002","2","0"
"HC34 .S78 2014","1","0"
"BS2651 .O65 2014","0","0"
"PH3321.R24 Z65 2014","0","0"
"BQ2057 .L525 2014","0","0"
"PH3241.I63 A6 2014","0","0"
"GV721.4.I7 N37 1954","1","0"
"DS715 .S526 2014","0","1"
"GV482 .B33 1963","1","0"
"JZ5538 .A427 2015","1","1"
"DK4380 .R67 2015","1","0"
"E98.C17 M37 2014","1","0"
"E98.C17 M37 2014","1","0"
"E98.C17 M37 2014","1","0"
"CS569.K67 O74 2014","0","0"
"PN1 .A45 no. 34","1","0"
"DB941.T58 P65 2014","1","0"
"PH3241.F8 Z93 2013","0","0"
"BP183.3 .B37 2000z","1","0"
"DB957.3 .C33 2014","0","0"
"DB930.9 .B34 2014","0","0"
"PH3351.S5468 A6 2014","0","0"
"PH3351.S247 Z46 2014","0","0"
"BL1105 .B75 2009","0","0"
"BJ1012 .H2322 2013","0","0"
"DS797.72.D49 C45 2014","0","0"
"DK651.R283 E445 2013","0","0"
"E184.H95 I78 2004","0","0"
"PL857.I78 T554 1992","1","0"
"PL857.I78 M57 1985","0","0"
"BL51 .N31617 2002","0","0"
"PK6425 .N85 2003","0","0"
"PT2623.E88 Z875 2015","0","0"
"Pl857.I78 A35 1993","0","0"
"BT961 .J3916 1996","1","0"
"PL857.I78 T46 1976","1","0"
"PQ9698.13.O3546 N3165 1997","2","0"
"PL857.I78 O34 1987","0","0"
"HQ789 .S463 2003","0","0"
"PK6561.S262 D3 2007","1","0"
"PQ8098.428.I96 L53 2013","0","0"
"PL857.I78 M46 1983","0","0"
"PC4410 .G373 2011","0","0"
"DS134.23 .K85 2015","0","0"
"DD247.H5 C434 2014","0","0"
"F3320.1.G6 V53 2012","0","0"
"F3326 .L38 1998","0","0"
"F3410 .H55 2001","0","0"
"F3410 .H55 2001","1","0"
"PQ8498.41.G84 C34 2009","0","0"
"F2230.2.A9 C67 1992","1","0"
"DS247.7.H33 L45 2014","0","0"
"BR1640 .D46 2014","0","0"
"BQ4275 .R55 1986","2","0"
"PQ8098.423.U555 D53 2014","0","0"
"DS134 .S378 2014","2","0"
"D352.1 .K63 2014","0","0"
"PJ5122 .H45 2014","3","0"
"PQ2662.I28 N64 2014","0","0"
"PL857.I78 M45 1982","0","0"
"PR9199.4.P5626 W56 2014","2","0"
"PN2638.M37 P78 2014","0","0"
"D802.F8 C54 2014","0","0"
"F2519.3.P58 B45 2014","0","0"
"D720 .A12 2014","0","0"
"BQ9416 .T55 1980","0","0"
"HQ1236.5.L29 C46 2012","6","0"
"D769.2 .C33 1995a","0","1"
"PQ7816 .C835 2012","0","0"
"PQ8550.1.N558 A6 2000","0","0"
"DR212 .B6415 2014","0","0"
"GN492.6 .D74 2012","0","0"
"DR264 .B6415 2014","0","0"
"PQ305 .B434 2014","0","0"
"KHF2213.W37 A78 2011","0","0"
"BR332.5 .P67 2015","0","0"
"PQ7814 .M58 2010","0","0"
"PQ8180.1.N442 M3 1997","0","0"
"PA6825 .S37  1920a","0","0"
"E183.8.G3 A66 2015","1","1"
"BX4705.F38545 A43 2009","2","0"
"PQ7820.R59 Z46 2011","0","0"
"PM5578 .J45 2005","0","0"
"PQ8498.12.R94 D36 2012","0","0"
"Z2491.A1 B525 2013","0","0"
"PA6519.M3 E39 2014","0","0"
"F3327 .C66 2009","1","0"
"PL72.9.K37 Z934 2013","0","0"
"PL72.9.K37 Z934 2013","0","0"
"F1408.3 .M284 2006","1","0"
"PG3027.5.S73 K55 2013","0","0"
"PG3482.6.E43 D68 2014","0","0"
"PQ8180.1.G82 F8 1996","0","0"
"PN6107 .C586 2014","0","0"
"PQ8498.43.R44 C57 2012","0","0"
"PG3491.3.I735 B35 2013","0","0"
"D838.E85 G48 2014","0","0"
"PG3481.2.L578 P36 2014","0","0"
"PQ8219.A394 I57 1992","1","0"
"PQ7889.3.I65 D8 2012","0","0"
"DA670.Y59 B6 no. 123-124","1","0"
"F2230.2.K4 V355 1997","0","0"
"PQ7822.A69 C56 2012","0","0"
"GR133.B55 B37 2004","1","0"
"PG3476.S53 Z6354 2013","0","0"
"PQ1812 .R65 2014","0","0"
"PG3476.P27 Z955 2013","0","0"
"PG3482.S235 P45 2013","0","0"
"HD4875.G3 S33 2014","0","0"
"BX494.K37 B49 2013","1","0"
"JN6598.K7 S842155 2011","2","0"
"PG3476.K4923 V69 2013","0","0"
"PG3487.A592 Z678 2013","0","0"
"PG3479.4.R64 Z7376 2013","0","0"
"PG3492.54.L5548 S73 2014","0","0"
"PQ2664.J5 C44 2014","0","0"
"PQ3989.2.E24 S68 2014","0","0"
"PG3479.7.T76 Z32 2014","0","0"
"PQ2663.I9 Z46 2014","0","0"
"PG3492.34.A23 Z3 2013","0","0"
"PN1998.3.C6635 C642 2014","0","0"
"PN1993.5.G7 C37 2014","0","0"
"DK274 .D384 2014","2","0"
"PG3350.5.J68 C54 2014","0","0"
"B3149.F7 B66 2014","0","0"
"PF3077 .B73 2013","0","0"
"PF3077 .B73 2013","0","0"
"HB501 .Z59 2014","8","1"
"PT3811 .L65 2014","1","0"
"R726 .D45 2014","0","0"
"DF234 .M85 2014","1","0"
"PT2638.N5 Z876 2014","1","0"
"DK510.23 .K54 2014","1","0"
"DS916.55 .Y37 2014","0","0"
"AC8 .B815 2014","0","0"
"PN71.K6 C464 2014","1","0"
"PR4572 .M79 2014","0","0"
"DT1.5 .K66 2005","0","0"
"PR9199.3.N6 B69 2014","1","0"
"BP172 .S422 2012","0","0"
"PR9199.3.G584 W66 2014","1","0"
"PR9199.3.C546 T474 2014","1","0"
"PR9199.3.B355 S56 2014","1","0"
"PR9199.4.K85 W473 2014","1","1"
"HE8689.9.G4 G43 2010","0","0"
"PR9199.3.J385 K57 2014","1","0"
"BQ9265.4 .M67 1997","1","0"
"PG5031.4 .V735 2014","0","0"
"BL1175.N468 B34 1982","3","0"
"HV6535.K6 Y34 2014","0","0"
"PN1892 .K39 2014","0","0"
"PZ8.R758 J37 1908","2","0"
"B127.Y56 K56 2014","0","0"
"PR9379.9.A9 A6 2014","0","0"
"BV5072 .J34 1977","1","0"
"PL992.415.Y9 N32 2014","0","0"
"CR1619 .D53 1992","1","0"
"DA125.A1 L38 2015","0","0"
"DF229.T5 R46 2014","1","0"
"DT3389 .E44 2014","3","0"
"AZ101 .H65 2015","1","0"
"D411 .V5 Nr. 109","0","0"
"HM210 .S68 v. 19","0","0"
"DS910.2.J3 H34 2012","2","0"
"PL857.I78 D24 1978","1","0"
"DS730 .Z466 2014","0","0"
"BP172 .C4196 2009","2","0"
"CR4759 .K89 2012","0","0"
"DT577.M83 A3 2013","1","0"
"PN1993.5.S7 R48 2014","1","0"
"DS135.E6 W567 2014","1","0"
"GR351.72.M63 P68 2011","0","0"
"PN1993.5.U65 S64 2014","0","0"
"PA6648.P7 L37 2015","0","0"
"DC801.Q7 C37 2014","1","0"
"E184.S75 C39 2015","0","0"
"PQ4878.A2 Z63 2014","0","0"
"PQ7133 .E885 2014","7","1"
"PA3829 .C38 2014","0","0"
"PQ7133 .E885 2014","7","0"
"PQ4862.A6735 V56 2014","1","0"
"PQ4253.2 .N38 2014","0","0"
"NA9108 .A545 no. 576","1","0"
"PN1997.M142 D34 2014","0","0"
"PQ6352 .S34 2013","1","0"
"PQ6352 .S86 2010","1","0"
"PQ4872.U3755 S77 2014","0","0"
"PQ4249.6.D45 D45 2014","0","0"
"PL5089.H267 N913 2014","0","0"
"HD9576.A6892 C673 2013","1","0"
"UA840 .W926 2012","1","0"
"DS625 .H47 2014","1","0"
"DF221.C8 B5635 2014","0","0"
"D811 .Q47 2014","0","0"
"PL5089.M252 P3713 2014","0","0"
"HG5760.S95 P69 2013","1","0"
"PQ4872.I73 L38 2013","0","0"
"DS316.9.M67 A35 1981","2","0"
"PT1534.I2 D83 2014","0","0"
"BL1202 .F68 2014","2","0"
"HQ801 .M37 2013","0","0"
"PK6562.29.A982 M37 2010","1","0"
"B4377 .K512 2013","1","0"
"DB169 .A63 2014","0","0"
"PS217.R6 R56 2015","3","0"
"HF5387.5.J3 R45 2014","1","0"
"PS627.M63 B47 2014","0","0"
"PR9379.9.M3 A83 2013","1","0"
"PQ4554.R55 L53 2014","0","0"
"PQ4037 .L48 2014","1","0"
"DS275 .P57 1952","2","0"
"DS275 .P57 1952","2","0"
"DS275 .P57 1952","2","0"
"PR6113.O8244 B56 2014","1","0"
"PN1077 .L64 2014","0","0"
"DK4227 .G86 2014","1","0"
"PJ1803 .I58 2008","0","0"
"PQ4322.P4 A11 1978","0","0"
"PQ4322.P4 A11 1978","0","0"
"PQ4322.P4 A11 1978","0","0"
"BL625 .P362513 2014","1","0"
"PN1995.9.B62 C67 2014","0","0"
"PG3458.Z8 T888 2012","0","0"
"DS134.23 .N49 2014","0","0"
"HF5549.5.M63 F746 2014","2","0"
"HB3717 1929 .E37 2015","7","0"
"PG3326 .I3 2002","4","1"
"BM655 .J494 2015","1","0"
"GN673 .S64 1994","2","0"
"H62 .C6963 2014","14","0"
"H62 .C6963 2014","12","0"
"PS591.T45 T45 2008","1","0"
"D58.H473 Z35 2014","2","0"
"PN6790.A73 G38 2011","1","0"
"DS135.F81 S64 2013","0","1"
"PL503 .J36 1990","0","0"
"PE1 .C66 n.s., v.204","0","0"
"PR9180 .C834 2014","0","0"
"PN1993.5.U65 C57 2015","0","0"
"DS272 .I634 1953","1","0"
"PN6790.C53 R83 2014","0","0"
"BR65.A64 E5 2005","0","0"
"PQ561 .L68 2014","0","0"
"JK723.E9 T33 2014","1","0"
"JK2261 .J34 2014","0","1"
"JK1968 2012 .F56 2014","0","0"
"GR133.B62 S4726 2012","1","0"
"PK6451.F4 A6 2009","0","0"
"DS795.3 .C45 1990","2","0"
"PK6465 .D5 1964","2","1"
"G1 .P44 Nr. 249 1954","1","0"
"PN1993.5.C3 C67 2014","1","0"
"PN1993.5.C3 C67 2014","0","0"
"DB2244.7 .K5568 2014","0","0"
"DF235.4 .A34 2014","1","1"
"PT2603.E446 A6 2014","0","0"
"HQ75.6.B6 B45 2014","0","0"
"GN495.6 .M375 2013","0","0"
"CS2375.E85 B68 2014","1","0"
"HQ154.S26 G57 2014","0","0"
"PQ150.C3 Q36 2014","0","1"
"PN56.A89 A77 2014","0","0"
"PQ7298.432.E94 I58 2009","0","0"
"PM3968.8 .P66 2000","1","0"
"GN448 .R47 v. 34","0","0"
"BR115.C8 B83 2014","0","0"
"PQ4876.A5368 I58 2014","0","0"
"PQ7298.428.U94 C84 2014","1","0"
"F2520.1.S48 S26 2011","0","0"
"DS754 .K85 1987","2","0"
"DS754 .K85 1987","2","0"
"BX597.K36835 A3 2014","0","0"
"DT294.7.A3 C43 2013","0","0"
"PQ8214 .H38 2013","0","0"
"HT1128 .C67 2010","0","0"
"DC354 .G755 2014","1","0"
"BQ6354.T28 K36 1990","0","0"
"BQ6354.T28 K36 1990","0","0"
"BQ6354.T28 K36 1990","0","0"
"BQ6354.T28 K36 1990","0","0"
"BQ6354.T28 K36 1990","0","0"
"PQ9691.M28 P56 2014","0","0"
"F2520.1.C3 S548 2014","1","0"
"PK6561.T2835 D8 2012","0","0"
"BL325.M6 T37 2013","0","0"
"PG4143 .P753 2014","0","0"
"PG5031.4 .V222 2014","0","0"
"DB2650.B75 Z387 2014","0","0"
"PK6561.G775 A95 2010","0","0"
"CN15 .I58 2012","2","0"
"HD2910 .L5412 2014","0","0"
"PK6561.D263 J39 2001","2","0"
"PK6561.D263 S273 2001","1","0"
"PQ22.O8 O95 2014","2","0"
"PK6561.D263 S34 2002","0","0"
"PL1023 .B74 2013","1","0"
"GV1801 .B867 2014","0","0"
"PG5007 .N634 2012","0","0"
"PG5007 .N634 2012","0","0"
"PG5007 .N634 2012","0","0"
"PG5000.5.N68 A3 2014","0","0"
"PQ2075 1968","0","0"
"DS325.I7 H53 2006","1","0"
"QC994.8 .S475 2014","0","0"
"GB459.4 .P37 2014","0","0"
"GT550 .L44 2015","2","2"
"LB1027.42 .E77 2015","2","0"
"KF9751 .J33 2015","4","0"
"K213 .M425 2015","2","0"
"K579.D8 S33 2015","0","0"
"HV31 .L49 2015","1","0"
"HM753 .I5 2014","1","0"
"HQ759.2 .A57 2014","1","0"
"JV7590 .M52434 2014","1","0"
"LC89 .L33 2015","1","0"
"HT384.E852 R33 2014","1","0"
"KF4715 .H47 2015","0","0"
"HB95 .K67 2015","2","0"
"KJC9015 .P48 2015","1","0"
"LC72.2 .W48 2015","1","0"
"G540 .R68 2014","0","0"
"P35 .D857 2015","1","0"
"GN345.2 .D57 2015","4","0"
"JL969.A45 R628 2014","5","0"
"PN4867.2 .B38 2015","1","1"
"HD7324.A3 M87 2015","0","0"
"P94.6 .D365 2014","0","0"
"HG184.B67 A45 2015","0","0"
"LB1139.23 .P33 2015","0","0"
"GT2756.5.A2 L35 2015","0","0"
"HB75 .M89 2014","0","0"
"GV583 .M68 2014","0","0"
"HM881 .M673 2015","2","0"
"P115.45 .S83 2015","0","0"
"HM548 .M37 2015","5","1"
"HD2769.2.C2 S633 2015","0","0"
"HM585 .S95 2015","12","0"
"LB1050.46 .T39 2013","0","0"
"HN809.A8 V56 2014","0","0"
"JZ1308 .K7313 2014","1","0"
"HD191 .H57 2014","7","1"
"B753.I44 H87165 2003","0","0"
"HQ999.U6 S35 2014","7","0"
"PQ2605.A3734 E8165 2006","0","0"
"PQ2637.A82 J4165 2006","1","0"
"PQ2662.E4887 T63 2014","0","0"
"HD3612 .A23 2015","0","0"
"HE8689.8 .C73 2015","1","1"
"HT1126 .A726 2015","2","0"
"LB2376.3.C17 A64 2015","0","0"
"HD57.7 .A56 2014","0","0"
"BF575.A86 S63 2014","1","0"
"HA29 .K344 2014","4","0"
"LB518 .W35 2015","0","0"
"LC2731 .F58 2015","1","0"
"HD69.B7 V36 2015","1","0"
"HC59.7 .B845 2015","0","0"
"HN656.5.A8 G87 2015","2","1"
"HC427.95 .R3413 2015","1","0"
"HD9734.J34 W55 2015","0","0"
"JZ5597 .J34 2015","0","0"
"KF8745.K46 B37 2014","0","0"
"HT690.L3 P47 2015","0","0"
"HD82 .R9293 2014","0","0"
"HM741 .C75 2014","0","0"
"LB3013.3 .W44 2014","0","1"
"HC79.P55 D43 2015","0","0"
"JF501 .D46 2014","0","0"
"HG3823 .M66 2015","0","0"
"H97 .B377 2014","1","0"
"HV1559.J25 G39 2015","0","0"
"HB72 .E26623 2015","3","1"
"LC5131 .F56 2015","0","0"
"HM1271 .E485 2015","0","0"
"HM1271 .E485 2015","0","0"
"HB615 .E59733 2015","0","0"
"BF175.5.P75 E84 2015","9","1"
"HC240 .F4567 2015","0","0"
"HF5681.V3 M56 2015","0","0"
"HB501 .T722 2014","0","0"
"HD30.28 .C358 2015","1","0"
"HQ1075 .G3746 2015","2","0"
"HB1323.C5 C37 2015","1","1"
"GV1588.43 .G56 2015","0","0"
"JV185 .C55 2015","0","0"
"HB3717 1929 .K33 2015","0","0"
"HD9710.A2 T55 2015","2","0"
"HF5386 .S26 2015","1","0"
"G70.4 .C36 2014","2","0"
"GV722 2012 .I47 2015","1","0"
"LC1099 .H86 2015","0","0"
"HV5613 .C454 2015","1","0"
"HD9696.2.C64 L537 2014","3","0"
"HG4523 .L33 2015","0","0"
"HC427.92 .Z4374 2015","1","0"
"HG187.I7 M33 2015","0","0"
"HN263.5 .O68 2014","0","0"
"HG178.3 .M525 2014","0","0"
"JV6255 .T75 2015","0","1"
"HC800.Z65 N49 2015","1","0"
"HD58.7 .O674 2014","0","0"
"HD1417 .N49 2015","0","0"
"HM786 .K87 2015","0","0"
"JK1726 .P6 2015","2","0"
"HC467 .U88 2014","0","0"
"HM1231 .H427 2015","1","0"
"HV600 2008.W46 L6 2014","0","0"
"HV1553 .P83 2015","0","0"
"JF1338.A3 A3568 2015","0","0"
"HC79.D5 R43 2015","1","0"
"HV640 .M65 2015","4","0"
"HF1611 .R437 2015","0","0"
"JN30 .F58 2005","0","0"
"HV6433.86 .S39 2015","3","1"
"HD53 .F66 2015","0","0"
"HV6252 .C69 2015","0","0"
"HD30.3 .R684 2015","4","0"
"HD30.2 .R675 2015","1","0"
"HD1691 .R69 2015","1","0"
"UA770 .S527 2015","5","0"
"HD9502.R82 S68 2015","1","1"
"HF5387 .R49 2015","0","0"
"HD3861.E85 C36 2014","0","0"
"HF486.L5 V53 2015","0","0"
"KF373.L33 O27 2014","0","0"
"HQ777.35 .J67 2015","0","0"
"LA227.4 .G85 2015","10","0"
"JK516 .G77 2014","0","0"
"HT321 .K737 2015","0","0"
"PN1992.8.H56 K55 2014","0","0"
"HG5780.5.A3 V65 2014","0","0"
"JZ1310 .C76 2015","1","0"
"LC2781 .B354 2015","2","0"
"HV751.A6 B48 2015","1","0"
"PN4784.C7 L84 2015","2","0"
"HD6971 .F27 2015","1","0"
"QC903.2.U6 A87 2014","0","0"
"QC903 .C585 2014","2","0"
"HV10.5 .H667 2014","0","0"
"BF697 .D534 2014","3","1"
"HG103 .J67 2015","1","0"
"BF636.6 .M386 2015","0","0"
"LC71 .S78 2015","0","0"
"LB1028.3 .S734 2015","0","0"
"HQ767.15 .K33 2015","3","0"
"HD9000.6 .D4368 2015","0","0"
"HV11 .E567 2014","2","1"
"HV245 .H49 2015","0","0"
"RJ206 .H35 2014","0","0"
"HV40 .H663 2014","0","1"
"JC571 .A76 2015","1","0"
"HA32 .L444 2015","7","0"
"LC1200 .I63 2014","2","0"
"HT166 .I537 2015","2","1"
"HV5089 .L26 2015","0","1"
"HQ536 .C439 2014","6","1"
"LB2328.15.U6 M454 2015","0","0"
"LB2805 .P64 2015","2","0"
"E99.N3 P39 2014","0","0"
"HM471 .M47 2015","0","0"
"HM753 .N485 2014","0","0"
"BF637.C4 P79 2015","1","0"
"HQ1190 .M3835 2015","6","0"
"LC1011 .A549 2015","1","0"
"LB1139.225 .M85 2015","3","1"
"JN30 .C667 2015","1","1"
"HV40 .S635 2014","0","0"
"HV1568.25.S64 S68 2015","0","0"
"LB2343 .S77 2014","1","0"
"QC903 .B86 2015","1","0"
"PQ7079.3.S35 D47 2008","1","0"
"HD1870.C62 L3618 2000","1","0"
"DA152.5.E2 H48 2014","1","1"
"BR300 .V63 Bd. 89","0","0"
"DD3 .M83 Bd. 66","0","0"
"PQ8498.41.G83 I47 2003","1","0"
"UB413 .C68 2014","0","0"
"Z3107.P4 W36 1985","1","0"
"PT763 .M45 2014","0","0"
"PQ8220.1.N58 L67 1999","1","1"
"PN149 .B4756 2014","0","0"
"PQ7820.A72 J59 2000","1","0"
"PQ8098.2.E57 Z4163 2007","0","0"
"PQ8180.1.R143 L57 2000","1","0"
"UA23 .J64 2014","1","0"
"PM5571 .L35 2008","1","0"
"HQ1537 .R44 2009","1","0"
"JV7402 .M3713 2014","11","1"
"PG305 .E77","0","0"
"DK511.V9 V5355 2013","0","0"
"DB2057.P824 Z68 2014","0","0"
"PT2625 A44 2002","0","0"
"PT2625 .A44 2002","0","0"
"PK6561.G77 A95 2006","0","0"
"D518 .S74 2014","0","0"
"DS904 .K55328 2012","0","0"
"PN45 .B423234 2015","0","0"
"PL992.17.W38 O42 2008","2","0"
"PL992.17.W38 O42 2008","1","0"
"GR290 .Q257 2004","0","0"
"CB411 .E85 v. 42","0","0"
"RJ61 .H149 1981","1","0"
"PK6458 .H259 1996","3","0"
"PK6501.K43 S37 1991","1","0"
"B2799.E8 K366 2015","0","0"
"PQ2668.O77 S68 2015","5","0"
"DK266.4 .S68 2015","0","0"
"B3313.A44 N55 2014","0","0"
"E841 .G6452 2013","0","0"
"D792.S65 D7334 2012","0","0"
"CR611 .N3833 2014","0","0"
"PQ9698.13.O3546 D46165 2005","0","0"
"PQ8550.1.N467 V3 1999","0","0"
"PQ8098.12.E67 A8 1998","0","0"
"DS307.N38 A63165 2005","1","0"
"KHC462.W64 L36 2008","1","0"
"PS2954.U5 P4 2009","0","0"
"PQ8202 .M67 1999","1","0"
"PL994.9.C4365 C46 2014","1","0"
"HV9635.C32 C373 1991","0","0"
"DS318 .N331 1982","2","0"
"PT2380 .K7 1978 Bd. 9","0","0"
"HD9575.S652 T732 2014","0","0"
"BJ1499.S65 H36 2011","6","0"
"PA6051 .P45 2014","3","1"
"R134.8 .A934 2003","0","0"
"PQ7822.R494 L8 2012","0","0"
"F3320.1.S62 R45 2012","1","0"
"PJ7741.B5 P47 1971","1","0"
"PM5775 .L39 1995","1","0"
"PG3485.3.R46 Z76 2014","0","0"
"HV40.8.U6 A37 2013","0","0"
"PQ8498.1.N47 M48 1994","1","0"
"PK6541.G2 R44 1998","2","0"
"HV40.8.D44 M38 2014","0","0"
"HV40.8.U6 A375 2013","0","0"
"HV40.8.A357 W38 2013","0","0"
"PQ7298.14.I237 M47 2014","0","0"
"PL909 .K4345 2014","2","0"
"PL992.415.H86 H33 2012","1","0"
"PQ7298.428.O269 N62 2012","0","0"
"PL994.73.Y67 H96 2014","0","0"
"BP75.26 .G54 1964b","0","0"
"PM3968.9.M37 K55 2013","1","0"
"DS795 .S5125 1985","1","1"
"HQ784.I58 C656 2014","1","0"
"PM3968.9.V55 A63 2012","1","0"
"PM3966 .C37 2010","1","0"
"DS195.5 .G28 2014","0","0"
"PG5040.23.I332 H54 2014","4","0"
"PG5040.29.V872 M49 2014","0","0"
"PH3287 .P25 1970","1","0"
"NA1034.5.B87 V67 2014","1","0"
"HD1699.A1 K45 2015","1","0"
"BL1900.C576 N35 2014","0","0"
"BL1900.C576 N35 2014","0","0"
"BL1900.C576 N35 2014","0","0"
"PR1109 .A2 2012","10","0"
"PR1109 .A2 2012","10","0"
"PR1109 .A2 2012","6","0"
"PQ283 .S38 2015","1","0"
"BD26 .Z55 2015","0","0"
"BX6248.S6 T35 2015","0","0"
"PQ7082.N7 H69 2015","4","0"
"PR448.I4 B49 2015","0","0"
"D843 .M265 2015","4","2"
"PN56.C684 C76 2015","3","0"
"DT658.22.L85 G47 2015","4","0"
"BJ1421 .D46 2015","4","0"
"DS135.E83 P37 2014","1","0"
"PL2303 .H5833 2015","0","0"
"E661 .F54 2015","5","0"
"PL2303 .W275 2015","1","0"
"DA670.C8 M37 2014","0","0"
"B785.M74 C35 2015","2","1"
"E748.M157 K68 2015","0","0"
"DG975.M32 F46 2015","3","1"
"DA495 .Q44 2015","1","0"
"TR79 .S75 2014","0","0"
"F3429.1.T46 T46 2015","0","0"
"E185.625 .T76 2015","2","0"
"PG3228.U52 K56 2014","0","0"
"PR6017.S5 Z628 2015","0","0"
"HQ77.2.U6 S43 2015","1","0"
"PS3552.R392 B48 2015","0","0"
"PS3569.P4455 B87 2014","0","0"
"DX145 .C43 2015","1","0"
"DD801.S32 W545 2014","0","0"
"E185.615 .F728 2015","5","0"
"E183.7 .M364 2015","0","0"
"PJ4740 .J49 2014","0","0"
"DS135.Y4 W34 2015","0","0"
"PS1541.Z5 G885 2015","0","0"
"PR9185.2 .G73 2014","1","0"
"PR5680 .L45 2015","1","0"
"PS3619.C3464 A6 2015","0","0"
"PS3619.H3997 L67 2014","0","0"
"B430.A5 C7513 2014","8","0"
"PS3619.H475 N6 2014","0","0"
"PR9265.9.B75 N68 2014","0","0"
"PN1995.9.B598 T87 2015","0","0"
"F326 .T48 2014","3","0"
"DK508.835.B3 R67 2014","4","0"
"PS374.T434 S53 2014","1","0"
"PN6728.A72 B38 2015","1","0"
"PT1551.K4 A24 2014","0","0"
"D764.3.L4 L397 2014","0","0"
"BJ1588.C5 N36 2014","0","0"
"PA26.H32 I43 2015","1","0"
"HD9743.F82 S47 2014","0","0"
"JZ5675 .N832 2014","1","0"
"DK106 .S396 2015","0","0"
"BR520 .S65 2015","2","0"
"GV721 .Z56 2015","1","0"
"DS799.4 .W85 2014","1","0"
"PQ6066 .F47 2015","1","0"
"PR788.A9 H37 2015","0","0"
"NK1483.A1 P457 2014","0","0"
"PM3968.9.M37 U2 2013","1","0"
"PK6097 .S242 1994","1","0"
"PM3968.9.C37 I92 2014","1","0"
"PL2727.S2 Z4262 2014","0","0"
"PJ7733.P47 D38 1999","1","0"
"PJ7733.P47 D38 1999","1","0"
"PG2950 .A435 2011","0","0"
"BV3705.N53 M87 2015","0","0"
"PG3011 .B448 2013","0","0"
"GV1628.Y8 E77 2011","1","0"
"DS313 .M35 1994","1","0"
"DS313 .M35 1994","1","1"
"PJ7966.B3933 R35 2010","0","0"
"HN670.2.A8 H37 2003","0","0"
"PQ9698.13.O3546 S47165 2007","0","0"
"PK6235 .M84 1991","1","0"
"PQ9698.13.O3546 V46165 2009","0","1"
"PQ7298.423.A48 M45 2010","0","0"
"DS318.8 .C48 1982","1","0"
"PQ7207.C45 D45 2014","0","0"
"DS316.3 .K42165 1996","1","0"
"JS7365.G84 Z448 2014","0","0"
"DK511.S798 M67 2007","0","0"
"DK511.Y2 A15 2012","0","0"
"JA84.I75 H3417 2002","0","0"
"PG5040.29.I36 P74 2014","0","0"
"CT1217.P47 M352 2014","0","0"
"DR2087.6.R43 I58 2004","0","0"
"HV640.4.Y8 L58 2005","0","0"
"PG1404 .M44 2013","0","0"
"PQ2666.E749 Z46 2014","0","0"
"JV7924 .D53 2014","1","0"
"HG222.3 .S42 2014","0","0"
"PT2621.R27 L48 2014","0","0"
"Z997.S34 W45 2014","0","0"
"DA777.5 .I54 2014","0","0"
"PR6063.A34 R43 2014","0","0"
"PR6054.A915 A6 2014","1","0"
"PR6069.I67 A6 2014","0","0"
"PR6107.I47 A6 2014","0","0"
"PN1995.65.E85 K86 2014","1","0"
"GT3085 .S66 2014","0","0"
"PM3968.9.O78 M39 2014","1","0"
"HE8697.45.E852 K65 2014","0","0"
"HQ1460.5 .M8545 2000","0","0"
"Z1073 .M276 2013","1","0"
"Z1073 .M276 2013","1","0"
"Z1073 .M276 2013","1","0"
"PK6427.6.I5 Q28 1979","2","0"
"PR9619.3.C36 A83 2015","0","1"
"BL980.G7 A84 2014","0","0"
"PQ2720.H58 G3813 2015","0","0"
"D546 .H64 2015","1","0"
"DP402.B8 E83 2015","0","0"
"BS1505.52 .C66 2015","0","0"
"PR888.C53 D84 2014","0","0"
"PR9488 .C66 2014","0","0"
"D1060 .H628 2014","0","0"
"BJ1477 .B46 2015","1","0"
"BP133.7.D38 M64 2015","0","0"
"BL2592.C35 A47 2014","1","0"
"E841 .F46 2015","2","1"
"BV207 .E27 2014","2","0"
"DS465 .E175 2015","1","0"
"BP134.E38 R57 2015","0","0"
"PS3547.O4745 Z75 2015","0","0"
"DS119.6 .S365 2015","0","0"
"BD181.7 .E84 2014","4","0"
"D769.8.A6 Y343 2014","2","1"
"BX9458.N4 L46 2015","2","0"
"HQ1154 .F44345 2015","1","0"
"GN780.32.J6 V44 2014","0","0"
"PQ298 .D85 2015","1","0"
"PL2886.O1684 W32713 2015","2","1"
"DA964.N67 M33 2015","0","0"
"DS799.63.C6 G56 2015","1","1"
"BS2795.6.S55 W55 2014","1","0"
"E706 .C59 2014","0","1"
"DS208 .B83 2014","0","0"
"PR83 .I35 2014","0","0"
"BP173.6 .E45 2015","0","1"
"DC103 .C37 2014","9","0"
"B2799.I42 K36 2015","1","0"
"PR8891.N67 F33 2015","0","0"
"PR4034 .L69 2014","2","0"
"DT1768.W55 C66 2014","0","0"
"BL41 .M353 2015","9","0"
"BL2525 .M357 2015","1","1"
"DC723 .C216 2015","2","0"
"DS685 .W45 2015","1","0"
"PS3545.I342 Z46 2014","4","0"
"BM535 .P5855 2015","0","0"
"PN1995.63.V57 O58 2015","0","0"
"PL2313 .R43 2015","5","0"
"E184.S75 M43 2015","0","0"
"BM487 .C57 2014","0","0"
"DA485 .B43 2015","0","0"
"PQ7622.M46 R65 2015","1","1"
"PN2924 .W48 2014","0","0"
"PR447 .B744 2015","1","0"
"PS3552.A854 A6 2015","2","0"
"D805.5.C79 R87 2015","2","0"
"E312.25 .M54 2015","4","0"
"F3031.5 .A13 2015","1","0"
"AZ105 .A35 2014","5","0"
"PS3564.E4747 A85 2014","0","0"
"PN241.5.R8 A78 2013","1","0"
"PS3621.R3358 A93 2014","2","0"
"PS3608.O57 A6 2014","1","0"
"PS3553.O362 A6 2015","0","0"
"PS3561.E68 C65 2014","1","0"
"PS3621.R3358 C67 2014","3","0"
"PS3623.I66345 W55 2014","0","0"
"PS3554.I659 C74 2014","1","0"
"PS3566.A575 A6 2015","0","0"
"PS3618.U568 D36 2014","0","0"
"PL2939.5.F354 A2 2014","0","0"
"BT103 .K4647 2015","0","0"
"PQ2635.I2 T513 2015","0","0"
"D523 .E55 2014","5","0"
"PR6111.E534 E87 2015","0","0"
"PN710 .B87 2014","1","0"
"PS3554.I659 F83 2014","2","0"
"PN1995.9.W6 D57 2014","2","0"
"PR9199.4.J6877 G46 2014","0","0"
"DD120.R8 S93 2015","1","1"
"PS3621.R33 H37 2014","2","0"
"BS2589 .D535 2014","0","0"
"PN3411 .E45 2015","4","0"
"B1498 .G37 2015","2","0"
"PS3558.I88 A6 2015","0","0"
"DS786 .A94 2015","1","0"
"DA152 .I52 2014","1","0"
"BT203 .J476 2014","1","0"
"E184.S75 M363 2015","5","0"
"PS3602.R824 L56 2014","0","0"
"BX8041 .G73 2015","0","0"
"PR990 .M63 2014","0","0"
"PS3612.A28 M66 2014","2","0"
"PN2039 .P3955 2014","7","0"
"PR6102.O27 P55 2013","0","0"
"PS3566.A822 P764 2014","0","1"
"PS3621.R3358 P75 2014","3","0"
"BT767 .P88 2014","0","0"
"BR1650.3 .O47 2015","1","0"
"BS2397 .R4366 2014","0","0"
"PR6111.A53 S55 2014","0","0"
"BS2785.52 .F67 2014","1","0"
"PN1995.9.B795 S85 2015","1","0"
"PQ7797.O293 A2 2015","0","1"
"PR9199.4.P55 S66 2014","1","0"
"PG3453.B8 A2 2014","7","1"
"BR115.C8 W35 2014","0","0"
"PR6073.A7227 T44 2014","1","0"
"PN45 .B395 2015","0","0"
"PS3623.I556555 A6 2014","0","0"
"F1034 .B74 2014","1","0"
"PS3569.I4712 T66 2014","5","1"
"B105.T54 S2313 2014","1","0"
"PS3603.O5256 T74 2014","0","1"
"PR9199.4.J63643 T78 2014","1","0"
"PS374.V55 V54 2015","0","0"
"PL1171 .T37 2014","2","2"
"PS3618.O3268 U67 2015","0","0"
"PR1195.W33 A12 2014","1","0"
"PS3562.E55 A6 2014","2","0"
"PS3562.E55 A6 2014","0","0"
"PS1016 .C47 2014","0","0"
"PS1016 .C47 2014","0","0"
"BL1243.76.T35 P35 2013","0","0"
"D811.5 .S83 2014","0","0"
"BS2506.3 .R834 2014","0","0"
"GE190.D36 B56 2015","0","0"
"DK4185.G3 Z93 2014","0","0"
"PN6149.P64 H86 2014","1","0"
"N8012.C57 K67 2014","0","0"
"UA840 .I455576 2014","1","0"
"DK4185.R9 G89 2014","0","0"
"DK4420.Z46 L22 2014","0","0"
"BF173 .P77534 2014","0","0"
"PK1508 .P46 2014","0","0"
"PK1508 .P46 2014","0","0"
"HQ1090.7.P7 L69 2014","0","0"
"DS423 .N48 2010","1","0"
"DS79.769 .R39 2014","1","0"
"PK2903 .A35 2014","0","0"
"PN6519.B5 M57 2012","0","0"
"D521 .P437 2014","0","0"
"DS481.A9 H36 2014","1","0"
"PN1992.6 .C53 2014","0","0"
"ND553.Z26 D66 2014","1","0"
"DT107.87 .T33 2014","0","0"
"DS450.C5 F36 2014","0","0"
"PG7158.H4462 K833 2013","0","0"
"PT2190.A3 M65 2014","0","0"
"PK1937 .V37 2014","0","1"
"PT2525.N35 L364 2014","1","0"
"TJ163.25.U6 G36 2014","1","1"
"HQ1236.5.I4 M359 2014","0","0"
"HG5702 .A85 2014","0","0"
"DS483.7 .C43 2014","0","0"
"PS3569.Q32 T5 1996","0","0"
"HB3722 .S46 2014","0","0"
"DS485.B49 B4865 2014","2","0"
"B439.A8 I8 2014","0","0"
"HE8675 .P73 2014","0","0"
"RA566.5.I4 S53 2014","2","0"
"PQ2708.I77 N68 2014","0","0"
"PT1517.E43 A66 2014","0","0"
"D804.3 .L646 2014","0","0"
"HM1281 .N647 2014","0","0"
"PT774 .D46 2014","2","0"
"JQ292 .P37 2014","0","0"
"JQ98.A91 W67 2011","0","0"
"DS134.23 .V66 2014","0","0"
"Z108 .S34 2015","0","0"
"CS879.K662 N69 2014","0","0"
"DT295 .P459 2014","0","0"
"Z6605.S3 A9232","1","0"
"Z6605.S3 A9232","2","0"
"Z6605.S3 A9232","0","0"
"Z6605.S3 A9232","1","0"
"PA4497 .X456 2014","0","0"
"DS481.N35 A25 1984","0","0"
"DS481.N35 A25 1984","0","0"
"DS481.N35 A25 1984","0","0"
"DS481.N35 A25 1984","0","0"
"DS481.N35 A25 1984","0","0"
"DS481.N35 A25 1984","0","0"
"HN650.7.A8 C63 2011","0","0"
"PQ3989.2.L23 A6 2014","0","0"
"LA844.G33 B54 2014","0","0"
"PN1995.9.M455 M46 2014","0","1"
"PT5881.24.O55 B7513 2014","0","0"
"F2659.N4 S35 2014","0","0"
"PN1995.9.A78 W32 2014","0","0"
"D70 .B35 2014","1","0"
"HC79.P6 G56 2015","0","0"
"F2538.3 .F5637 2014","0","0"
"PL819.A565 Z84 2014","1","0"
"HT720 .B75 2014","0","0"
"DS796.N56 L33 2014","0","0"
"DS445 .F47 2014","0","0"
"BT301.9 .W75 2014","1","0"
"HM449 .P726 2014","0","0"
"PR9199.3.J66 L58 2014","0","0"
"HV40 .P324 2014","0","0"
"BL21 .I58 2013","0","0"
"HT720 .N38 2012","0","0"
"PN86 .W47 2014","0","0"
"HT147.I4 U737 2014","0","0"
"HB1951 .C43 2014","0","0"
"PT134.A88 R65 2014","0","0"
"BX9941.2 .B3513 2014","0","1"
"PQ245 .S28 2014","0","0"
"PQ2676.E794 S47 2014","0","0"
"PL2284 .C547 2014","0","0"
"PQ2672.E25 Z84 2014","0","0"
"PG5031.4 .N275 2013","0","0"
"DS87.65 .G68 2013","0","0"
"PR9199.4.S529 B48 2014","0","0"
"DT295 .G7873 2014","2","0"
"DS480.45 .O53 2014","0","0"
"PR51.G7 E54 2015","0","0"
"BX323 .E876 2014","0","0"
"P161 .W58 2014","0","0"
"DS383.5.A78 S78 2014","0","0"
"DS517.1 .L69 2014","1","0"
"PR5841.W8 Z718 2014","0","0"
"HF5549.2.I4 S56 2014","0","0"
"PA4258 .H8 2014","1","0"
"PK2098.M84 Z8622 2013","0","0"
"BX4827.T53 P27 2015","2","0"
"HE3298 .I53 2014","0","0"
"HD1492.C95 S86 2014","1","0"
"UA776.S64 B352 2014","0","0"
"PR9499.4.S2556 B55 2014","0","0"
"HM1271 .M858 2014","0","1"
"PR9499.3.B65 L68 2014","0","0"
"PN6277.R8 R87 2014","0","0"
"BS2675.52 .D84 2015","0","0"
"DB2190 .H52 2014","0","0"
"PK2098.39.I455 Z46 2013","0","0"
"PK2034 .B75 2014","0","0"
"PK3796.M313 K35 2014","0","0"
"GV709 .S78 2014","0","0"
"DS485.G882 M6342 2014","0","1"
"PK2098.S468 A6 2013","0","0"
"PR9499.3.M54 A6 2014","0","0"
"LC4097.I4 G36 2014","0","0"
"GV1694.M3 L55 2014","0","0"
"GN635.I4 F76 2013","0","0"
"PK2040.5 .S56 2014","0","0"
"U55.M33455 P36 2014","1","0"
"DK511.V9 A55 2014","0","0"
"PG5040.29.L384 H24 2014","0","0"
"PK2040.3 .S65 2013","1","0"
"PH3281.M35 S9718 2011","0","0"
"CB430 .M53 2014","1","0"
"BL2765.F8 P53 2014","1","0"
"PK2042 .H43 2013","0","0"
"H62 .M277 2016","12","1"
"CB351 .D483 2014","0","0"
"JK1118 .S444 2014","1","0"
"DS135.I85 V423 2014","0","1"
"B785.P84 R83 2015","0","0"
"PL2860.U254 Z44 2014","0","0"
"PL2936.3.U5 S58 2014","0","0"
"PL2892.I146 K86 2014","1","0"
"PL2896.O2 Y5 2014","1","0"
"PL2833.5.I26 S55 2014","1","0"
"PL2833.5.I26 S55 2014","1","0"
"PL2833.5.I26 S55 2014","1","0"
"PL2833.5.I26 S55 2014","1","0"
"PL2302 .Z48 2014","0","0"
"PL2942.W46 S58 2014","0","0"
"PL2847.P4 S5 2014","0","0"
"PL2727.S2 W885 2014","1","0"
"PL2965.F356 B54 2014","1","0"
"PL2939.A575 G36 2014","0","0"
"PL2861.A662 H36 2014","1","1"
"PL2336 .S86 2014","1","0"
"PL44.9.M37 C45 2013","0","0"
"PL44.9.M37 C45 2013","0","0"
"PL44.9.M37 C45 2013","0","0"
"PL44.9.M37 C45 2013","0","0"
"Z1003 .M56 2014","0","0"
"PL2878.N142374 Z966 2014","0","0"
"PL2933.E62 R84 2014","0","0"
"PL2965.C436 W36 2014","0","0"
"PL2878.N12783 X86 2014","0","0"
"PL2947.H836 W36 2014","1","0"
"PL2740.N3 Z968 2014","0","0"
"PL2978.5.X5363 D46 2014","0","0"
"PL2948.3.P565 M367 2014","0","0"
"PL2946.3.A57 B8 2014","1","0"
"PL2877.Y39 S55 2014","0","0"
"PL2623 .A168 2014","2","0"
"PL2942.3.A535 C483 2014","0","0"
"PL2976.Z466 D3 2014","1","0"
"UA837 .Z436 2014","0","0"
"UA837 .Y836 2014","0","2"
"PL2921.5.O543 X56 2012","0","0"
"GB618.7 .X536 2014","0","0"
"PL2936.3.O65 B35 2012","0","0"
"PL2937.E35 S55 2014","1","0"
"PL2969.Y8 B45 2014","0","1"
"PL2921.6.J53 F46 2014","0","0"
"TD195.H93 Y5 2014","0","0"
"PL2783.U248 Z975 2014","0","0"
"PL2946.S554 J54 2013","0","1"
"PL2708.U2 Z975 2014","0","0"
"PL2708.U2 Z975 2014","0","0"
"PL2937.5.U27 N36 2014","0","0"
"PL2966.U23 L587 2014","0","0"
"PL2869.O167 L54 2014","2","0"
"HE698.Z7 X5 2013","0","0"
"PL2976.S546 B8 2014","0","0"
"PL2879.H38 S585 2014","0","0"
"PL2841.N29 H664 2014","2","0"
"PL2921.6.R36 G664 2014","0","0"
"PL2976.P8 F36 2014","0","1"
"PL2938.A55 A6 2014","0","0"
"LA1133.7 .D35 2014","0","0"
"LA1133.7 .D35 2014","0","0"
"LA1133.7 .D35 2014","0","0"
"PL2869.O167 W46 2014","2","0"
"PL2869.O167 W46 2014","2","0"
"PL2837.E35 Z735 2014","0","0"
"PL2754.S5 Z975 2014","0","0"
"PL2623 .Z483 2014","0","0"
"PL2833.7.A65 G8 2014","0","1"
"HC426.5.A2 Z466 2014","0","0"
"PL2969.5.E968 Z86 2014","0","1"
"DS777.15.Y83 G36 2014","0","0"
"DS797.77.J56 Z468 2013","0","0"
"D11.5 .G36 2014","1","0"
"D11.5 .G36 2014","1","0"
"HD9672.C64 K4 2014","0","0"
"PN1049.C6 A5 2014","0","0"
"PL2783.U22 Z556 2014","0","0"
"PL2894.A475 Z556 2014","0","1"
"PL2727.S2 H788 2014","0","0"
"PL2919.B56 X53 2014","1","0"
"DS734 .Y365 2014","0","0"
"DS734.9.Z466 A25 2014","1","0"
"PL2960.U824 Z934 2014","0","0"
"LC3085.F7 J56 2013","1","0"
"PL2929.5.N475 W36 2014","0","0"
"KNQ440 .Y8 2014","0","0"
"PL2665.T3 S86 2014","0","0"
"PL2946.5.L56 S664 2014","0","0"
"PN241.5.C6 X54 2014","0","0"
"PL2783.U248 Z948 2014","1","0"
"PL2896.O2 Z436 2014","0","0"
"UC274.C6 Z483 2014","0","0"
"PL2653 .J548 2014","0","0"
"PL2857.A584 F36 2014","0","0"
"PL2653 .Z4665 2014","0","0"
"PL2653 .Z4665 2014","0","0"
"PL2653 .Z4665 2014","0","0"
"PL2653 .Z4665 2014","0","0"
"PL2653 .Z4665 2014","0","0"
"PL2623 .Y83 2014","0","0"
"PL2894.A475 L5 2014","0","0"
"TD367 .Q256 2014","0","1"
"PL2939.O93 C486 2014","0","0"
"PL2938.5.A53 C46 2013","1","0"
"HD9235.G362 Z436 2013","1","0"
"DS779.2 .L577 2014","1","0"
"PL2909.E414 N5 2014","1","0"
"PL2978.5.Y36 S55 2014","0","0"
"PL2979.I984 X53 2014","0","0"
"PL2979.I984 X53 2014","1","0"
"PL2979.I984 X53 2014","1","0"
"PL2653 .Z465 2013","0","0"
"PL2653 .Z465 2013","0","0"
"PL2653 .Z465 2013","0","0"
"PL2653 .Z465 2013","0","0"
"PL2653 .Z465 2013","0","0"
"PL2513 .J5 2014","0","0"
"PL2513 .Z46 2014","1","0"
"PL2880.U14 D5 2014","1","0"
"PN37 .L58 2014","0","0"
"LA2383.C62 S55 2012","0","0"
"PL2886.U13 Z975 2013","0","0"
"PL2939.5.Y36 D3 2014","0","0"
"PL4251.P857 B98 2013","0","0"
"PN879.C6 W36 2014","0","0"
"PL2697.H753 Y83 2014","0","0"
"PL2947.Y835 D664 2014","0","0"
"PK2098.39.I345 T37 2013","0","0"
"DJK27 .H658 2014","0","0"
"GR305.5.H37 M56 2014","0","0"
"PK2098.A329 A6 2014","0","0"
"PL2837.W35 M355 2014","0","0"
"PL2623 .X564 2014","0","0"
"PL2846.N117 J58 2014","0","0"
"PL2919.X53 S55 2014","1","0"
"PL2837.W35 Q253 2014","0","0"
"PL2837.W35 M648 2014","0","0"
"CT3990.A2 H836 2014","0","0"
"PL2785.O3 Z974 2014","0","0"
"PL2966.E364 L36 2014","0","0"
"PL2946.3.A4276 L369 2014","1","0"
"PL2946.3.A4276 L366 2014","1","0"
"PL3031.J53 J546 2014","0","0"
"PL2938.U37 A6 2014","0","0"
"PL2892.5.U748 C436 2014","0","0"
"PL2881.X536 A6 2014","1","0"
"PL2781.N15 A6 2014","0","0"
"HQ799.C6 M45 2014","0","0"
"PL2869.O138 A6 2014","0","0"
"PL2877.L553 A6 2014","0","0"
"PL2878.A5455 A6 2014","0","0"
"PL2969.Z43 S55 2014","0","0"
"PL2931.A344 S546 2014","0","1"
"PL2942.D664 S53 2014","0","0"
"PL2841.N29 S535 2014","1","0"
"PL2887.Y43 A6 2014","0","0"
"PL2971.X535 N36 2014","0","0"
"PL2513 .J5 2014","0","1"
"HB615 .L5 2014","0","0"
"PN5364 .Z466 2013","0","0"
"PL2863.Y36 A6 2014","0","0"
"PL2623 .H45 2014","1","0"
"PL2921.9.N39 A6 2014","0","0"
"PL2851.J79 S53 2014","0","0"
"HV5840.C6 G866 2014","0","0"
"PL2873.N43 K664 2014","3","0"
"PL2837.E35 Z735 2014","0","0"
"PL2972.5.I95 A6 2014","0","0"
"PL2846.N117 Y36 2014","0","0"
"PL2869.5.S5464 D3 2014","1","0"
"HE3289.Y864 L5 2014","0","0"
"PL2846.N117 M46 2014","0","0"
"JA88.I4 C75 2014","0","0"
"PK2903 .M34 2014","0","0"
"PL2698.H73 Z634 2014","0","0"
"RA644.S17 W364 2013","0","0"
"HV6685.C6 Y837 2010","1","0"
"PL2862.U2 D527 2013","0","0"
"PL2872.F364 Y567 2012","1","0"
"PL2671 .Z436 2014","0","0"
"PL2443 .B45 2014","0","0"
"PL2860.U546 S36 2013","0","0"
"PL2946.Y686 D53 2014","0","0"
"TL789.8.C6 Z448 2014","0","0"
"PN2878.L436 G83 2011","0","0"
"DS719 .Z43 2010","0","0"
"PL2919.Y24 M367 2012","0","0"
"HV7830.A2 L53 2012","0","0"
"DS753.6.K6 Z4356 2013","0","0"
"PL2861.O88 Z46 2013","1","1"
"HV9210.A5 X53 2010","0","0"
"PL2939.A57 Q253 2010","0","0"
"PL2929.7.I35 X5 2014","1","0"
"HD1537.C5 H8364 2011","0","0"
"DS778.A1 T46 2010","2","0"
"PL2958.I55 C58 2014","0","0"
"PL2720.A2 Z976 2014","0","0"
"PL2531 .S8 2014","2","0"
"PL2946.5.T53 G8 2014","0","0"
"PL2937.A55 L58 2014","0","0"
"DS734.9.X53 A4 2014","1","0"
"PL2543 .X536 2014","0","0"
"PL2838.M34 X86 2011","1","0"
"PL2887.N273 Z95 2013","0","0"
"PL2521.C54 G86 2014","0","0"
"PL2976.R856 S55 2012","0","0"
"PL2879.H72 L588 2014","1","0"
"PL2264 .Q36 2014","0","0"
"PL2303 .H855 2014","0","0"
"PN5367.F45 L5 2014","0","0"
"PL2519.F6 Q56 2014","0","0"
"PL2332 .X828 2014","0","0"
"PL2677.L52 Z936 2013","0","0"
"PL2754.S5 Z57723 2014","0","0"
"PL2293 .L53 2014","0","0"
"PL2470.Z7 G36 2014","0","0"
"PL2754.S5 Z6989 2014","0","0"
"PL2965.Z45 X56 2014","0","0"
"PL2291 .L554 2014","0","0"
"PL2936.3.U946 A45 2012","0","0"
"PL2343 .L537 2014","0","0"
"GR336.W45 Z466 2014","0","0"
"GR336.X56 Z466 2014","0","0"
"GR336.C446 Z466 2014","0","0"
"GR336.C445 Z466 2014","0","0"
"GR336.P56 Z466 2014","0","0"
"GR336.L83 Z466 2014","0","0"
"GR336.L664 Z466 2014","0","0"
"GR336.F46 Z466 2014","0","0"
"PL2264 .W837 2014","0","0"
"PL2264 .W837 2014","0","0"
"PL2886.O165 Y54 2012","0","0"
"HD8039.P42 C653 2011","0","0"
"PL2978.5.H83 G66 2012","0","1"
"PL2877.M58 F33 2010","0","0"
"HB2114.A3 Z46 2012","0","0"
"DS773.55.W77 J53 2011","0","0"
"PN2878.H77 L525 2010","0","0"
"HC428.Z454 Y83 2013","0","0"
"PL2922.C44 L8 2012","1","0"
"PL2933.E6348 H34 2013","0","0"
"PL2886.O1684 Z853 2013","1","1"
"PL2837.H7626 W45 2014","0","0"
"PL2922.C519 Y836 2010","0","0"
"VA633 .W385 2010","0","0"
"PL2848.T98 T664 2011","0","0"
"PL2919.C4256 N8 2013","0","0"
"PL2878.N14686 C43 2011","1","0"
"DS777.5366.Z478 F46 2012","0","0"
"PL2892.5.U923 S85 2012","1","0"
"LB2341.8.C6 Y46 2013","0","0"
"LB2341.8.C6 Y46 2013","0","0"
"JQ1516 .F825 2013","1","0"
"PL2929.5.N49 Z456 2014","1","0"
"PL2935.I563 G66 2013","0","0"
"PL2938.5.O686 H664 2011","0","0"
"DS778.L49 Z47 2013","1","0"
"DS793.Y45 J56 2013","0","0"
"PL2929.5.N4184 Y54 2013","1","0"
"PL2965.J56 G66 2014","1","0"
"PL2967.7.O235 T42 2014","0","0"
"R604.Y82 J53 2012","0","0"
"PL2965.C44 K36 2011","0","0"
"DS777.533.C47 L58 2011","0","0"
"PL2976.C47 Q5 2012","0","0"
"T896.L1 C4 2011","0","0"
"PL2862.U2242 B45 2013","0","0"
"PL2977.7.Q587 L53 2012","1","0"
"PL2880.U196 Z976 2013","0","0"
"QC16.H68 Z46 2013","0","0"
"DS778.C57 Y364 2012","1","0"
"PL2880.U1517 B35 2013","0","0"
"PL2947.5.U65 R423 2011","0","0"
"PL2862.U246 Y524 2012","0","0"
"PL2780.C5 Z975 2014","0","0"
"PL2948.3.N26 D528 2013","0","0"
"PL3031.I567 N45 2014","0","0"
"PL2303 .W463 2014","0","0"
"PL2274.5 .L5364 2014","0","0"
"PL2948.3.R8 D664 2014","0","0"
"HD7287.96.C62 L53 2012","0","0"
"DS779.29.H79 L53 2014","0","0"
"PL2978.5.X535 R36 2012","0","0"
"PL2925.K55 S85 2014","2","1"
"PL2754.S5 Z436 2014","0","0"
"PL2919.S528 A173 2011","0","0"
"PL2333 .Z466 2014","0","0"
"PL2443 .T44 2014","0","0"
"PL2778.O2 A6 2014","0","0"
"GR335 .G8 2014","0","0"
"Z6525 .Z46 2014","0","0"
"VA633 .D56 2012","0","0"
"PL2326 .Z436 2014","0","0"
"PL2687.C477 Z535 2014","0","0"
"PL2687.C477 Z535 2014","0","0"
"PL2687.C477 Z535 2014","0","0"
"PL418.5.Q256 D4 2014","0","0"
"PL418.5.Q256 N3 2014","0","0"
"PL2954.3.A6494 C53 2012","0","0"
"CC115.M32 Z43 2014","0","0"
"DS778.M298 J563 2011","0","0"
"PL2947.5.U297 J53 2014","0","0"
"PL2727.S2 Z466 2014","0","0"
"PL2419.B8 L52 2014","0","0"
"PN1669.C6 W36 2014","0","0"
"PL2905.N178 Z56 2012","1","0"
"PL2967.7.O238 L54 2014","0","0"
"PL2307 .D46 2014","0","0"
"PN81 .Z86 2014","0","0"
"PL2732.A4 S5 2014","0","0"
"PL2732.A4 S5 2014","0","0"
"PL2939.5.Y6 C36 2014","0","0"
"HV7120.S57 J53 2014","0","0"
"PL2939.A43 G36 2014","1","0"
"PL2947.5.U2 X53 2014","0","0"
"PL2888.J66 T68 2014","2","0"
"PL2919.H8224 D53 2014","1","0"
"PL2727.S2 W363 2014","0","0"
"PL2727.S2 L584 2014","0","0"
"DS747.2.C378 W8 2014","0","0"
"DS764.23.L52 X55 2012","1","0"
"DS764.23.L52 X55 2012","0","0"
"PL1411 .Z466 2014","0","0"
"PL2919.H848 N66 2013","0","0"
"PL2938.A625 Z816 2014","0","0"
"PL2366 .Z4682 2014","2","0"
"PL2264 .W36 2014","0","0"
"PN2877 .C42 2014","1","0"
"HD1698.C5 C43 2011","0","0"
"PL2935.A94 L86 2013","0","0"
"PL2976.J52 R36 2014","0","0"
"DS754 .S44 2013","0","0"
"DS754 .S44 2013","0","0"
"DS799.82.A2 Z436 2013","1","0"
"PL2977.Z86 Q56 2013","0","0"
"R604.W835 W36 2012","0","0"
"HV600 2008.W45 W826 2011","0","0"
"UA835 .F8 2013","1","0"
"PL2972.5.I556 Z46 2011","0","0"
"DS778.M8 W36 2011","0","0"
"PL2838.Y8 L36 2011","0","0"
"PL2857.A5235 J53 2012","2","0"
"PL2979.O9 K83 2012","0","0"
"CT3990.G4 A25 2014","0","0"
"PL2929.7.E75 X56 2011","0","0"
"DS755 .W83 2013","0","0"
"DS799.816 .H87 2013","0","0"
"DS797.56.N365 Y386 2012","0","0"
"PN2878.P45 X84 2014","1","0"
"PL2862.I3163 M36 2012","0","0"
"DS786 .Z386 2013","0","0"
"PL2924.C533 Y54 2013","0","0"
"HD1537.C6 C4464 2011","0","0"
"PL2892.A495 L87 2013","0","0"
"B5234.H73 F46 2014","0","0"
"PL2303 .Y835 2014","0","0"
"PL2303 .O993 2014","1","0"
"PL3031.H86 Y83 2014","0","0"
"PL2278 .L587 2014","0","0"
"PL2252 .Y356 2014","0","0"
"PL2969.S44 Y56 2014","0","0"
"PL2653 .S555 2014","0","0"
"PL2967.5.G86 F45 2013","0","0"
"PL2922.C49 X5 2014","4","0"
"PL2847.T98 Y3 2014","2","0"
"PL2962.A56 T56 2014","0","0"
"PL2946.3.A546 H35 2014","0","0"
"PL2877.D5 D36 2011","0","1"
"PL2958.I45 M56 2014","0","0"
"DF232.C6 A86 2015","0","0"
"PL2937.5.U354 G85 2014","0","0"
"PL2503.C473 L56 2014","0","0"
"BF575.H27 H36 2013","0","0"
"HT384.C6 X536 2013","0","0"
"PL2933.E5344 X86 2014","0","0"
"PL2412 .D53 2014","0","0"
"PN241 .S55 2014","0","0"
"PL2260.5 .H824 2013","0","0"
"PL2727.S2 C3582 2014","0","0"
"PL2878.A5974 Z446 2014","0","0"
"PL2302 .J53 2014","0","0"
"PL2862.I1215 A6 2014","0","0"
"PL2443 .Z495 2014","0","0"
"PL2518.8.X5 Y8 2013","1","0"
"DS797.88.W475 Z436238 2014","0","1"
"PL2262 .Z438 2014","0","0"
"PL2687.L8 Z975 2014","0","0"
"PL2452 .Y5 2014","0","0"
"PL2518.8.W85 W8 2014","0","0"
"PL2272.5 .W356 2013","0","0"
"PL2303 .Y367 2013","0","0"
"PL2877.H743 S55 2014","1","0"
"PL2740.N3 Z7775 2009","0","0"
"PL2672 .Y364 2014","2","0"
"HC427.92 .G35 2014","0","0"
"PL2948.3.N57 M3 2014","0","0"
"PL2754.S5 Z555 2014","0","0"
"HM479.L8 W8 2014","0","0"
"PL2671 .Z436 2014","1","0"
"PL2841.N29 S534 2014","1","0"
"BP63.C6 Z46 2011","0","0"
"PL2837.T3 D326 2014","0","0"
"HB144 .Z43 2013","1","2"
"LG51.P6 H68 2014","0","0"
"PL2409 .J536 2014","0","0"
"PL2663.W35 A62 2013","0","0"
"PL2278 .W3644 2014","0","0"
"PL2513 .A15 2014","0","0"
"PL2968.5.N95 Y83 2014","3","1"
"JQ1512.Z13 E87525 2013","1","0"
"PL2936.3.O5494 D536 2014","2","0"
"PL2878.A5974 G86 2014","0","0"
"PN6109.C5 D36 2008","0","0"
"PL2875.A44 B8 2014","0","0"
"PL2351 .Z436 2014","0","0"
"PL2908.O55 Y56 2014","0","0"
"PL2924.C533 Z958 2014","0","0"
"PL54.67 .A24 2014","0","0"
"PL2303 .Y548 2014","0","0"
"PL2490.W463 L538 2014","0","0"
"DS763.63.T76 X83 2014","1","0"
"PL2466.Z6 W945 2014","0","0"
"PL2892.8.A5 Z436 2014","0","0"
"DK510.763 .H8324 2014","0","0"
"DS796.S25 D53 2014","0","0"
"PL2877.A6 L536 2014","0","0"
"HD4871 .R47 2014","1","0"
"PG1619.23.R4224 M65 2004","1","0"
"PR9499.3.G536 Z72 2013","0","0"
"NA5697.M633 P657 2010z","1","0"
"F1434.2.G68 B47 2013","0","0"
"PK2042 .H56 2014","0","0"
"DS432.5 .D83 2013","0","0"
"PN2887 .P73 2014","0","0"
"DT299.A5 V57 2014","0","0"
"LC191.8.I4 E84 2014","1","0"
"P40.85.I4 P38 2014","0","0"
"P40.85.I4 P38 2014","0","0"
"JA79 .P664 2014","1","0"
"JV7899.15 .K695 2014","0","0"
"DS924.T655 C46 2014","1","0"
"DB2042.G4 S573 2014","1","0"
"KLB2101 .S68 2014","0","0"
"PQ2664.E442 B47 2014","0","0"
"PQ2613.R4323 Z46 2014","0","0"
"DT236 .P56 2014","0","0"
"KBR4030 .I47 2014","1","0"
"DS799.82.Y46 Z86 2014","0","0"
"F2410 .B5113 2014","1","0"
"BL221 .M89 2014","0","0"
"PR9199.3.T4 B37 2014","0","0"
"BF173 .O36 1985","0","0"
"BH182 .C64 2014","0","0"
"BL624 .T647 2003","5","2"
"DC63 .G73 2013","0","0"
"PA6768 .T37 2014","2","0"
"BL65.S8 S73 2015","0","0"
"BS4 .K36 2014","0","0"
"PS3623.R534 S63 2014","1","0"
"DF234 .L48 2015","1","0"
"PS3607.U44 S77 2014","1","0"
"DS134.36.E74 H69 2014","0","0"
"PB1298.N67 O74 1999","1","0"
"PF3835 .M4","3","0"
"R575.C944 K735 2014","0","0"
"B751 .I572 2014","2","0"
"PR6064.O417 D74 2014","0","0"
"PR6073.I4677 A6 2014","0","0"
"DA574.T4 B69 2013","1","0"
"PS3620.H888 A6 2014","1","0"
"DS253 .D36 1976","0","0"
"DS253 .D36 1976","0","0"
"DS253 .D36 1976","0","0"
"PL994.2.K53 K96 2014","1","0"
"PL994.2.K53 K96 2014","1","0"
"PL992.27.C37 K34 2014","2","0"
"PK2030.6.C495 Z84 2014","0","0"
"RA1224.3 .P43 2015","0","0"
"PN849.P3 M31 1971","1","0"
"PN849.P3 M31 1971","1","0"
"PL994.9.U38 A6 2014","1","0"
"PK2098.19.I93 H37 2013","0","0"
"PN849.P3 M31 1971","0","0"
"DK67.5.N4 R677 2014","0","0"
"PA6271.C4 A4 2014","0","0"
"PK2099.19.I37 D48 2013","0","0"
"PN1995.9.H6 H58 2010","0","0"
"HQ240.B6 S65 2014","0","0"
"BX8117.C2 F76 2015","1","0"
"PN1995.9.S557 G68 2015","0","0"
"DS153.3 .C68 2014","1","0"
"HQ1031 .B345 2015","3","0"
"E185.86 .C978 2015","4","0"
"DT511 .I67 2015","2","0"
"F1435.3.P8 A75 2015","0","0"
"BX6462.3 .E97 2014","0","0"
"DG848.38 .C813 2014","0","0"
"E278.A7 L417 2014","0","0"
"PE1479.B87 W44 2015","0","0"
"PR129.A78 W37 2014","2","0"
"DS737 .H93 2015","0","0"
"D210 .P936 2015","3","0"
"PR408.A68 R47 2015","1","0"
"PN56.R7 R623 2015","3","0"
"PE1205 .F56 2015","0","0"
"PT2621.A26 Z8137 2014","0","0"
"PS3511.A86 Z98569524 2015","1","0"
"PS617 .B39 2014","1","0"
"DG66 .J33 2014","3","0"
"DU420.12 .B35 2014","0","0"
"PA4037 .G669 2013","2","0"
"PS3613.E9857 F35 2014","1","0"
"PR6003.E282 Z781726 2015","1","0"
"F368 .S54 2014","0","0"
"E449 .L39 2015","0","0"
"PG7092.P37 F55 2014","0","0"
"DT32.5 .L44 2014","2","0"
"HQ16 .D35 2015","3","1"
"DS529.2 .G64 2015","0","0"
"PS3562.I434 W66 2014","0","0"
"JC423 .C38 2014","0","0"
"BJ1475 .H36 2006","1","0"
"PK2098.38.E54 Z84 2013","0","0"
"D90.G4 R46 2013","0","0"
"NC1325 .K36 2013","0","0"
"E477.16 .S83 2014","0","0"
"HC106.83 .L49 2015","1","0"
"HD2741 .S843 2015","1","0"
"JZ1990 .F73 2014","0","0"
"HD9144.C92 C67 2015","1","0"
"HV4046.B38 F47 2015","3","0"
"P301.5.M49 L58 2015","3","0"
"HM1276 .B56 2015","5","0"
"JZ1480 .S68 2015","0","0"
"BF1582 .K73 2015","4","0"
"HB139 .H453 2015","8","1"
"LC1091 .C59 2015","2","0"
"LB1590.3 .F475 2015","1","0"
"HN120.C48 S73 2015","2","0"
"JF799 .D457 2015","3","1"
"LB2335.8 .S35 2014","1","0"
"JV1818 .W553 2015","8","0"
"JK421 .C23 2015","0","0"
"LA2107 .F67 2014","0","0"
"KF4757 .S725 2015","1","0"
"LB1575.8 .C37 2015","1","0"
"HQ1064.U5 B698 2015","0","0"
"LB1028.3 .D768 2014","1","0"
"HA30.3 .B69 2014","5","0"
"HB3808 .T96 2015","0","0"
"LB1775.2 .W495 2015","1","0"
"DS779.29.Z478 A514 2015","0","0"
"PL976.8 .S565 2014","1","0"
"PA6220.A85 A7 2007","1","0"
"PR116 .A93 2012","3","0"
"GV1204.29.D65 B35 2001","3","0"
"PK2034 .M57 2013","0","0"
"DS435.5 .R39 2014","0","0"
"D639.T8 R63 2014","2","0"
"HN683.5 .S88 2014","0","0"
"PQ8220.1.R46 A8 1993","1","0"
"DA87 .M24 2013","0","0"
"BL2000 .D48 2010","0","0"
"LC2322 .M35 2014","0","0"
"PQ8498.27.U49 S23 1999","0","0"
"DS422.C3 G878 2013","0","0"
"PL2903.O497 Z84 2014","1","0"
"PN49 .R43 2015","1","0"
"JQ220.S8 K75 2013","0","1"
"PL2698.H73 C539586 2014","0","0"
"PK2098.V34 Z48 2013","0","0"
"PA5629.I7 E6513 2014","1","0"
"PN1995.9.A43 T75 2014","0","0"
"PK2200.D25 C35 2014","0","0"
"KD482.C66 P49 2014","0","0"
"HQ756 .C6665 2015","0","0"
"JZ1308 .C75 2015","0","0"
"HC31 .D63 2014","1","1"
"HG243 .E27 2014","1","0"
"HV551.2 .E67 2015","3","0"
"HB615 .E597467 2015","0","0"
"HM1121 .E548 2015","0","0"
"HF3786.5 .S56 2014","0","0"
"HF5476 .B4413 2015","2","0"
"LC197 .H45 2015","0","0"
"G70.212 .K65 2014","0","0"
"JZ5625 .K43 2015","0","0"
"JQ1828.A98 H6238 2014","1","0"
"HM1126 .I53 2015","0","0"
"HC105 .O452 2015","2","0"
"JF801 .S75 2015","0","0"
"JQ1681 .J37 2015","2","0"
"HD57.7 .L433266 2014","2","0"
"KF4558 1st .N48 2015","2","0"
"HV640.4.M628 M36 2014","3","0"
"KZ7212 .H35 2015","1","0"
"HD2810.5 .M85 2014","0","1"
"F2237 .C485 2015","2","0"
"JZ4059 .P68 2014","0","0"
"HG106 .R445 2015","2","0"
"HM621 .R685 2015","1","0"
"HB615 .R6835 2015","1","0"
"HM1271 .R698 2015","1","0"
"KZ7162 .H57 2014","3","0"
"HN733.5 .W364213 2015","0","0"
"HM843 .S63 2015","1","1"
"HQ1063.2.E85 B48 2015","0","0"
"HV6594 .P45 2015","0","0"
"E77 .C295 2015","1","0"
"HV7936.T4 J35 2014","0","0"
"HV8078 .D463 2015","0","0"
"LA622 .D55 2014","0","0"
"HE5623 .C333 2015","0","0"
"LC191.4 .B68 2015","0","0"
"LB2341 .W66 2014","0","0"
"KJC985 .S55 2014","0","0"
"LC2781 .B355 2015","4","0"
"PN1992.77.G57 G57 2014","1","0"
"JZ1320.4 .G56 2014","0","0"
"HV6515 .B464 2015","2","0"
"HX158.5 .V458 2014","3","0"
"LC1203.E3 H37 2015","0","1"
"LC5115 .I57 2014","1","0"
"KBP962 .I85 2014","0","0"
"LB2393 .R33 2015","0","0"
"H97 .N443 2014","1","0"
"LB1585.3 .W595 2015","1","0"
"HD30.3 .C658 2015","0","0"
"HQ789.A5 G76 2015","1","0"
"LB2846 .R33 2015","4","0"
"HV11.8.A35 P76 2014","0","0"
"LC107 .J36 2015","4","0"
"LC1099.3 .R474 2015","0","0"
"LB1042 .Q56 2015","2","0"
"P53.815 .T35 2015","0","0"
"P53 .K596 2015","3","0"
"HT148.W4 C54 2014","0","0"
"LB2341 .W57195 2015","0","0"
"RA422.9 .C37 2013","0","0"
"D765.55.P7 Z22 2014","0","0"
"DX222 .F66 2014","0","0"
"HQ21 .B74 2014","1","0"
"D804.3 .K7875 2014","0","0"
"DS902.4 .V54 2013","1","0"
"DA566.9.C5 F733 2013","1","0"
"DS902.4 .S76 2013","0","0"
"PQ4866.O18 A6 2014","0","0"
"HB846 .H83 2015","0","0"
"JQ1850.A91 S55 2014","3","0"
"HD58.8 .H78 2015","0","0"
"DS902.4 .V56 2013","0","0"
"LA1331 .P87 2012","0","0"
"HF3630.2.Z5 G73 2015","0","0"
"PL4718.9.S42 A8313 2014","0","0"
"DS436 .S29 2014","0","0"
"D887 .P36 2013","0","0"
"HD45 .L474 2014","1","0"
"DS525.9.I4 G46 2013","0","0"
"HN120.Y83 V63 2013","1","0"
"PL4780.2 .C44 2014","0","0"
"PK2200.P37 P3613 2014","0","0"
"P57.K6 C46 2014","0","0"
"PR9499.4.R3563 S66 2014","0","0"
"PK3794.D562 S26 2013","0","0"
"DD256.5 .S669 2014","1","0"
"PN6101 .S66 2014","0","0"
"DK71 .B68 2014","0","0"
"PQ7298.413.A73 P58 2012","0","0"
"F3320.1.G6 C36 2009","0","0"
"PM3968.9.M37 Y66 2013","2","1"
"P241 .O865 2014","0","0"
"DB2063 .P74 2014","0","0"
"JN6598.K7 I7875 1988","1","0"
"DB958.3 .G96 2014","0","0"
"DS450.E86 I535 2012","0","0"
"DS450.C6 G87 2014","0","0"
"KNS4855 .V53 2014","0","0"
"HT147.I4 J35 2014","0","0"
"HQ1236.5.I4 W66 2012","0","0"
"PN1993.5.I8 R44 2014","0","0"
"BL1112.27 .S363 2013","0","0"
"RA441 .S56 2014","2","0"
"HV8248.5 .R36 2012","0","0"
"HT384.I4 N373 2011","0","0"
"DB2500.M667 T53 2014","1","0"
"DK511.P19 V393 2014","0","0"
"HC332.5.B874 A3 2012","0","0"
"PQ8098.423.A78 L73 2013","0","0"
"PQ7392.D69 R48 2014","0","0"
"PT9876.36.A43 S7618 2014","0","0"
"PQ7499.2.A36 A6 2014","0","0"
"BX2320.5.E85 K66 2011","2","0"
"PL994.72.Y84 S26 2013","2","0"
"PL994.89.Y66 P85 2014","0","0"
"HV6433.I722 I8535 2015","2","0"
"PL1235 .J535 2013","0","0"
"PQ7298.425.L565 S66 2013","1","0"
"PN56.R52 W64 2014","0","0"
"PN56.R52 W64 2014","0","0"
"AC106 .Q245 2015","1","0"
"PA6686 .W56 2014","0","0"
"PQ6719.C456 A85 2005","0","0"
"PN671 .S64 2014","1","0"
"PR9499.3.S154 Z87 2014","0","0"
"HV8248.5 .R39 2012","0","0"
"CT1506 .K48 2013","0","0"
"PJ7964.A423 M36 2011","0","0"
"PL1021 .I686 2012","0","0"
"BS2625.53 .L54 2014","2","2"
"DS558 .A56 2015","6","1"
"PN1995 .B47 2015","3","0"
"DS98.6 .L86 2014","0","1"
"PN2287.E418 P65 2013","0","0"
"DA47.9.A75 T46 2015","0","0"
"DS518.1 .B85 2015","2","0"
"BX830 1962.A45 C95835 2015","0","0"
"DK293 .R49 2015","0","0"
"BX8611 .C66 2014","2","0"
"PR8803.2 .L96 2014","0","0"
"PQ4390 .D275 2014","0","0"
"BR115.T42 B87 2015","2","0"
"BL65.I55 H38 2014","0","0"
"PR6025.O206 F67 2014","0","0"
"DS480.4 .M35 2014","1","0"
"B2430.D454 G535 2014","1","0"
"DP402.G6 N55 2015","1","0"
"DP269 .R48 2015","4","4"
"PR9570.K93 A46 2014","0","0"
"DG215.M53 I57 2014","4","0"
"PR8795.C55 I84 2014","1","0"
"PS3602.A77585 J36 2015","1","0"
"D161.2 .J47 2014","1","0"
"DA396.A22 S67 2014","2","0"
"DG447 .B5813 2014","1","0"
"PR9199.3.B683 L69 2014","1","0"
"BL2320 .R67 2015","1","0"
"HQ1805.5 .S525 2015","0","0"
"CB353 .M38 2015","3","0"
"PN1009.5.M54 B73 2015","1","0"
"PR3592.P64 L96 2015","0","1"
"BL2747.3 .P28 2014","1","0"
"D804.175.B4 D54 2015","0","0"
"PR6039.H52 Z6675 2015","1","1"
"BL65.P7 P636 2014","1","0"
"HQ76.3.U5 P765 2015","3","0"
"HQ76.3.U5 P765 2015","3","1"
"HQ76.3.U5 P765 2015","3","1"
"DS480.45 .M378 2015","1","0"
"DS63.18 .R44 2014","1","0"
"DP103 .R48 2014","1","0"
"PR9199.4.H46 R63 2014","0","0"
"PS3565.A8 S33 2015","0","0"
"PS3623.A725 S26 2015","4","0"
"PS3557.R5314 S43 2015","0","0"
"PR3069.I8 S498 2014","0","1"
"PR3091 .F37 2014","0","0"
"PS3605.L47534 S63 2014","1","0"
"PS3562.U219 A6 2014","0","0"
"DG257.3 .D37 2014","0","0"
"PS3570.Y45 S68 2015","8","0"
"E840.8.S38 S63 2015","0","0"
"BR118 .L67 2015","0","0"
"PS3557.I283 U73 2015","0","0"
"PN2287.F45 W48 2014","0","0"
"D128 .F73 2014","0","0"
"PS3573.I8773 W38 2015","0","0"
"BS2555.52 .S65 2015","1","1"
"PS3626.O97 W55 2015","1","0"
"DS262.P35 W67 2014","0","0"
"DS247.Y48 R33 2015","5","0"
"D863 .A68 2014","1","0"
"PR9199.3.Z53 A43 2014","1","0"
"PS3619.M592463 A6 2014","0","0"
"PS3556.R59353 A82 2015","0","0"
"PG1920.29.R52 A24 2014","1","0"
"CC83 .A725 2014","0","0"
"PS3603.O5756 A6 2014","1","0"
"PS3619.T476194 A6 2014","0","0"
"PN2080 .B42 2014","3","3"
"PS3620.A984 A6 2014","1","0"
"PN3491 .B56 2015","1","0"
"PS3564.E474 A6 2014","0","0"
"BX945.3 .V53 2014","1","1"
"BS587 .V58 2014","0","0"
"BR162.3 .B43 2015","1","0"
"PS3623.H586 A6 2014","0","0"
"PR612 .W47 2015","0","0"
"PS3601.R5443 A6 2014","1","0"
"PS3569.A374 A6 2014","0","0"
"D16.8 .V51513 2015","3","0"
"PQ7797.P576 A8713 2014","2","1"
"PQ6669.A6695 D5713 2014","1","0"
"PS3552.R68523 A6 2014","0","0"
"DT159.6.S73 E54 2015","0","0"
"BQ4570.P76 P73 2014","3","0"
"PS3623.A44693 F54 2014","0","0"
"PN1993.5.U74 S65 2015","0","0"
"BM176 .C615 2014","2","0"
"BT903 .W35 2015","3","0"
"PA3084.P7 H45 2014","3","0"
"PS3561.A49 H47 2014","0","0"
"BS511.3 .H55 2014","1","0"
"PS3613.I5699 A6 2014","0","0"
"PA4037 .B835 2015","0","0"
"PH356.H54 K65 2014","0","1"
"PS3607.R3475 A6 2014","1","0"
"PS3601.B44 A6 2014","0","0"
"PS3602.R6976 A6 2014","1","0"
"PR9199.3.S7824 A6 2014","0","0"
"PS3569.C52515 A6 2014","0","0"
"PS3551.N718 I67 2014","1","0"
"BL2527.W47 K47 2015","2","0"
"B835 .F4713 2015","1","0"
"PT2621.A26 Z8236 2015","5","0"
"BX4827.B3 K355 2015","0","0"
"PS3608.U465 A6 2014","0","0"
"PQ7079.2.M6 A2 2014","0","0"
"PS3551.M37 L63 2014","1","0"
"PS3557.E493 L67 2015","1","0"
"PS3618.O773 Z46 2014","0","0"
"PS1302 2014","0","0"
"PS3563.O5153 M37 2014","0","0"
"BD111 .K665 2015","2","0"
"PS3619.P4365 M54 2015","1","0"
"PN81 .R373 2015","2","0"
"PQ2706.O67 O6413 2014","0","0"
"PR120.B55 M63 2015","1","0"
"PN56.M54 D38 2015","2","0"
"PS3556.L583 M68 2014","0","0"
"PS648.S5 M92 2014","3","0"
"PS3503.L635 A6 2014","0","0"
"PR9199.3.M42363 N62 2014","0","0"
"PS3552.R6827 A6 2014","0","0"
"PS3557.A515 N84 2014","1","0"
"PH667.21.A44 A2 2014","1","0"
"PS3614.U35 O97 2014","1","0"
"PS3610.U34 P37 2014","5","1"
"PA5629.I7 A2 2014","0","0"
"PS3607.R43 R37 2014","1","0"
"F1234 .H685 2015","0","1"
"PS3551.M184 S36 2014","0","0"
"PS3603.A44336 S43 2015","1","0"
"PR4836 .A4 2014","0","0"
"HQ21 .J58 2015","2","0"
"PS3615.C375 A6 2014","0","0"
"PS3603.A765 Z46 2015","0","0"
"PG5039.16.I83 A2 2014","0","0"
"PS3606.A2655 S76 2014","0","0"
"PR9199.3.S6314 S77 2014","0","0"
"PS3616.I213 A6 2014","1","0"
"PQ7797.O293 A2 2015","3","0"
"PR9570.L43 H37 2014","0","0"
"BJ1521 .B38 2015","1","0"
"BX8495.W35 T97 2014","0","0"
"PS3602.A8552 A6 2014","0","0"
"PS3603.A432 W66 2014","5","0"
"PQ3919.3.F664 L37 2014","1","0"
"PS228.O43 H37 2015","0","0"
"BS575 .E8613 2014","0","0"
"PJ7866.B27 I57 2014","1","0"
"JQ281 .R33 2014","0","0"
"DS764.23.L5 X86 2014","0","0"
"JQ281 .A78 2011","0","0"
"PL4758.9.C388 V3813 2013","0","0"
"PL1023 .B74 2013","1","0"
"BX4705.I79 A25 2013","1","0"
"F1466.5 .S45 2014","1","0"
"PL4659.D56 D8513 2013","0","0"
"DS422.C3 P245 2013","0","0"
"DS799.847 .T536 2014","0","0"
"PR9499.4.M355 W66 2014","0","0"
"F1465.2.Q5 M46  2014","0","0"
"PK541 .B36 2013","0","0"
"GV1796.S34 B67 2013","0","0"
"PA4274.O5 A36 2014","3","1"
"DS435.8 .I53 2014","0","0"
"PK541 .D37 2013","0","1"
"PQ7298.428.A468 G83 2013","0","0"
"DS483.42 .E755 2008","0","0"
"PA6296.B7 B73 2014","1","0"
"PA4250.N2 T536 2015","3","0"
"HC497.H6 F46 2014","1","0"
"HQ76.25 .U43 2014","0","0"
"HT153 .U724 2015","2","0"
"NK3633.A4 M34 2012","1","0"
"F1525 .I324 2014","1","0"
"CT1919.P33 L83 2012","0","0"
"DS244.63 .L53 2013","0","0"
"PR6058.A9776 W65 2014","1","0"
"P92.A65 U33 2014","0","0"
"KHC3009.W64 S57 2012","1","0"
"PA6448 .B73 2014","1","0"
"F3320.2.U78 S58 2012","0","0"
"R143 .Z39 2013","0","0"
"UB357 .S26 2014","0","0"
"HV95 .D615 2014","4","0"
"PL193.A7 M48 2012","0","0"
"PA4212 .H67 2014","0","0"
"PG5031.4 .K24 2014","0","0"
"DJK46 .C495 2014","0","0"
"DS799.823 .B352 2014","1","0"
"PS3535.I65 Z65 2011","0","0"
"AM348.2.V45 H86 2013","0","0"
"DS509.3 .D66 2014","0","0"
"BR563.N4 W55 2015","0","1"
"PA3973.R5 F75 2014","0","1"
"E185.97.L24 B48 2015","1","0"
"PH3281.K3815 V44 2014","0","0"
"JQ1879.A5 .D46 2015","0","1"
"DF212.E82 M37 2015","1","0"
"BR65.A446 A853 2014","0","0"
"PR9199.3.M3342 R46 2014","0","0"
"BP189.7.S4 S25 2005","0","0"
"HB3639 .P764 2003","0","0"
"DT107.87 .S5325 2013","0","0"
"PA6320 .M36 2015","1","0"
"PK2659.M54 K387 2012","0","0"
"HQ238 .B87 2013","0","1"
"PH3213.C744 H29 2013","0","0"
"PT2359.H2 A67254 2014","0","0"
"BQ636 .Y3594 2014","0","0"
"DS459 .E73 2014","0","0"
"PT2637.A4184 Z733 2014","0","0"
"PR9499.4.Z35 G85 2014","0","0"
"PS3573.E3928 D66 2014","0","1"
"R144.A2 A23 2014","0","0"
"PJ5016 .H36 2014","3","0"
"P119.32.I4 M579 2014","0","0"
"DB2742.H8 S98 2014","0","0"
"DS227 .H275 2015","1","0"
"DS423 .I487 2010","1","0"
"HV6570.4.B5 A55 2012","0","0"
"DS517.3 .E76 2014","0","0"
"DP104 .M6713 2014","3","0"
"HD9672.I52 A23 2014","0","0"
"PG5039.18.R2 Z488 2014","2","0"
"G155.I4 C66 2014","0","0"
"D640.H487 A3 2014","1","0"
"B485 .C56 2015","0","0"
"PJ7632.E4 D593 2013","0","0"
"HX393.5 .A558 2014","0","0"
"DB2191.D855 A3 2014","0","0"
"B434 .A928 2014","1","0"
"P1038 .C66 2008","1","0"
"AS182.B38 M484 2014","0","0"
"PN2888.K86 A3 2014","0","0"
"PT1589 .H456 2014","0","0"
"PM3968.9.C44 K33 2013","0","0"
"DS435 .B43 2013","0","0"
"BM713 .S877 2014","0","0"
"HC415.15 .U63 2015","0","0"
"B753.I24 I53 2014","0","0"
"BX8332 .N53 2014","1","0"
"F1435.3.F6 U87 2010","1","0"
"GR345 .F46 2013","0","0"
"PQ7822.S46 S69 2012","0","0"
"LC221.4.P4 I85 2005","0","0"
"F1435.T43 O75 2011","0","0"
"PQ7819.M755 A6 2010","0","0"
"HN690.Z9 I53 2011","0","0"
"PR9499.4.N39 E47 2014","0","0"
"JQ298.A36 C45 2014","1","0"
"JZ1318 .D76 2010","0","0"
"D802.R82 B7345 2014","0","0"
"PK2211.E8 A5413 2014","1","0"
"HM146 .B3452 2013","0","0"
"PH3042 .S9234 2014","0","1"
"Z675.U5 S65833 2011","1","0"
"PN1998.2 .J43 2014","0","0"
"PR9499.4.B435 L68 2014","0","0"
"PK6996.T359 A9844 2013","0","0"
"PR9499.4.P36 A14 2012","0","0"
"PR9499.4.M343 P64 2014","0","0"
"HD31 .S3844 2014","0","0"
"BM496.6 .T35 2014","0","0"
"JV8112 .W55 2014","0","0"
"PQ8220.1.R45 C37 2001","0","1"
"D54.5 .B874 2014","0","0"
"F3722.1.H83 L33 1988","1","0"
"PG3482.S2 Z67 2014","0","0"
"PG3483.3.E294 Z523 2013","1","0"
"DB2035 .D384 2014","0","0"
"PG3482.6.E68 Z35 2013","0","0"
"PK9201.A99 G3847 2013","0","0"
"PG5039.32.Y8 Z57 2013","0","0"
"F3741.A6 M69 1999","1","0"
"PQ7081.A1 N44 2015","3","0"
"F1391.M5 C36 2014","0","0"
"HQ1172 .B38 2013","0","0"
"PM3943 .Q85 1999","0","0"
"DS110.G3 E94 2014","0","0"
"BP605.B64 D67 2013","3","0"
"PN56.L33 N48 2014","0","0"
"U240 .M224 2014","1","0"
"JF497.G7 T67 2014","0","0"
"PS3623.E3828 M87 2014","2","0"
"B753 .S831 2014","0","0"
"PN56.D4 D43 2015","4","0"
"PR9499.4.G36 S96 2013","0","0"
"PJ7846.A52 Z75 2015","0","0"
"PR6058.O346 L4 2014","0","0"
"BP188.9 .J54 2013","0","0"
"PR9499.4.S575 N66 2013","0","0"
"PR9499.4.I947 M36 2014","2","0"
"PR9499.4.P356 W44 2014","0","0"
"PR9499.3.A6 Z46 2013","0","0"
"BP166.6 .A45 2015","0","0"
"BP189.7.M3 A33 2015","0","0"
"PK2418.S2576 T9313 2013","0","0"
"HE5620.D75 I5 2014","0","0"
"JC393.A3 I85 2013","0","0"
"PR9499.4.H39 S66 2014","1","0"
"BP184.8 .G43 2015","0","0"
"PR9499.3.B65 J86 2014","0","0"
"HN690.Z9 M2667 2012","0","0"
"AC106 .Q244 2007","0","0"
"F1545.2.G77 C65 2014","1","0"
"PR9495.27 .S33 2014","0","0"
"PQ7499.2.M66 P59 2014","0","0"
"RS131.64 .C46 2014","0","0"
"HM726 .G42 2014","0","0"
"B3332.S253 B5413 2011","5","0"
"PH3241.G92 Z55 2014","0","0"
"HC290.5.W4 V47 2011","0","0"
"HD60.5.C62 H666 2013","0","0"
"V25 .P35 2014","0","0"
"DS461.8 .L313 2014","1","0"
"HT690.I4 V37 2014","0","0"
"BS2650.52 .W45 2015","2","0"
"DS480.853 .G878 2014","0","0"
"DS481.G316 A43 2014","1","0"
"HC435.3 .G693 2014","0","0"
"DS481.M3537 B37 2014","1","0"
"PK1731.13.A52 P36 2014","0","0"
"GR305.5.A87 M57 2013","0","0"
"PL845.S27 S64 1996","0","0"
"PL857.I78 T625 1999","0","0"
"HD9019.I32 I4 2012","0","0"
"PN50 .H578 2012","0","0"
"HD9556.I4 P37 2014","0","0"
"PL857.I78 T626 1994","0","0"
"P94.5.W65 N36 2010","1","0"
"PK2659.T37 J3313 2013","0","0"
"D915 .H47 2014","0","0"
"D915 .H47 2014","0","0"
"PR9499.3.B65 T45 2013","0","0"
"PR9499.4.K75 U57 2014","1","0"
"PK2418.G3276 S77 2013","0","0"
"BQ6150 .T53 2009","1","0"
"PK2200.N363 M36 2014","0","0"
"HF5549.5.J63 S4724 2014","0","0"
"HV6433.I4 M869 2014b","0","0"
"HD1486.I5 A44 2013","0","0"
"HV9133 .C67 2013","0","0"
"PL857.I78 L66 1991","0","0"
"PL857.I78 T69 1993","0","0"
"PL857.I78 T627 2000","0","0"
"GT2949 .W36 2015","2","0"
"K3258 .C76 2015","0","0"
"HV6771.E18 Y68 2015","1","0"
"HQ759.913 .R56 2015","1","0"
"HQ613 .S77 2015","0","0"
"KF4600 .N65 2015","1","0"
"HC447 .D383 2015","1","0"
"HG4910 .S457 2015","6","0"
"HC462.8 .M474 2015","1","0"
"LB2331.62 .L33713 2015","0","0"
"LB2331.72 .B684 2015","1","0"
"GN281.4 .S48 2015","0","0"
"HV2449 .T435 2014","0","0"
"HM1116 .F583 2015","1","0"
"LB2369 .C353 2014","3","0"
"HC253 .B85 2015","0","0"
"BF637.B85 M268 2015","1","0"
"GR550 .C36 2015","4","1"
"HB849.415 .M45 2014","2","0"
"JK5745 .G43 2015","0","0"
"GV1790.S55 K37 2015","2","0"
"DT16.5 .E97 2012","3","0"
"HT975 .A45 2014","1","0"
"HD9940.A2 C94 2015","2","0"
"LA1013.7 .S34 2015","4","1"
"KF9672 .N34 2014","2","0"
"BF38 .W656 2015","1","0"
"KF366 .E39 2015","5","0"
"HV5760 .N53 2015","1","0"
"HT241 .L58 2014","1","0"
"HQ1090.7.E3 M37 2014","1","0"
"JQ39 .P37 2015","0","0"
"HN663.A8 S28 2015","2","1"
"HN90.S65 B87 2015","0","0"
"HT1521 .T472 2015","2","0"
"HD2769.2.U6 M65 2015","0","0"
"DS480.84 .V58 2012","0","0"
"PL857.I78 T628 1998","0","0"
"CB251 .A494 2014","0","0"
"DS495.6 .R48 2013","2","1"
"DC33.4 .P768 2014","1","0"
"PK2200.A6554 L3513 2013","0","0"
"HD69.C6 L68 2014","0","1"
"HV6433.85 .K39 2013","1","1"
"PR9499.3.C438 S64 2014","0","0"
"RC552.O25 G35 2014","4","1"
"DS422.C3 G865 2012","1","0"
"PS366.M55 C53 2014","2","0"
"PR6023 .E926 2015","0","0"
"PQ4053.P46 E55 2015","0","0"
"DS796.H79 V535 2014","0","0"
"DA940.5.T95 L46 2014","0","0"
"PS3563.O8867 A6 2015","3","0"
"D547.I6 S263 2015","0","0"
"PS379 .L37 2015","1","0"
"PR2976 .R356 2014","0","0"
"PR468.D42 L88 2015","2","0"
"PJ7828.K52 R48 2015","0","0"
"PR3011 .S31 2015","1","1"
"DG529 .W53 2015","4","0"
"D629.A8 J65 2015","0","0"
"PA6661.E8 G9 2015","0","2"
"F3722.1.S37 S97 2014","0","0"
"DS719 .S43 2015","1","1"
"PS3618.I39 B36 2015","3","0"
"E184.F4 L33 2015","0","0"
"F1029.5.A35 B53 2015","0","0"
"E840 .B768 2015","5","0"
"PS3608.U375 F68 2014","0","0"
"D757 .R685 2015","4","0"
"F2909 .I47 2015","0","0"
"PQ3917.Q3 L33 2014","0","0"
"PS3608.A5464 N48 2014","8","0"
"B105.P4 Q47 2015","0","0"
"PS3601.P64 A6 2015","0","0"
"PS310.R34 S46 2015","1","0"
"PS1342.A7 H78 2015","1","0"
"PS3602.E4656 A6 2015","0","0"
"PN56.S7357 S76 2015","2","0"
"PS3602.A2314 A6 2015","0","0"
"E185.93.M6 M665 2015","1","0"
"DS435 .T73 2012","1","0"
"PG5039.18.A446 V97 2014","0","0"
"HT169.I5 D38 2012","0","0"
"PN2878.C498 W365 2014","0","0"
"PL857.I78 O8 1982","0","0"
"CS859 .P624 2014","0","0"
"PL2973.S5497 D325 2013","1","0"
"PQ265 .A93 2014","0","0"
"PA85.H57 C47 2014","0","0"
"PS3568.I83138 A6 2015","0","0"
"PR9199.3.W455 T33 2015","0","0"
"PG5438.F47 T713 2014","0","0"
"PL1900.P44 L428 2012","0","0"
"DS777.43 .Y427 2014","0","0"
"PS3555.S515 V5 1977","1","0"
"BQ9399.E594 S643413 1994","1","1"
"HG5993 .L444 2015","8","1"
"F885.J5 F75 2014","0","0"
"PN1993.5.H66 W63 2011","3","0"
"PR9499.4.A58 S44 2014","0","1"
"Z115.5.C95 R85 2014","1","0"
"PR9499.3.D486 E24 2014","0","1"
"DK34.M8 C36 2015","0","0"
"PQ6257 .L62 2014","1","0"
"PQ155.A44 D45 2015","2","0"
"PL2302 .Z363 2013","0","0"
"DS119.7 .G617 2015","0","0"
"BV4639 .L33 2014","0","1"
"PG5039.29.A53 M837 2014","0","0"
"PR1109 .A2 2012","8","1"
"PR1109 .A2 2012","4","0"
"PR1109 .A2 2012","8","1"
"BH221.C943 H453 2014","0","0"
"BX4705.C33547 E73168 2014","0","0"
"PQ9603.2 .F5313 2013","0","0"
"DS481.A233 A5 2014","0","0"
"HD8684 .H46 2012","0","0"
"NK1035.H8 K635 2012","0","0"
"NA7246.M37 A73 2013","0","0"
"DS432.A2 T477 2013","0","0"
"PL4718.9.N329 A6 2014","0","0"
"GV1796.C145 M47 2013","0","0"
"PM3539.Z5 Q47 1999","0","0"
"CS847 .K89 2014","0","0"
"PK2903 .R344 2008","0","0"
"PR9499.3.S29 F36 2014","0","0"
"PR9499.4.K68 D73 2013","0","0"
"PN4979.Y83 P334 2014","1","0"
"PK1730.37.E4965 S5813 2013","0","0"
"PL4718.9.M516 J5813 2013","0","0"
"DS779.49.X53 Z68 2014","1","0"
"HN687 .T75 2014","0","0"
"DS432.L34 B478 2012","0","0"
"HE6185.I52 V47 2014","0","0"
"HD58.7 .I555 2013","0","1"
"CS539 .R6933 2014","0","0"
"D550 .A447 2014","0","0"
"D550 .A447 2014","0","0"
"BX955.3 .S423 2014","0","0"
"BX4700.C9 Z59 2013","0","0"
"HD9987.A2 D48 2013","1","0"
"TX360.P6 G37 2013","0","0"
"DB2500.S94 W54 2013","0","0"
"QC903.2.C5 N53 2013","1","0"
"BX605.A8 S46 2014","1","0"
"DK511.C37 M88 2011","0","0"
"QC903.2.P16 E26 2013","1","0"
"PN778 .L38 2012","1","0"
"DB920.5 .K85 2011","1","0"
"QC903.2.E18 E26 2013","0","0"
"K1772 .L39 2013","1","0"
"PS3525.E43 D34 2014","0","0"
"PS3525.E43 D34 2014","0","0"
"D887 .S33 2014","0","0"
"BX492 .R886 2014","0","0"
"BX492 .R886 2014","0","0"
"HV8194.5.A3 W44 2014","0","0"
"HV6535.C94 C45 2014","0","0"
"HV6627 .Z56 2014","0","0"
"HA29 .B38345 2014","2","0"
"LA2375.G72 M879 2014","0","0"
"U43.R9 P37 2015","3","0"
"GT2853.I8 M4 2015","3","0"
"GN480.4 .C68 2015","1","0"
"HD30.19 .S63 2014","0","0"
"HC79.I55 D54 2015","1","0"
"LB1044.87 .R682 2015","1","0"
"HV1568 .E445 2015","1","0"
"LB2806 .E38 2015","0","0"
"JA71 .E434 2015","2","0"
"HB3782 .O44 2015","1","0"
"LC71 .B76 2015","1","0"
"HE9774 .R48 2014","0","0"
"HB701 .D38 2015","0","0"
"HV6773 .G66 2015","4","0"
"G70.212 .C473723 2014","0","0"
"HT361 .I49 2013","0","0"
"KF4124 .W56 2015","0","0"
"HD7293.Z9 W35 2015","1","0"
"HB501 .D943 2015","3","0"
"JZ1734 .P55 2015","4","0"
"JC328.6 .S68 2014","0","0"
"HG1662.U5 B68 2015","0","0"
"JQ1631 .J3628 2015","1","0"
"JQ1631 .J3629 2015","0","0"
"HB3782 .M36 2015","2","1"
"HX39.5.A5263 C37 2014","0","0"
"HV4757 .M39 2015","2","0"
"LB89 .O93 2015","3","1"
"LB2817.3 .Q36 2015","0","0"
"HG4661 .G46 2015","6","1"
"JK2391.T43 B87 2015","2","0"
"LC3731 .R27 2015","2","0"
"LB3013.3 .L357 2015","1","0"
"HV10.5 .S625 2014","0","0"
"HV6432 .H47 2015","1","0"
"HD5765.A6 L48 2015","0","0"
"HT170 .L46 2014","1","0"
"HF1359 .M326 2015","0","0"
"HT166 .K3598 2014","1","0"
"HD62.6 .C37 2015","0","0"
"BL2045 .S64 2015","1","0"
"HT321 .C58 2015","0","0"
"HM435 .R69 2015","4","2"
"HB615 .W447 2014","0","0"
"HM742 .F83 2015","4","1"
"P302.76 .W67 2015","3","1"
"LA632 .V47 2014","0","0"
"HG179 .B8768 2014","1","0"
"GN345 .A85 2015","2","0"
"HC79.E5 A5146 2015","2","0"
"LB3051 .L4543 2014","0","0"
"JC599.N6 L36 2014","1","0"
"HB74.P8 M67 2015","4","0"
"LB2351 .I59 2015","1","0"
"JZ1242 .B668 2014","0","0"
"PN1992.8.J87 K69 2015","0","0"
"LB1028.3 .B76 2014","0","0"
"GN476.15 .F47 2015","0","0"
"LC383 .G68 2014","1","0"
"HT169.C6 W8 2015","3","0"
"JA75.8 .P648 2015","1","0"
"HD7116.R12 U563 2014","0","0"
"HN90.S6 P363 2015","2","0"
"HV6446 .R46 2015","2","0"
"BF697.5.S43 L675 2015","6","0"
"HV6545.8 .E737 2015","1","0"
"HT169.A357 U73 2015","1","0"
"LB1028.43 .U78 2014","1","1"
"JZ4986 .W37 2015","0","0"
"PG5038.N45 Z785 2014","0","0"
"HN530.2.A8 I58 2014","0","0"
"PN80.5 .M42 2013","0","0"
"PG1224 .M42 2013","0","0"
"HV6771.C94 K644 2014","0","0"
"HN420.3.A9 M675 2014","0","0"
"PQ1794.D7 A2 2013","1","0"
"DG274.S333 H57 2011","2","0"
"HC820 .C364 2014","0","0"
"DG536.C25 F33 2014","0","0"
"PR6057.A319 T75 2015","9","1"
"PQ4478 .S23 2014","1","1"
"DT295.3.P48 A3 2014","0","0"
"PJ3886.E5 S36 2015","0","0"
"PJ3886.E5 S36 2015","0","0"
"BX4700.W4 V36 2014","0","0"
"DS87.5 .F377 2014","0","0"
"DS63.2.U5 N39 2014","0","0"
"PQ4628 .D5 2014","0","0"
"PL857.I78 T629 2003","0","0"
"PL857.I78 T82 2006","0","0"
"PA6206.A6 F7 2013","0","0"
"PT2281 .G9 2013","0","0"
"PG3515 .L58 1993","0","0"
"PT2281 .G9 2013","0","0"
"PN2724 .B543 2014","0","0"
"PL857.I78 S534 1991","0","0"
"PL857.I78 C62 1992","0","0"
"DK266.4 .Y8717 2014","0","0"
"PL857.I78 Y65 1987","0","0"
"DC801.A325 A53 2014","0","0"
"PT1709 .B55 1988","0","0"
"PT1709 .B55 1988","0","0"
"PT1709 .B55 1988","0","0"
"PT1709 .B55 1988","0","0"
"PQ2613.A58 Z8438 no. 2","0","0"
"PQ2683.E65 T76 2012","0","0"
"PT2625.A44 Z792457 2015","0","0"
"PN2728.D63 G32 2014","0","0"
"P96.T47 N89 2014","0","0"
"DS98.6 .S89 2015","1","0"
"DS244.63 .R327 2013","0","0"
"DS98.6 .A97 2015","1","0"
"JQ1850.A91 S27 2015","1","0"
"BX410 .S56 2014","0","0"
"BX1527.3 .H356 2014","0","0"
"HM742 .G53 2014","0","0"
"BP161.3 .R22 2014","0","0"
"JQ1826.A58 Z53125 2013","1","0"
"PJ7874.A685 Z53 2015","0","0"
"PN1993.5.P35 B37 2013","1","0"
"PJ7561 .U85 2014","0","0"
"DS109.25 .B34 2013","0","0"
"DS119.76 .I28 2015","0","0"
"PJ8190 .T35 2014","0","0"
"PK6413 .Z56 2006","0","0"
"NA1487.M39 M39 2006","1","0"
"PK6550.U5 Z74 2010","1","0"
"GT4874.A2 A55 2010","1","0"
"PK6561.N37 A37 1990","2","0"
"PK6561.S559 Z523 2010","2","0"
"PK6465 .A2 2010","0","1"
"PN1009.A1 I87 2009","0","0"
"BL1237.32 .D37 2007","2","0"
"PK6482 .Y385 2008","1","0"
"PK6561.I7 Z89 2010","1","0"
"DS261 .C8168 2009","0","0"
"BP80.H27 A754 2006","1","0"
"PK6458 .Y388 2009","1","0"
"HC471 .F56  1997","1","0"
"PK6465.D5 H3 2009","0","0"
"BP194 .A237 1997","1","0"
"PA4032.P47 A4 1999","0","0"
"PK6235 .A58 1991","0","0"
"DS325.I78 S37 2006","0","0"
"PK6561.S78 T85 1993","0","0"
"PS3551.L44 D41675 2008","0","0"
"BP193.1.A3 J23 1900z","1","0"
"PK6562.24.A868 A74 2009","0","0"
"PK6561.S273 G85 1999","1","0"
"PK6561.G75 J33 2002","0","0"
"PK6562.23.A33 C4 2009","0","0"
"B753.R384 R39 2011","1","0"
"BL256 .S275 2004","0","0"
"PK6481.M6 M87 2003","0","0"
"PG2959 .N34 1988","1","0"
"PK6443 .Y39 2008","0","0"
"HQ1154 .F741675 1994","0","0"
"PK6561.M8728 K4 1984","1","0"
"PK6561.M83 R35 1981","0","0"
"PK6561.R244 H36 2006","0","0"
"PN5449.I682 B54 1997","1","0"
"RC480.5 .H321675 1982","1","0"
"PK6562.3.U85 R89 2007","0","0"
"PN3355 .M34 2010","0","0"
"PK6549.S3 A6 2006","1","0"
"HM606.P4 T38 2005","2","0"
"P217 .H91675 1989","1","0"
"BJ1678.P3 K3 1992","1","0"
"PK6562.26 .A33 2005","1","0"
"PT2603.R397 A61675 1900Z","0","0"
"PR2796.P45 T34 1998","0","0"
"PK6561.I785 Z67 2005","0","0"
"PN81 .S451675 1996","1","0"
"PK6405.2.I85 A5 2005","1","0"
"PK6405.2.I85 A5 2005","1","0"
"PK6406 .M87 2004","2","0"
"B823.3 .S83 1996","2","0"
"JC585 .C71675 1991","1","0"
"BF511 .A41675 1994","1","0"
"PK6562.19.S73 J39 2009","1","0"
"BD431 .J34 2005","0","0"
"CS3020 .A83 2010","0","0"
"PK6562.23.A33 P3 2009","0","0"
"PK6451.F25 V5 1976","2","0"
"PK6561.M827 A6 1988","0","0"
"PS3553.R3373 W351675 2008","0","0"
"PK6451.B49 Z75 2006","0","0"
"PK6495.K42 Z863 2008","1","0"
"PS3551.L35698 G91675 2005","0","0"
"PK6443 .D37 1990","0","0"
"PK6561.M883 D3 1979","0","0"
"PK6550.T34 Z53 2007","1","0"
"PK6562.1.A4552 H3 2006","1","0"
"PK645 .M57 2009","1","0"
"PK6501 .Z9825 2009","1","0"
"PK6495.K35 Z97 2006","0","0"
"B753.F34 R39 2011","1","0"
"PK6426.5 .A45 2006","0","0"
"PK6412.C45 A55 2006","1","0"
"PK6546 .M338 2007","0","0"
"PK6561.I56 Z92 2006","1","0"
"PK6561.Y78 A6 2006","0","0"
"PK6550.V3 Z74 2009","1","0"
"PK6495.M47 R39 2008","0","0"
"PK6490.Z5 R39 2009","1","0"
"PK6546 .M57 2008","1","0"
"PK6561.A7 Z8 2008","1","0"
"PK6495.M454 Z56 2006","0","1"
"PK6495.N3 Z768 2009","0","1"
"PK6451.B25 Z615 2007","0","0"
"PK6451.F44 Z844 2008","1","0"
"PK6457 .D37 2006","1","0"
"B753.G34 R399 2009","1","0"
"PQ2663.U84 C661675 2009","1","0"
"PK6495.K58 Z84 2008","1","0"
"BP188.8.I4 A45 2005","0","0"
"PK6495.K28 Z84 2010","1","0"
"PK6525 .M57 2004","1","0"
"PZ7.M47853 M31675 2007","0","0"
"PK6546 .A55 2010","0","0"
"PK6561.J3 Z713 2006","1","0"
"PK6451.A62 Z713 2009","1","0"
"B752.A964 A75 2006","1","0"
"PK6561.A38 Z56 2011","1","0"
"BP189.7.M42 A32 2009","0","0"
"PK6561.B3 Z84 2007","0","0"
"PK6451.F28 Z843 2009","1","0"
"PK6561.H347 B36 2010","0","0"
"PK6561.S356 S24 2010","0","0"
"BP188.9 .A45 2002","1","0"
"DS35.63 .M56 2010","0","1"
"DS35.63 .M56 2010","0","1"
"PK6561.D268 S34 2002","1","0"
"PK6561.D268 S34 2002","1","0"
"DT231 .N37 2015","2","0"
"PL857.I78 A86 1983","0","0"
"PA6511 .M2 2003","0","0"
"DS63.2.U5 A285 2015","1","0"
"PL857.I78 S88 1997","0","0"
"JQ1850.A91 T334 2014","1","0"
"K564.H8 I27 2015","0","0"
"PL857.I78 E25 1994","0","0"
"DG78 .A765 2015","1","1"
"BR65.A9 A8445 2015","2","0"
"HQ1762 .A77 2015","2","0"
"E184.A1 C37 2015","0","1"
"PR6005.O4 Z7617 2014","0","0"
"BM729.P7 E664 2015","0","0"
"DK293 .E765 2015","0","0"
"E457.5 .A13 2015","1","0"
"DC430 .F725 2015","0","0"
"BS2625.52 .B355 2015","1","1"
"DS135.E83 G677 2015","0","1"
"B2929 .S455 2015","0","0"
"PN2100 .H62 2015","1","0"
"PR8789 .I68 2015","1","0"
"DP214.5 .N94 2015","0","0"
"E342 .S74 2015","3","1"
"PR635.W6 P43 2015","1","0"
"B803 .P66 2015","2","0"
"PS3619.T47874 N43 2015","1","0"
"F334.M753 K49 2015","0","0"
"DS81 .P43 2014","0","0"
"DG451 .G36 2015","3","0"
"PS3557.O315 Z46 2015","1","0"
"PR2399.W7 Z845 2015","3","1"
"BL256 .R438 2015","1","0"
"BX4705.N426 B69 2015","1","0"
"F128.52 .F73 2015","0","0"
"DL21 .R26 2015","5","0"
"PN1009.A1 S359 2014","0","0"
"BL65.S4 S495 2014","2","1"
"PS3613.I745 S94 2015","0","0"
"BS2614 .S97 2014","0","0"
"DD286.2 .O57 2015","6","0"
"DP48 .T674 2014","3","0"
"BH301.U5 H63 2014","1","0"
"PN1995.9.H54 A94 2014","2","0"
"D413.5 .L67 2015","3","0"
"Z1003 .P236 2014","4","0"
"B945.J24 T47 2014","1","0"
"PN1995.9.W6 M383 2014","1","0"
"PN1969.C65 T46 2015","2","0"
"BS2795.53 .C355 2014","0","0"
"PR6013.R44 Z63 2015","0","0"
"HQ1787 .R65 2015","2","0"
"D804.3 .L54 2015","0","0"
"BR516.5 .W38 2014","0","0"
"PS3566.E886 A6 2014","1","0"
"PS3615.L4355 A6 2014","0","0"
"DF277 .A84 2014","0","0"
"BX1390 .C23 2014","1","0"
"BT55 .C38 2014","9","0"
"BT695.5 .B56 2014","1","0"
"PH355.S5445 E5513 2014","0","0"
"PS3602.A94 B64 2013","0","0"
"B2430.L3594 H37 2014","2","0"
"PS3613.A777 A6 2014","1","0"
"PS3608.A54565 A6 2014","3","0"
"PA6275.E5 K75 2014","1","0"
"DJK51 .C437 2015","4","2"
"PN1995.9.L59 I95 2015","1","0"
"PS3557.I135 C58 2014","2","0"
"PS3614.A563 C45 2014","0","0"
"PT2643.L53 L2613 2015","1","0"
"PS3602.O356 D43 2014","0","0"
"PS3601.P666 A6 2015","1","0"
"PN6165 .F57 2014","1","0"
"BX7260.F583 A5 2013","0","0"
"BR127.P57 M764 2015","0","1"
"PS3602.E4553 D57 2015","4","0"
"PS3545.H16 A6 2015","0","0"
"BX9225.I74 B46 2014","0","0"
"BT83.57 .R58 2014","0","0"
"D802.E8 D43 2015","4","0"
"PS3616.O6375 F38 2015","0","0"
"D521 .P87 2015","0","0"
"PG9049.29.K84 M5413 2014","1","0"
"PR4453.C4 A6 2014","2","0"
"PQ8180.17.A73 Z46 2015","1","0"
"PS3623.H58564 G56 2014","1","0"
"D359.7 .G65 2014","0","0"
"D744.4 .G75 2014","1","1"
"BX2351 .P47 2014","0","0"
"BS476 .H36 2014","0","0"
"PS3552.L3935 I85 2014","1","0"
"DG555 .D4513 2014","0","0"
"E477.61 .S85 2015","1","0"
"BX8143.Y59 J64 2014","0","0"
"BM535 .J83 2014","0","0"
"PQ7079.3.A46 K37 2014","0","0"
"B4377 .K54 2014","0","0"
"B4377 .O54 2015","0","0"
"PS3604.A9867 A6 2014","0","0"
"PQ2664.O63 A2 2014","1","0"
"PQ6059 .B46 2014","3","0"
"PJ5055.23.A75 S55513 2015","0","0"
"PN55 .W53 2015","1","0"
"BX4705.L7133 O33 2013","0","0"
"E457.25.L55 M385 2015","1","1"
"PE1405.U6 N495 2014","1","0"
"PG3421.M4 N45 2014","3","0"
"PQ2718.A47 M6813 2014","0","0"
"DD256.5 .E64 2015","4","1"
"PS3618.E935 N49 2014","0","0"
"PS3604.A438445 A6 2014","0","0"
"PS3603.A89895 N6 2014","1","0"
"PS3569.H498 N69 2014","2","0"
"BD311 .B47 2015","1","0"
"PS3613.C4973 O97 2014","0","0"
"BM488.T5 C43 2014","1","0"
"BX830 1962 .N626 2015","0","0"
"D743 .B489 2015","1","0"
"PN2596.L7 R5155 2015","0","0"
"PR2983 .T74 2015","0","0"
"PS3569.L3 S49 2014","0","0"
"PS628.W6 S58 2015","2","2"
"PS3616.R583 S66 2014","0","0"
"PS3613.U4535 S66 2014","0","0"
"PS3623.E4613 S65 2013","0","0"
"PS3625.O96755 S67 2014","1","0"
"PN2101 .R85 2015","1","0"
"BT40 .R33 2014","0","0"
"PS3607.A4259 A6 2014","1","0"
"PR9199.4.M3226 T55 2014","0","0"
"PS3619.T3492 T6 2014","0","0"
"PS3603.O5756 A6 2014","0","0"
"PS3553.L348 V45 2014","0","0"
"PS3613.Y54 A6 2014","1","0"
"PS3601.N55589 W36 2014","1","0"
"PR6009.R8 W39 2014","0","0"
"PS3601.L859 W55 2014","0","0"
"PS3569.A376 A6 2015","0","0"
"PS3560.O3735 A6 2015","0","0"
"PN3441 .Z56 2014","0","0"
"DS149 .G74 2014","0","0"
"JQ1850.A91 K53 2014","3","0"
"PL857.I78 Y37 1991","0","0"
"D802.C95 H65 2014","0","0"
"PL857.I78 Y38 1999","0","0"
"DS110.5 .A5 2014","0","0"
"DB2046 .B383  2014","0","0"
"DS36.82.I7 Y357 2014","0","0"
"DU122.C9 M455 2014","0","0"
"DT107.87 .S678 2014","0","0"
"PQ2666.A215 T9713 2015","3","0"
"DT266.4 .T528 2014","0","0"
"PS3557.O475 B58 2014","1","0"
"DS126.97 .J82 2014","0","0"
"P21 .C65 1991","0","0"
"P21 .C65 1991","0","0"
"BL2747.8 .B57 2013","0","0"
"BL2747.8 .B57 2013","0","0"
"BL2747.8 .B57 2013","0","0"
"DS87 .F377 2013","0","0"
"BL48 .C67 2014","0","0"
"DS247.O68 R33 2013","1","0"
"LG291.H36 H39 2011","0","0"
"K152 .G47 2014","0","0"
"BM506.S5 E5 2014","0","0"
"PA6448 .D56 2014","0","0"
"HV6457 .E635 2015","7","1"
"PA4240.L16 A55 2014","1","0"
"B535.A24 T47 2014","0","0"
"R126.H8 L54 2015","1","0"
"DS63.2.U5 H555 2014","1","0"
"PQ1779 .D56 2014","0","0"
"DS744 .L27","0","0"
"DS744 .L27","0","0"
"DS755 .L263 2003","0","0"
"D7 .S745 2015","0","0"
"RA650.6.A1 I54 2014","0","0"
"TD345 .W258 2015","0","0"
"PA185 .A53 2014","1","0"
"P211 .S695 2014","2","0"
"DS797.28.X534 G86 2014","0","1"
"DK268.M578 M653 2014","0","0"
"DB931.96 .D58 2014","0","1"
"DB931.96 .D58 2014","0","1"
"DB931.96 .D58 2014","0","1"
"E477.33 .W4 2015","0","0"
"PN56.B62 P76 2015","3","0"
"D541 .M66 2013","0","0"
"HD720.2.Z8 O265 2014","0","0"
"D547.I6 M94 2014","1","0"
"PR6069.M4213 H69 2014","8","0"
"PR6117.U36 C87 2015","2","0"
"HQ1236 .G46 2014","1","1"
"BD113 .T46 2014","0","0"
"BC51.W43 G38 2014","0","0"
"PQ2605.A3734 Z4585 no. 23","0","0"
"DT236 .I74 2013","0","0"
"HC415.23 .H353 2011","0","0"
"BP67.A1 H89 2013","0","0"
"DT107.87 .S224 2013","1","0"
"PJ7862.A3 Z72 2014","0","0"
"PQ9698.26.R29 A2 2014","0","0"
"DS98.6 .M33 2013","1","0"
"PN6519.A7 I828 2011","0","0"
"DS94.8.K8 G86 2014","3","1"
"DT319 .A593 2011","0","0"
"DP269.27.M3 M38 2014","0","0"
"DT1649 .M45 2014","0","0"
"DA339 .M33 2014","0","0"
"PR6007.A8 Z65 2014","1","0"
"DH523 .H86 2014","2","0"
"BF637.S4 C46 2007","2","0"
"PN5417.P6 C55 2014","0","0"
"DB919.2.R8 P67 2013","0","0"
"JQ1850.A91 L383 2013","1","0"
"AZ103 .Y46 2014","3","0"
"F2849.2 .R663 2012","4","0"
"RL87 .K56 2009","0","0"
"CT1919.L48 I83 2013","0","0"
"PE1 .C66 n.s., v.208","0","0"
"PA6642 .G74 2014","0","0"
"DS135.K88 A59 2013","0","0"
"LC189 .E64 2015","4","0"
"PA6221 .L83 2014","0","0"
"BP134.B4 K48 2012","0","0"
"HQ1731 .U67 2013","1","0"
"BX485 .I4313 2011","0","0"
"PJ7826.I2 Z893 2012","0","0"
"PS3569.L3 W36 2014","1","0"
"DK508.47.D657 A3 2011","0","0"
"DB2045 .B564 2004","0","0"
"D566 .V45 2014","0","0"
"DK509.35.G3 G65 2014","1","0"
"BP134.N3 I73 2014","0","1"
"DK510.762 .O479 2014","0","0"
"BP10.J383 S273 2006","0","0"
"DD901.L55 S36 2014","0","0"
"DD901.L55 S36 2014","0","0"
"PT170.E5 E94 2014","0","0"
"NA9335 .A67 2014","2","0"
"KRM2064.52012 .A2 2012","1","0"
"LB475.C6 I34 2014","0","0"
"BP130.3 .S25 2011","0","0"
"PR9199.3.M6 Z7855 2013","0","0"
"PN1993.43.M668 R45 2014","0","0"
"DS244.52 .G484 2013","0","0"
"DB2241.H38 K24 2014","0","0"
"HD1699.N5 U63 2013","1","0"
"DE59 .I445 2014","1","0"
"BX1527.3 .R95 2014","1","0"
"DT264.27 .E336 2009","0","0"
"PN2859.C95 Z585 2014","0","0"
"DT294.7.A3 A635 2010","0","1"
"BP80.A54 G73 2010","0","0"
"B438 .D8613 2014","1","0"
"DS109.15 .S2513 2012","0","1"
"E183.8.A45 F47 2012","0","0"
"JC328.3 .I53 2014","0","0"
"D549.C4 E55 2014","0","0"
"HC415.254 .L37 2012","0","0"
"NA5533.P7135 P45 2014","2","0"
"PQ4827.U45 Z64 2014","0","0"
"DG484 .S77 2014","0","0"
"PR6058.E2 A6 2014","2","0"
"PR6058.E2 A6 2014","2","0"
"HT145.R9 M359 2014","0","0"
"PQ4713.P5 S548 2014","0","0"
"E183.8.S65 L33 2014","0","0"
"D632.5.R87 F55 2014","0","0"
"DS916.592 I425 2009","1","0"
"DS916.592 I425 2009","1","0"
"DS916.592 I425 2009","1","0"
"DD257.2 .S84 2014","0","0"
"DD257.2 .S84 2014","0","0"
"DS916.593 .C54 2008","1","0"
"DS916.593 .C54 2008","1","0"
"E184.Y7 L63 2014","0","0"
"BF1999 .A69 2014","3","0"
"HD720.2.Z9 T67 2014","1","0"
"PL857.I78 K83 1991","0","0"
"DK254.B6 A3 2010","2","0"
"PL857.I78 K67 1986","0","0"
"D640.K93 A3 2014","0","0"
"PL857.I78 L335 1992","0","0"
"BF637.S4 K56 2014","4","0"
"PE131 .F85 2014","4","0"
"DB2241.H38 Z36 2014","0","0"
"CD997.V65 J36 2014","0","0"
"PL992.43.H93 T37 2014","0","0"
"GE55 .C47 2014","0","0"
"BX4917 .K368 2014","0","0"
"CT1218.V423 A3 2014","0","0"
"JN2220 .P75 2014","0","0"
"GR55.Z553 B58 2014","0","0"
"PL861.A483 B7 1996","0","0"
"PL2879.I2 A6 2014","0","1"
"DB2221.H67 K678 2014","0","0"
"DB2107 .G353 2014","0","0"
"D804.48 .L66 2014","0","0"
"D505 .P57 2015","1","0"
"PR1260 .S73 2014","0","0"
"NX556.A1 E96 v. 19","0","0"
"DS871.5 .H557 2014","0","1"
"DB927.5 .B67 2014","0","0"
"PQ4390 .L342 2013","0","0"
"P306 .A378 2014","0","0"
"E185.97.W55 S55 2015","3","0"
"DC718.B56 B85 2015","1","1"
"DS132 .K38 2015","0","0"
"DS797.32.C433 C47 2015","0","0"
"E169.12 .B2947 2015","2","3"
"PN1582.U6 K35 2015","1","0"
"PL2436 .M39 2015","0","0"
"PR655 .E88 2015","2","0"
"PS3545.A5826 Z68 2015","1","0"
"DR39.5 .P36 2014","0","0"
"DR39.5 .P36 2014","0","0"
"PJ312 .Z525 2015","1","0"
"E745.D48 A64 2015","0","0"
"DS748.13 .P78 2015","0","0"
"BS1415.52 .B35 2015","1","0"
"PL2283 .L86 2015","1","0"
"PQ307.P64 J87 2015","0","0"
"PT111 .C47 2015","0","0"
"PN56.M54 Q54 2015","4","1"
"DA677.1 .W26 2014","0","0"
"DS475.2.L34 S55 2014","2","0"
"E876 .R676 2015","3","0"
"F786 .S884 2015","1","0"
"D16.8 .H37813 2015","2","0"
"BL65.P7 F56 2015","3","1"
"BL65.S4 R45 2015","0","1"
"PR438.P65 H45 2015","2","0"
"F1266 .W34 2015","1","0"
"PN56.M54 I87 2015","0","0"
"HQ1208 .F6813 2015","0","0"
"BJ1012 .P438 2015","0","0"
"E744 .A295 2010","1","0"
"BT877 .P35 2014","3","0"
"PE1369 .W53 2015","0","0"
"DU116 .T56 2014","0","0"
"DA125.I7 W54 2015","1","0"
"PS3613.C4996 A6 2015","0","0"
"PS3602.U989 D48 2015","0","0"
"PN1999.W27 H37 2014","3","0"
"PS571.O3 E94 2015","0","0"
"PS374.F73 D66 2015","0","0"
"PJ5129.U55 P7513 2015","1","1"
"E40 .B94 2013","0","1"
"BM205 .K648 2015","1","0"
"PL2740.N3 S4513 2015","1","1"
"PQ7118 .M49 2015","2","0"
"PQ7390.R5945 A2 2014","0","0"
"E183.8.C4 M67 2015","2","0"
"BR516 .R375 2015","0","1"
"F1983.N4 G63 2015","2","2"
"PS3616.H4557 S66 2015","0","0"
"DS432.5 .M28 2015","3","0"
"DS63.12 .A57 2015","2","0"
"PR6052.R618 V65 2015","0","0"
"PN3331 .H35 2015","1","0"
"PR6068.O93 Z955 2015","2","0"
"BS2675.52 .L66 2015","0","0"
"PJ5053.B7 Z83413 2015","0","0"
"HV640.5.P36 P334 2012","0","0"
"PQ4879 .C54 2012","2","0"
"DG70.F728 S78 2014","0","0"
"DS134.85 .A44 2015","2","0"
"HC79.W4 W465 2014","0","1"
"TD313.W48 W38 2013","1","0"
"HV640.5.P36 P332 2013","0","0"
"DS126.97 .A457 2013","1","0"
"GR678 .B37 2014","1","0"
"D810.S7 P683 2013","0","0"
"BP194 .K373 2007","0","0"
"DK156 .P442 2014","0","0"
"D744.5.S65 O35 2014","0","0"
"PQ4807.I4 Z63 2015","0","0"
"DK49 .K373 2015","0","0"
"PK6495 .M863 2012","0","0"
"DK189.2 .A15 2014","0","0"
"BP189.6 .M84165 2010","0","0"
"DK251 .P744 2014","0","0"
"GB457.822 .G65 2015","0","0"
"KBP370.A98 A32 2012","0","0"
"PR2987 .S483 2014","0","0"
"PS2638 .E344 1969","0","0"
"B395 .K663 2013","0","0"
"PS3511.A86 Z94646 1957","0","0"
"PS3511.A86 Z94646 1957","0","1"
"PS3515.E37 Z564 1957","0","0"
"DK290.3.G67 A3 2014","0","0"
"B2750 .K28 no. 180","0","0"
"PQ2605.A3734 Z7175 1961","0","0"
"PQ2605.A3734 Z7175 1961","0","0"
"RC339.52.B45 K65 2015","0","1"
"PS3501.N4 Z547 1963","0","0"
"PQ2603.E378 Z547 1964","0","1"
"PQ2613.R3 Z545 1966","0","0"
"PS3569.T9 Z565 1967","0","0"
"B491.M27 K64 2008","0","0"
"B491.M27 K64 2008","0","0"
"DT295 .C384 2012","2","0"
"BX5207.H37 J66 2014","0","0"
"DS135.S89 R6713 2015","3","0"
"PT1809 .A1 2000","0","0"
"PT1809 .A1 2000","0","0"
"BL2450.I7 C65 2011","4","0"
"DF261.B77 P36 2014","0","0"
"KSZ3.5 .O97 2013","0","0"
"KSZ3.5 .O97 2013","0","0"
"DK32 .B447 2015","1","0"
"DK651.T9 L47 2014","0","0"
"Z2002 .T66 2014","0","0"
"PL8224.4 .B67 2013","0","0"
"TT61 .M355 2013","0","0"
"GV944.5 .D88 2015","1","0"
"HS3260.S65 P63 2014","0","0"
"PN5499.K4 G83 2014","1","0"
"PT2664.R359 S65 2015","0","0"
"PQ1779 .L37 2014","0","0"
"PL8501.1 .M65 2013","0","1"
"JZ1310 .D84 2014","0","0"
"BL80.3 .P47 2014","0","0"
"BL80.3 .P47 2014","0","0"
"BL80.3 .P47 2014","0","0"
"JN6695 .L85 2015","0","0"
"B802 .H262 2015","1","0"
"DK73 .V967 2014","0","0"
"B1878.I3 G88 2014","0","0"
"BX494.I89 K66 2009","0","0"
"HD9282.T343 N385 2014","0","0"
"BP567 .V622 2014","0","0"
"PN777 .J335 2014","0","0"
"PG5040.16.O75 U75 2014","0","0"
"PQ4879.E78 Z48 2013","0","0"
"PQ4807.A79 A6 2014","0","0"
"DT36.5 .B36 2015","0","0"
"D757.9.A2 B38 2015","1","0"
"DS371.4 .A3335 2015","1","0"
"E169.Z8 F73 2015","6","1"
"PN1995.9.S26 A43 2015","3","0"
"DS126 .H634 2015","0","0"
"BD450 .A497 2015","0","0"
"JF1525.C6 A3 2015","3","0"
"BS1265.52 .Z67 2015","2","0"
"DA591.A33 M39 2015","1","0"
"DS530.53.A85 P44 2015","1","1"
"BX1505.2 .C37 2015","2","0"
"E176.1 .W279 2015","0","1"
"DT157.5 .B46 2015","0","0"
"PS1744.G57 2014","2","0"
"PR830.T3 K36 2015","2","0"
"PS3616.H465 A6 2015","2","1"
"PS3545.I5365 Z666 2015","4","0"
"PL2925.L54 S57 2015","2","0"
"E908.3 .D44 2015","0","1"
"PN1995.9.L28 M39 2015","0","0"
"PN56.S52 H48 2014","0","0"
"PN1993.44.H83 T38 2015","1","0"
"PS3602.R72242 I5 2015","0","0"
"BM620 .H66 2015","1","0"
"DS113.3 .A88 2015","0","0"
"E457.2 .F773 2015","0","0"
"DS450.P18 H57 2015","0","0"
"BD595 .C64 2015","0","0"
"E467.1.L4 H749 2015","0","0"
"D781 .M22 2015","1","1"
"DB999.V57 M433 2014","0","0"
"E185.615 .W542 2015","0","0"
"PN1995.9.M53 M57 2015","1","0"
"DS19 .A36 2014","3","0"
"DT107.88 .C36 2015","0","0"
"DG577 .W55 2015","0","0"
"DS890.O93 M85 2014","1","0"
"PN1969.C65 C65 2015","1","0"
"PN2061 .M2263 2015","0","0"
"DS119.6 .A67 2015","0","0"
"PR468.A56 F58 2015","3","0"
"PS3053 .S85 2015","0","0"
"PS2934.S5 Z57 2015","0","0"
"HQ1155 .P625 2015","5","0"
"PN2287.S335 B63 2015","0","0"
"PJ7862.H273 Z63 2014","0","0"
"E184.A1 S767 2015","0","1"
"E476.69 .C37 2015","3","1"
"PS1733 .P59 2014","0","0"
"DC33.8 .S95 2015","2","1"
"PN3435 .T43 2015","0","1"
"PR878.M45 V53 2015","2","0"
"BX5881 .H46 2015","0","0"
"D804.3 .P69 2015","1","0"
"B1647.M124 T79 2014","1","1"
"PS3608.A89347 A44 2014","0","0"
"HQ1438.I3 B73 2014","0","0"
"PS3604.E645 A6 2014","1","0"
"BQ266 .W96 2015","0","0"
"BT767 .C37 2013","0","0"
"BR115.E3 A84 2014","0","0"
"PS3610.A365 A6 2014","0","0"
"DG678.2 .C5613 2014","0","0"
"PS3613.C588 D43 2014","0","0"
"B945.D44 F43 2015","0","0"
"PR6113.U438 E33 2014","1","0"
"BJ1012 .W35 2014","0","0"
"PS3612.A5497 F55 2014","1","0"
"PS3616.E7485 F76 2014","2","0"
"D639.S8 P487 2015","0","1"
"PR6115.R4413 G66 2014","2","0"
"PS3602.U795 A6 2014","1","0"
"PS3603.O8869 A6 2014","0","0"
"D547.N5 H69 2014","0","0"
"BT98 .F37 2014","0","0"
"PN2598.L577 R36 2014","0","0"
"PR6058.A6922 J87 2013","0","0"
"PR9199.4.B437 A6 2014","0","0"
"PS3566.E25 K53 2014","1","0"
"PR6112.A69 L57 2014","0","0"
"PR6112.O73 A6 2014","1","0"
"PS3616.I48 L68 2015","1","0"
"PS3563.A7239 S5935 2015","2","0"
"HQ117 .M45 2015","0","0"
"PR9199.4.D527 M48 2014","0","0"
"PS3552.E57725 M47 2014","0","0"
"PS3608.U77 M577 2014","1","0"
"PS3607.O26 A6 2014","1","0"
"BT122.5 .F853 2013","1","0"
"PG14.L86 P45 2014","1","0"
"F262.P57 S65 2014","1","0"
"PR6063.U735 A6 2013b","0","0"
"BL183 .O76 2015","0","1"
"DK254.L4 K655 2015","5","0"
"DS481.V33 F57 2014","4","0"
"PS3616.O569612 S43 2014","2","1"
"PR9199.4.F595 S86 2014","0","0"
"BS2589 .G66 2015","2","1"
"PN2061 .M295 2015","1","1"
"PN2039 .A54 2015","0","0"
"PS3602.R678 A6 2014","0","0"
"PN1993.5.C4 T73 2014","0","0"
"PN3435 .L45 2015","0","0"
"PR1145 .V524 2015","1","0"
"PS3619.V35 A6 2014","1","0"
"PR9199.4.R326 W43 2014","0","0"
"PR6073.I432935 W55 2015","2","0"
"BT306 .H36 2014","0","0"
"PQ4862.E777 A6 2014","0","0"
"AS222 .R645 ser. 9, v. 34, fasc. 3","0","0"
"GR355.8 .A28 2010","1","0"
"DT313.6.D45 S86 2014","0","0"
"PJ8417.A5 R337 2014","0","0"
"BP173.4 .U236 2014","0","0"
"PQ4443 .B86 2014","0","0"
"B831.2 .J47 2015","0","0"
"PR6064.I125 B69 2015","1","0"
"PS3566.E691324 G85 2009","1","0"
"PQ4919.C37357 N47 2014","0","0"
"DK508.9.K78 K396 2015","0","0"
"BV4908.5 .G36 2015","2","0"
"PR8658.2 .B42 2014","0","0"
"PJ7519.H84 H33 2014","1","0"
"GN585.G8 G65 2015","1","0"
"HC427.95 .F798 2015","0","1"
"HV6431 .W56625 2015","1","0"
"E99.L2 M35 2015","0","0"
"KD1554 .S93 2015","0","0"
"HD4215.15 .M364 2015","3","0"
"HG3903 .B67 2015","0","0"
"HT861 .A74 2015","0","0"
"P53.6123 .B55 2015","0","0"
"P96.T47 C68 2015","1","0"
"HC79.E5 M3735 2014","0","0"
"E99.C873 S45 2014","0","0"
"HM741 .K75 2014","0","0"
"KF9730 .M37 2015","3","0"
"JZ1305 .F37 2015","1","0"
"JF51 .S36 2014","3","0"
"HF5686.P86 G75 2015","0","0"
"JQ3525 .L4 2015","0","0"
"PQ4876.E68925 C66 2014","0","0"
"D5 .B4 fasc. 361","0","0"
"PQ4879.T345 L335 2014","1","0"
"PR9639.3.M258 Z737 2015","0","0"
"HF5630 .A463","0","0"
"HG4027.15 .J46 2015","0","0"
"HV8705 .M668 2015","5","0"
"HQ767.9 .C4457 2015","3","0"
"JQ24 .C66 2015","3","0"
"LB1028.3 .C757 2015","0","0"
"HG6041 .F38 2015","0","0"
"GT511 .D75 2015","5","2"
"HC440.E5 E58 2014","1","0"
"HG101 .F54 2015","0","0"
"HM841 .P36 2015","1","0"
"HT391 .G635 2015","0","0"
"HV41 .H354 2015","0","0"
"JA85 .G74 2015","1","0"
"HM851 .S35 2015","1","0"
"LC1090 .I5793 2015","1","0"
"HT690.L3 L38 2015","1","0"
"KF223.H856 M34 2015","0","0"
"HN737 .M35 2015","0","0"
"HC240.9.C6 M35 2015","0","0"
"JC251.W45 M54 2015","1","0"
"BF1622.S34 N46 2015","1","0"
"JQ3198.A58 P64 2015","0","0"
"HD8378.5.A2 P38 2015","0","0"
"JA85 .S365 2015","0","0"
"HF2302 .C43 2015","0","0"
"JN238 .W47 2014","0","0"
"LC212.2 .R325 2015","3","0"
"HG172.B77 A3 2015","7","0"
"LB1132 .R48 2015","6","0"
"HD8038.A8 L82 2015","1","0"
"HD9560.5 .S735 2015","1","0"
"KF5050 .N38 2014","0","0"
"JC596.2.U5 S24 2015","0","0"
"HV7436 .W555 2015","3","0"
"HT1575 .U58 2015","2","0"
"HQ799.A8 C65 2015","0","0"
"LC213.52 .B76 2014","0","0"
"BF713 .B56 2015","0","0"
"JZ5588 .D548 2015","0","0"
"HQ767.9 .W457 2015","3","0"
"HT391 .B447 2015","2","0"
"P302.865 .D57 2015","2","1"
"HD30.4 .B44 2015","0","0"
"HX84.F5 V37 2015","1","0"
"HD9000.5 .M3695 2015","1","0"
"HB3722 .B565 2015","1","0"
"HJ5321 .I47 2015","3","0"
"LB3013 .I58 2015","0","0"
"JZ1305 .B76 2015","1","0"
"P120.V37 L516 2015","3","1"
"KF8748 .S538 2015","1","0"
"JF799 .B67 2015","6","1"
"HT165.5 .N69 2015","1","0"
"LB880.F732 P378 2015","2","0"
"BF175 .P45 2015","2","0"
"JA85.2.U6 S65 2015","1","0"
"HB71 .A34 2014","0","0"
"LC89 .R45 2015","0","0"
"BF698.35.R47 S68 2012","4","0"
"LB3013.32 .M39 2014","0","0"
"HD58.7 .B6353 2014","0","0"
"HB74.P65 S76 2014","0","0"
"LB3034 .P38 2015","1","0"
"KF8748 .P238 2015","0","0"
"P306.2 .H68 2015","0","0"
"JV6483 .D47 2015","6","0"
"HX826 .C64 2014","1","0"
"F2212 .I52 1994","0","0"
"BR1070 .S234 2013","0","0"
"DB2622 .L47 2014","0","0"
"BQ4302 .T78","1","0"
"DT72.C7 Z348 2013","0","0"
"PQ2611.O85 G7349 2014","0","0"
"CN450.S95 S277 2014","0","0"
"CN450.S95 S277 2014","0","0"
"DL87 .P67 2014","0","0"
"DS135.E81 V47 2014","0","0"
"BP194.185 .N33 2014","0","0"
"DS318.825 .K434 2013","0","0"
"BP189.62.I263 Z37 2013","0","0"
"KBP440.32.Q267 S26 2013","0","0"
"PQ4807.I36 A6 2014","0","0"
"D5 .B4 fasc. 359","0","0"
"DK604.3.A73 K69 2014","0","0"
"DK651.G6 G252 2014","0","0"
"PG1 .S627 no. 160","0","0"
"PQ4904.A588 C56 2014","0","0"
"HQ799.R92 N4723 2014","1","0"
"DB85 .P74","0","0"
"PQ2673 .A5 2014","0","0"
"BM755.S533 P48 2014","0","0"
"DK38.7.N48 V52 2014","0","0"
"PQ7298.413.R895 K58 2014","0","0"
"RJ506.P68 S46 2014","1","0"
"RJ506.P68 S46 2014","0","0"
"RJ506.P68 S462 2014","1","0"
"RJ506.P68 S462 2014","1","0"
"LB3025 .M46 2013","0","0"
"PN2315.Y8 A14 2012","0","0"
"PN6790.C54 A33 2012","1","0"
"PN6790.C54 A33 2012","1","0"
"PT415 .S57 2007","0","0"
"PQ7798.426.O89 Y73 2014","0","0"
"DK169.D3 E547 2015","0","0"
"DK4435.K87 A4 2014","0","0"
"HM1106 .R435 2009","0","0"
"B3258.H324 R28 2014","1","0"
"B3279.H49 K435 2015","0","0"
"PG3476.Z34 Z6245 2014","0","0"
"PQ4101 .V55 2014","0","0"
"D160 .B53 2014","0","0"
"PT2379.Z5 S37 2014","0","0"
"PQ51 .Y34 2014","0","0"
"B1904.G63 C36 2014","0","0"
"DD89 .B36 2014","0","0"
"DS134.36.B74 R35 2014","0","0"
"H62 .B23 2016","12","0"
"F128.9.J5 D539 2015","0","0"
"F118 .N46 2014","2","0"
"JF1525.S4 S76 2014","0","1"
"DP178 .P367 2014","3","0"
"PS3529.N5 Z6284 2014","1","0"
"DA190.D7 H47 2014","1","0"
"JF851 .A43 2014","0","0"
"BF637.C45 W656 2016","1","0"
"CS859 .V495 2014","0","0"
"PS152 .H38 2014","0","0"
"B2430.R554 C37 2014","0","0"
"PN6519.A7 K85 2008","1","0"
"PJ6307 .I268 2007","0","0"
"PJ6075 .T48 2013","0","0"
"PA4385 .S63 2015","1","0"
"JZ1480 .D69 2015","1","0"
"Z720.W37 S56 2014","2","0"
"DR481 .V57 2014","0","0"
"PQ2673.O3 V6813 2015","3","0"
"PQ3989.2.M3555 A93 2010","0","0"
"RA564.85 .N44 2015","4","0"
"PN6277.R8 Z492 2015","0","0"
"PJ6307 .K855 2014","1","0"
"PL8075.B554 D547 2013","1","0"
"PG5039.29.I3 Z68 2014","0","0"
"HC800 .D4847 2007","1","0"
"LA839.5.K274 S64 2009","0","0"
"UB271.S65 T4724 2013","0","0"
"D840 .C76 2014","1","0"
"PN1998.3.S39365 A3 2014","0","0"
"D805.S65 S6593 2014","0","0"
"PL8025.1 .D63 2014","0","0"
"JN30 .H6332 2014","0","0"
"PL8540.11 .R45 2014","1","0"
"HQ799.R9 R6388 2014","0","0"
"PQ2663.A662 S47 2015","0","0"
"JZ3691.N67 S438 2014","0","0"
"HV6046 .S465 2015","0","0"
"PG5039.24.A37 K74 2014","0","0"
"HT395.G28 M33 2013","0","0"
"JV6271 .P42 2015","1","0"
"LB2391.A352 I35 2008","0","0"
"DT546.183.R36 R67 2014","0","0"
"PQ3989.3.F39 S25 2011","0","0"
"BR323.7 .R37 2013","0","0"
"PN6054 .L57 no. 258","0","0"
"HQ76.25 .E3418 2014","2","0"
"PQ8216.S5 B53 1997","1","0"
"RJ206 .P554 2012","0","0"
"HG1080.7 .B45 2014","0","0"
"PJ7561 .I626 2014","0","0"
"KBP184.55 .F38 2011","0","0"
"BL2590.B7 A538 2013","0","0"
"DS292 .P47 2003","0","0"
"PR6063.O7938 A6 2015","0","0"
"PJ6696 .I87 2012","0","0"
"PJ8208 .S29 2013","0","0"
"DJK48.5 .S687 2014","0","0"
"E183.8.I57 J36 2014","4","0"
"DR448 .R334 2014","0","0"
"PR9530.9.S54 T54 2012","0","0"
"PR6015.A6723 F33 2014","7","0"
"P107 .L5535 2013","0","0"
"DK511.Y2 A15 2008","1","0"
"D805.B6 U36 2012","0","0"
"HD7287.96.E32 C357 2012","0","0"
"HD8530.2 .T878 2014","0","0"
"HD7105.35.B78 B78 2007","0","0"
"DK651.T966 P58 2014","0","0"
"DT266.7 .B56 2012","0","0"
"JN2228 .K688 2014","0","0"
"PQ6272 .A1 2014","0","0"
"PQ6272 .A1 2014","0","0"
"PQ6272 .A1 2014","0","0"
"Z116.A3 D877 2014","0","0"
"PN1995.6 .H25 2014","0","0"
"HV6433.I722 I855 2015","1","0"
"DB2078.L54 C48 2014","0","0"
"F1391.M5 R65 2014","0","0"
"PA4435.S8 A14 2014","1","0"
"GN62.8 .G46 2012","0","0"
"B2430.D484 T73 2015","0","0"
"PQ8180.17.A73 Z85564 2014","2","0"
"PN1993.5.E3 S245 2013","0","0"
"PR9530.9.L54 O54 2012","0","0"
"HQ1750.6 .O97 2011","0","0"
"PN721 .M65 2014","0","0"
"BF632 .M57 2014","5","1"
"DS688.M2 P424 2009","0","0"
"PC2948 .L36 2014","1","0"
"RC90 .H67 2014","1","0"
"DR435.A7 G63 2015","1","0"
"HE8697.95.A35 M36 2012","1","1"
"DP269.8.P7 P46 2014","0","0"
"PR9530.9.R16 S2 2011","1","0"
"HC60 .B55 2015","3","0"
"E668 .S943 2014","2","0"
"PE3711 .G745 2015","2","0"
"DS595.6 .M64 2012","0","0"
"PJ7521 .M235 2013","0","0"
"DS597 .T43 2011","1","0"
"PR179.L57 O78 2014","0","1"
"DS598.P5 K85 2011","0","0"
"DS595.2.C5 C43 2011","0","0"
"DA152 .M35 2014","2","0"
"QH185 .H29 2012","0","0"
"PK2077 .D83 2014","0","0"
"PG5039.29.A23 P78 2014","2","0"
"UB271.S65 T4723 2013","0","0"
"PR418.T48 N4946 2014","0","0"
"DT311 .B36 2012","0","0"
"PG5039.13.E67 Z68 2014","2","0"
"PS3602.R444855 S86 2014","1","0"
"DS37.7 .J83 2014","0","0"
"UA15 .M55 2015","8","0"
"PQ1575.L56 E5 2014","0","0"
"BP70 .A833 2013","0","0"
"BV1470.R9 R44 2014","0","0"
"TX711.L383 A88 2014","0","0"
"PN6519.A7 S186 2011","0","0"
"DT107.88 .S234 2012","2","1"
"BP173.5 .T35 2013","0","0"
"B4259.S5664 I25 2014","0","0"
"CB361 .N49 2014","0","0"
"PR6037.I5 A17 2015","0","0"
"BP131.5 .F39 2014","1","0"
"PN5279.M63 L46 2015","0","0"
"KD208 1714.R47 A2 2014","0","0"
"KD208 1714.R47 A2 2014","0","0"
"HX902.7.B74 P37 2014","1","0"
"PC5431.P8 C65 2006","0","0"
"PQ9697.R254 S233 2010","0","0"
"PQ8498.17.O5175 E8313 2014","1","3"
"PQ8498.17.O5175 E8313 2014","1","1"
"GT4180 .V53 2014","0","0"
"DG675.62 .M56 2014","1","0"
"RA643 .S356 2015","1","0"
"JZ5584.J3 A44 2013","0","0"
"BF854 .C53 2014","0","0"
"PS3545.A517 Z56 2014","0","0"
"RA564.85 .L83 2014","0","0"
"HQ1472 .F57 2011","0","0"
"HV7347.3 .K69 2014","0","0"
"F2519.1.A43 I428 2014","0","0"
"PQ8219.D316 B6 2012","1","0"
"HB171 .C484165 2014","3","0"
"DS911.19 .S523 2014","1","1"
"PS3562.A316 N36 2004","4","0"
"BX395.S34 A313 2000","1","0"
"PR9199.3.K63 O2 2006","1","0"
"F3722.1.O8 D3518 2014","1","0"
"HN18 .D468 2014","0","0"
"PR6023.E926 L56 1994","14","2"
"PQ7298.13.H2853 L53 2014","0","0"
"PQ7298.13.A3841 D67 2014","3","0"
"PS3551.L35774 W49 2014","1","0"
"DAW1038 .V44 2014","0","0"
"PG3361.S745 Z689 2014","0","0"
"CB478 .M43 2003","1","0"
"DT19 .E88 2014","0","0"
"F2519.3.A42 P76 2013","0","0"
"BX1429.C45 V54 2012","0","0"
"TX716.B6 A86 2013","0","0"
"R138 .I87 2015","1","0"
"RS164 .V47 2015","0","0"
"RA643.8 .C43 2015","1","1"
"F1391.M5 H448 2014","1","0"
"PS3568.O855 C6 1986","2","0"
"HV6433.I722 I8544 2015","1","0"
"DS119.7 .R258 2014","0","0"
"RA776.75 .D54 2015","0","0"
"BP10.J383 I2635 2013","0","0"
"HQ1793.5 .T36 2012","1","0"
"DT107.88 .S48 2014","0","0"
"PR6013.R23 Z48 2011","1","0"
"PQ8215 .A69 2014","0","0"
"PJ6863.6 .F34 2013","1","0"
"D792.C95 N38 2014","0","0"
"R100 .K54 2010","3","1"
"PJ7876.I9 Z758 2012","0","0"
"PQ4906.A43 G46 2014","0","0"
"PQ8214 .P645 2013","1","0"
"PQ4865.C6 N86 2014","0","0"
"KBP526.3 .T35 2013","0","0"
"PJ6801.2 .S537 2013","0","0"
"BL2590.B7 Q78 2013","1","0"
"PQ6706.U36 M36 2014","0","0"
"DK651.P8 P7878 2013","0","0"
"DT107.87 .K836 2014","0","0"
"PG5040.24.A48 P75 2014","0","0"
"HG4529.5 .M37 2009","0","0"
"BX601 .N383 2014","0","0"
"BX601 .N383 2014","0","0"
"JV7413 .D63 2014","0","0"
"DB2191.M38 E66 2014","0","0"
"P95.82.E3 A23 2013","1","0"
"PN2859.C96 S5674 2014","0","0"
"PG5040.32.Y64 J27 2014","0","0"
"DS63.2.R8 Z39 2013b","0","0"
"BP134.P745 A93 2012","0","0"
"DK771.K518 K483 2003","1","0"
"DK771.K518 K483 2003","0","0"
"GN562 .E88 2013","0","0"
"GN562 .E88 2013","0","0"
"F1438 .T677 2014","0","0"
"PJ7808.H385 S55 2015","1","0"
"E184.A1 T63 2010","3","0"
"PQ8201 .S23 2014","0","0"
"PJ7814.S323 N57 2015","0","0"
"PS3563.O8745 Z4734 2009","0","0"
"PQ9261.E3 Z7355 2014","0","0"
"GR268.A73 A84 2014","0","0"
"PK1723.G5 E5 2005","2","0"
"HQ1034.F7 M36 2013","0","0"
"PJ7755 .S85 2014","0","0"
"HQ1477 .M4618 2014","0","0"
"Z8763.65 .E88 2015","2","0"
"PJ7952.A54 F57 2015","0","0"
"PR5113 .S464 2011","1","0"
"PR5113 .S464 2011","1","0"
"PR5113 .S464 2011","1","0"
"PR5113 .S464 2011","1","0"
"PR5113 .S464 2011","1","0"
"HT867 .B35 1999","2","0"
"HC276.4 .C4813 2014","2","0"
"N6494.I57 Z56 2014","1","0"
"PR6104.E525 P57 2004","0","0"
"BX5199.L53 M98 2014","0","0"
"BT301.2 .W525 1993","1","0"
"PJ7914.Z37 M56 2014","0","0"
"DR1936 .M25 2014","0","0"
"BQ4055 .S76 1976","1","0"
"B808.9 .U89 2015","0","0"
"D561 .M43 2014","0","0"
"D521 .S76 2014","0","0"
"PJ7842.H625 U53 2014","0","0"
"PJ7916.A7485 H263 2014","1","0"
"JN6695 .M528 2014","1","0"
"D561 .S27 2014","0","0"
"PR756.T72 K37 2015","1","0"
"B808.67 .S58 2014","1","0"
"PQ4827.A57 Z77 2015","0","0"
"PQ4827.A57 Z77 2015","0","0"
"PL939 .A6 2008","1","0"
"DS913.25 .P365 2014","1","0"
"DR1970 .B33 2013","0","0"
"B2430.F724 J67 2015","5","1"
"PJ7958.U7 A45 2013","0","0"
"B2430.D484 J337 2015","1","0"
"JF1081 .G565 2015","0","0"
"PJ7942.H875 Y263 2013","0","0"
"DK510.763 .P6487 2015","0","0"
"HD4802 .R42 v. 41","0","0"
"PJ7828.D513 Z34 2012","0","0"
"PJ7916.A2183 H36 2011","0","0"
"PJ7942.A66 A66 2012","0","0"
"HT395.M62 Y86  2013","0","0"
"DK928.6 .A22 2015","1","0"
"F1465 .P817  2013","0","0"
"DK771.D3 B55 2014","1","0"
"PR9485.5.I34 E97 2015","4","0"
"PG3453.B9 Z678 2014","0","0"
"DD290.26 .D54 2014","0","0"
"F1376 .I885 2013","0","0"
"PH355.K518 A2 2014","0","0"
"F3060 .S83 2011","0","0"
"F3060 .S83 2011","0","0"
"F3060 .S83 2011","0","0"
"DK510.763 .K6887 2014","1","0"
"F2538.25 .A73513 2013","0","0"
"B4805.K583 F45 2014","0","0"
"DK49 .M37 2015","1","0"
"PG5040.23.A358 O78 2014","0","0"
"DB2228.7 .J26 2014","0","0"
"PQ7298.26.E49 H57 2014","0","0"
"PQ7820.K46 V56 2012","0","0"
"PQ7297.A618 M4 2014","0","0"
"DJK75 .K276 2014","1","0"
"LC92.B6 G356 2011","0","0"
"PQ6706.R835 P47 2014","0","0"
"PQ6707.A357309 H45 2014","0","0"
"P306.92.Z38 A3 2015","0","0"
"PQ9697.M463 Z624 2014","0","0"
"HF3239.Y9 V459 2011","1","0"
"DC715 .W4518 2014","0","0"
"PJ7924.A654 T37 2015","0","0"
"RA418.5.F3 F355 2010","0","0"
"F2510 .L89 2013","0","1"
"E840.8.M68 W34 2015","0","1"
"F2229 .A82 2015","1","1"
"F3430.1.M6 W54 2015","1","0"
"DS113.4 .K37 2015","1","0"
"DC183 .T26 2015","6","1"
"B127.C65 G45 2015","0","0"
"BM645.D45 O755 2015","1","1"
"PN1995.9.D67 D84 2015","3","0"
"PR447 .C37 2015","0","1"
"B162 .B42 2015","0","0"
"F1219.76.R45 B375 2015","0","0"
"BR67 .F3513 2015","2","0"
"F786 .H313 2015","2","0"
"BJ1533.H8 O57 2015","0","0"
"CB203 .S337 2015","5","0"
"BV2620 .E53 2015","2","0"
"PE1404 .H3625 2015","0","0"
"DG83.5.M2 H35 2015","1","0"
"F1435.1.C32 B75 2015","0","1"
"BL1853 .S24 2015","0","0"
"BT708 .M415 2015","2","0"
"PR428.L37 T35 2015","2","0"
"PS3625.A76 T44 2015","2","0"
"DS79.766.A1 D48 2015","0","0"
"HQ57.3 .Z56 2015","2","0"
"HQ1462 .T75 2015","1","0"
"B105.A55 H37 2014","2","0"
"E885 .S47 2015","2","0"
"PN1997.P366 S49 2015","2","0"
"PS3619.T3649 A6 2015","1","0"
"PR1586 .D36 2015","2","1"
"PS3619.I3814 A6 2015","0","1"
"PN1993.5.I8 J673 2015","2","0"
"PS3618.O83166 C34 2015","1","0"
"PS3553.R295 C36 2015","0","0"
"DA965.A49 L49 2014","0","0"
"PS3613.A733 G65 2014","0","0"
"PS3619.T6397 A6 2015","0","0"
"PS3556.E458 A6 2015","0","0"
"PS3619.A42 A6 2015","0","0"
"PL2261 .L4813 2014","0","0"
"PN1994 .C34223 2015","0","0"
"PN1995.9.E96 R395 2015","3","0"
"PS3525.A8477 A6 2015","0","0"
"PS3622.A72 A6 2015","3","0"
"PL827.K23 N5413 2015","0","0"
"DS646.49.W35 W45 2014","0","0"
"F216.2 .M53 2015","2","0"
"TR15 .P485 2015","1","1"
"E744 .M425 2015","0","1"
"PR9609.6 .R56 2015","0","0"
"PS3503.R167 Z868 2015","1","0"
"PB2115 .D385 2014","1","0"
"PJ8310 .M24 2012","1","0"
"PJ7952.A87 M57 2012","0","0"
"PJ7826.H5 A624 2013","0","0"
"PJ8310 .A318 2008","0","0"
"PJ7964.A98 N33 2010","0","0"
"DS799.43.A44 E94 2015","0","0"
"PJ7910.L165 S537 2012","0","0"
"F2651.S1357 S63 2014","0","0"
"PR3605.M5 Z68 2015","0","0"
"PJ7940.U52 A55 2014","0","0"
"PJ7858.A7827 H83 2014","0","0"
"HQ1075.5.B6 H58 2014","0","0"
"PJ7950.U325 S37 2014","0","0"
"BQ9288 .S997 2002","3","0"
"PJ7962.U434 T43 2014","0","0"
"PJ7842.H823 S56 2014","0","1"
"PJ7838.S556 F54 2014","0","0"
"DT107.87 .T344 2011","0","0"
"PJ7932.I84 N26 2014","3","0"
"HT1126 .B37 2014","0","0"
"PJ7924.A333 F5 2014b","0","0"
"PJ7962.U5834 M38 2013","1","0"
"H49.P8 D52 2014","0","0"
"RS175.E2 K68 1993","1","0"
"PJ7962.A35 H35 2014","0","0"
"PJ7966.K384 F88 2011","0","0"
"PQ6719.E8467 S43 2014","0","0"
"HQ1793 .S57 2013","0","0"
"PS3608.O67 D66 2015","2","0"
"PQ7798.32.A715 A6 2014","0","0"
"PJ7804.S395 W39 2013","0","0"
"JN2826 .B47 2014","0","0"
"PJ7862.H354 A83 2012","0","0"
"DC414 .Z46 2014","0","0"
"PJ7962.H3912 I33 2010","0","0"
"PJ7958.U84 R57 2011","1","0"
"U163 .C38 2015","2","0"
"PJ7962.A48 R37 2013","0","0"
"HJ1071 .J38 2015","0","0"
"PJ7852.I38 Z46 2013","0","0"
"HF1359 .G274 2014","0","0"
"PJ5055.37.A896 M45 2014","1","0"
"E29.N3 R36 2013","0","0"
"HD9502.A2 N4962 2015","1","0"
"F2536.P358 B73 1999","0","0"
"DS135.F83 D36 2014","0","0"
"HD5856.E8 R35 2015","0","0"
"JN1129.C7 R49 2014","0","0"
"P40.5.E53 F4518 2011","2","0"
"PQ7297.A7 C78 2014","0","0"
"Key 3009","1","0"
"GR44.E43 C44 2015","7","0"
"P119.32.C36 K36 2015","0","0"
"G490 .G63164 2014","0","0"
"HV6771.G7 H65 2015","0","0"
"Key 3011","0","0"
"D16.4.E18 K53 2014","0","0"
"Key 3012","0","0"
"Key 3014","0","0"
"Key 3015","0","0"
"Key 3016","0","0"
"Key 3017","0","0"
"Key 3018","0","0"
"Key 3019","0","0"
"Key 3020","0","0"
"Key 3021","0","0"
"Key 3022","0","0"
"Key 3023","0","0"
"Key 3024","0","0"
"Key 3025","0","0"
"Key 3026","0","0"
"Key 3027","0","0"
"Key 3028","0","0"
"Key 3029","0","0"
"Key 3030","0","0"
"Key 3031","0","0"
"Key 3032","0","0"
"Key 3033","0","0"
"Key 3034","0","0"
"Key 3035","0","0"
"Key 3036","0","0"
"Key 3037","0","0"
"Key 3038","0","0"
"Key 3039","0","0"
"Key 3041","0","0"
"Key 3042","0","0"
"Key 3043","0","0"
"Key 3047","0","0"
"Key 3048","0","0"
"Key 3049","0","0"
"Key 3050","0","0"
"Key 3051","0","0"
"Key 3052","0","0"
"Key 4009","0","0"
"Key 4011","0","0"
"Key 4012","0","0"
"Key 4014","0","0"
"Key 4015","0","0"
"Key 4016","0","0"
"Key 4017","0","0"
"Key 4018","0","0"
"Key 4019","0","0"
"Key 4020","0","0"
"Key 4021","0","0"
"Key 4022","0","0"
"Key 4023","0","0"
"Key 4024","0","0"
"Key 4025","0","0"
"Key 4026","0","0"
"Key 4027","0","0"
"Key 4028","0","0"
"Key 4029","0","0"
"Key 4030","0","0"
"Key 4031","0","0"
"Key 4032","0","0"
"Key 4033","0","0"
"Key 4034","0","0"
"Key 4035","0","0"
"Key 4036","0","0"
"Key 4037","0","0"
"Key 4038","0","0"
"Key 4039","0","0"
"Key 4041","0","0"
"Key 4042","0","0"
"Key 4043","0","0"
"Key 4044","0","0"
"Key 4045","0","0"
"Key 4050","0","0"
"Key 5009","0","0"
"Key 5011","0","0"
"Key 5012","0","0"
"Key 5014","0","0"
"Key 5015","0","0"
"Key 5016","0","0"
"Key 5017","0","0"
"Key 5018","0","0"
"Key 5019","0","0"
"Key 5020","0","0"
"Key 5021","0","0"
"Key 5022","0","0"
"Key 5023","0","0"
"Key 5024","0","0"
"Key 5025","0","0"
"Key 5026","0","0"
"Key 5027","0","0"
"Key 5028","0","0"
"Key 5028","0","0"
"Key 5029","0","0"
"Key 5030","0","0"
"Key 5031","0","0"
"Key 5032","0","0"
"Key 5033","0","0"
"Key 5034","0","0"
"Key 5035","0","0"
"Key 5036","0","0"
"Key 5037","0","0"
"Key 5038","0","0"
"Key 5039","0","0"
"Key 5041","0","0"
"Key 5042","0","0"
"Key 5043","0","0"
"Key 5044","0","0"
"Key 5045","0","0"
"Key 5050","0","0"
"Key 6009","0","0"
"Key 6011","0","0"
"Key 6012","0","0"
"Key 6014","0","0"
"Key 6015","0","0"
"Key 6016","0","0"
"Key 6017","0","0"
"Key 6018","0","0"
"Key 6019","0","0"
"Key 6020","0","0"
"Key 6021","0","0"
"Key 6022","0","0"
"Key 6023","0","0"
"Key 6024","0","0"
"Key 6025","0","0"
"Key 6026","0","0"
"Key 6027","0","0"
"Key 6027","0","0"
"Key 6028","0","0"
"Key 6029","0","0"
"Key 6030","0","0"
"Key 6031","0","0"
"Key 6032","0","0"
"Key 6033","0","0"
"Key 6034","0","0"
"Key 6035","0","0"
"Key 6036","0","0"
"Key 6037","0","0"
"Key 6038","0","0"
"Key 6039","0","0"
"Key 6041","0","0"
"Key 6042","0","0"
"Key 6043","0","0"
"Key 6044","0","0"
"Key 6045","0","0"
"Key 6050","0","0"
"Key 7009","0","0"
"Key 7011","0","0"
"Key 7012","0","0"
"Key 7014","0","0"
"Key 7015","0","0"
"Key 7016","0","0"
"Key 7017","0","0"
"Key 7018","0","0"
"Key 7019","0","0"
"Key 7020","0","0"
"Key 7021","0","0"
"Key 7022","0","0"
"Key 7023","0","0"
"Key 7023","0","0"
"Key 7024","0","0"
"Key 7025","0","0"
"Key 7026","0","0"
"Key 7027","0","0"
"Key 7028","0","0"
"Key 7029","0","0"
"Key 7030","0","0"
"Key 7031","0","0"
"Key 7032","0","0"
"Key 7033","0","0"
"Key 7034","0","0"
"Key 7035","0","0"
"Key 7036","0","0"
"Key 7037","0","0"
"Key 7038","0","0"
"Key 7039","0","0"
"Key 7041","0","0"
"Key 7042","0","0"
"Key 7043","0","0"
"Key 7044","0","0"
"Key 7045","0","0"
"Key 7050","0","0"
"Key 8009","0","0"
"Key 8011","0","0"
"Key 8012","0","0"
"Key 8014","0","0"
"Key 8015","0","0"
"Key 8016","0","0"
"Key 8017","0","0"
"Key 8018","0","0"
"Key 8019","0","0"
"Key 8020","0","0"
"Key 8021","0","0"
"Key 8022","0","0"
"Key 8023","0","0"
"Key 8024","0","0"
"Key 8025","0","0"
"Key 8026","0","0"
"Key 8027","0","0"
"Key 8028","0","0"
"Key 8029","0","0"
"Key 8030","0","0"
"Key 8031","0","0"
"Key 8032","0","0"
"Key 8033","0","0"
"Key 8034","0","0"
"Key 8035","0","0"
"Key 8036","0","0"
"Key 8037","0","0"
"Key 8038","0","0"
"Key 8039","0","0"
"Key 8041","0","0"
"Key 8042","0","0"
"Key 8043","0","0"
"Key 8044","0","0"
"Key 8045","0","0"
"Key 8050","0","0"
"Key 8301","0","0"
"Key 8302","0","0"
"Key 8303","0","0"
"Key 8304","0","0"
"Key 8305","0","0"
"Key 8306","0","0"
"Key 8309","0","0"
"Key 8310","0","0"
"Key 8311","0","0"
"Key 8312","0","0"
"Key 8313","0","0"
"Key 8314","0","0"
"Key 8401","0","0"
"Key 8402","0","0"
"Key 8403","0","0"
"Key 8404","0","0"
"Key 8405","0","0"
"Key 8406","0","0"
"Key 8409","0","0"
"Key 8410","0","0"
"Key 8411","0","0"
"Key 8412","0","0"
"Key 8413","0","0"
"Key 8414","0","0"
"Key 8601","0","0"
"Key 8602","0","0"
"Key 8603","0","0"
"Key 8604","0","0"
"Key 8605","0","0"
"Key 8606","0","0"
"Key 8609","0","0"
"Key 8610","0","0"
"Key 8611","0","0"
"Key 8612","0","0"
"Key 8613","0","0"
"Key 8614","0","0"
"HT241 .C365 2015","0","0"
"RA971 .S87 2013","0","0"
"BL2592.C35 P37 2007","1","0"
"GE240.B6 I55 2013","0","0"
"HC800.Z9 P637 2014","0","0"
"HT129.B6 U725 2012","1","0"
"LB2331.7 .C66 2015","0","0"
"AC146 .F75 1976","0","0"
"TX345 .C66 2003","2","0"
"TX345 .C66 2003","3","0"
"BP133 .I57 2013","0","0"
"DT2525.M39 D9 2012","0","0"
"K1447.95 .N48 2011","0","0"
"GT4871.C9 S728 2014","0","0"
"PL857.I78 S37 1999","0","0"
"DB2082.45 .D867 2014","1","0"
"PL857.I78 S536 2005","0","0"
"PQ4390 .L342 2013","0","0"
"PQ6287 .D56 2014","0","0"
"PQ6287 .C87 2014","0","0"
"PL857.I78 K553 2006","0","0"
"PL857.I78 F86 2010","0","0"
"DT107.88 .Q23 2014","0","0"
"BQ9288 .B38 1990","1","0"
"PL857.I78 T643 2007","0","0"
"PL857.I78 K68 2005","0","0"
"BL1900 .C413 1992","4","1"
"PQ8098.428.O37 D73 2012","3","0"
"DS119.7 .W35 2015","0","0"
"DT11 .W55 2015","0","0"
"BR118 .A94 2015","0","0"
"BL65.M4 O34 2015","0","0"
"DS732 .B45 2015","1","0"
"DA16 .N47 2015","2","0"
"DS779.46 .C435 2015","1","0"
"DS849.C6 H556 2015","3","0"
"B128.C8 S38 2015","1","0"
"PN1998.3.C6635 R33 2015","1","0"
"PN3504 .V47 2015","2","0"
"PN56.C683 P38 2015","2","0"
"PS3563.A3114 A6 2015","2","0"
"DG267 .S77 2015","4","0"
"DS644.5 .M38163 2015","1","0"
"DS63.18 .M37 2015","2","0"
"PS3563.O876 G35 2015","0","0"
"BV676 .P39 2015","1","0"
"E902 .M344 2015","0","0"
"BP134.A38 K4713 2015","5","0"
"PS3611.E355 G56 2015","2","0"
"PM5572 .C65 2014","1","0"
"DA229 .M67 2015","0","0"
"PQ7297.P285 Z55 2015","0","0"
"BJ1005.S6453 R63 2014","2","0"
"B105.C74 A84 2015","3","0"
"DT12.25 .I53 2015","0","0"
"D772.G7 D5313 2015","0","0"
"PN171.O55 B35 2015","2","0"
"PS3568.O855 Z6956 2015","1","0"
"B2598 .S54 2015","1","0"
"PN1995.9.P783 C58 2015","0","0"
"BS2595.53 .L864 2015","2","0"
"PR6119.T525 M33 2015","4","0"
"PS3553.O655 M57 2014","0","0"
"B3209.B834 N53 2015","2","0"
"BL480 .S783 2014","1","0"
"BT83.78 .G66 2015","2","0"
"D523 .N49 2015","2","0"
"TX714 .K65 2013","1","0"
"D802.N4 D36 2015","1","0"
"B693.Z7 Y68 2014","0","0"
"E176.472.A34 R93 2015","1","0"
"D743.23 .B753 2015","1","0"
"PE1068.J3 Y33 2015","1","0"
"D753 .B83 2015","0","0"
"BD236 .I54 2015","0","0"
"PS3570.A234 A6 2014","0","0"
"DS779.46 .H66 2015","0","0"
"PS3543.I26 Z79 2015","5","0"
"DS98 .M34 2015","1","0"
"BT303.2 .T43 2015","1","0"
"B133.R3664 A65 2015","0","0"
"F657.B6 M67 2015","1","0"
"PN1055 .F67 2014","1","0"
"HQ77.9 .T7154 2015","4","1"
"E744.5 .W85 2015","1","3"
"BQ3022.E5 B78 2014","0","0"
"PH356.O37 K8613 2015","1","0"
"HQ1206 .J365 2015","2","0"
"DA580 .M67 2015","2","0"
"PS3604.A9868 A6 2014","0","0"
"PS3602.A84655 A72 2014","2","0"
"PQ4872.E8 Z5625 2014","0","0"
"PS3602.R4822 A6 2014","0","0"
"PS3623.E381 C38 2014","1","0"
"HQ75.4.L64 A3 2014","0","0"
"PL2524 .C55 2015","0","0"
"PS3613.C38625 C46 2014","4","0"
"PQ4861.N65 C76 2014","0","0"
"BT685.5 .C64413 2014","2","0"
"BX1795.E27 W66 2015","0","0"
"HQ1236.5.M6 K56 2015","7","1"
"DT1927.M35 K66 2014","2","0"
"BS651 .B76 2014","1","0"
"PS3613.O7779 D54 2014","1","0"
"PS3613.U7546 A6 2014","1","0"
"PS3619.C4924 A6 2014","0","0"
"PR9639.4.D854 A6 2014","1","0"
"PS3558.E66 A6 2015","0","0"
"E183.8.I7 C48 2014","1","1"
"PS3620.I32 F67 2014","0","0"
"PS3607.O5669 A6 2014","1","0"
"DA911 .C76 2015","0","0"
"E743 .N94 2015","3","0"
"DS917.444 .K67 2014","4","0"
"BL240.3 .F84 2015","0","0"
"BQ868 .B7713 2015","4","0"
"BR323.7 .L58 2014","0","0"
"PS3621.N65 L69 2015","0","0"
"DS126.92 .P36 2015","0","0"
"DS872.M53 D4 2014","0","0"
"PS3613.E9855 A6 2013","0","0"
"PN6231.S54 H37 2015","0","1"
"PN3355 .G86 2015","2","0"
"PS3620.A3435 A6 2014","0","0"
"PS3618.A479 A6 2014","1","0"
"PS3605.L66 A6 2014","1","0"
"PS3553.O97 P38 2015","0","0"
"BS2655.H67 K34 2014","0","0"
"DS786 .C37 2015","1","0"
"PR6052.O35 P64 2014","0","0"
"BS2555.52 .J64 2014","6","0"
"PS3611.A7848 A6 2014","0","0"
"B132.Y6 J624 2015","5","0"
"PR9199.3.G64 Z65 2015","0","0"
"E450 .P18 2015","0","0"
"PS3569.L52 A6 2015","0","1"
"PR9639.4.M378 A6 2014","0","0"
"PL937.E5 P37 2014","3","1"
"PS617 .V668 2015","3","1"
"PS3602.Y764 W43 2014","2","0"
"PR9199.3.W412 W55 2015","0","0"
"PS3603.H4475 A6 2014","0","0"
"PQ3989.2.K87 D26 1998","0","0"
"PS3552.U335 M3 1993","1","0"
"PR9199.4.D427 D48 2015","1","0"
"PJ4535 .S533 2014","0","0"
"PJ5055.24.M36 S56 2013","0","0"
"DK258 .Z488 2014","0","0"
"PJ5055.34.A335 M63 2014","1","0"
"UG1242.D7 W57 2014","6","0"
"PJ5055.48.O34 S48 2014","0","0"
"PJ5055.51.E45 H28 2014","0","0"
"GN2 .M52 no. 56","0","0"
"PN2859.C96 F5348 2014","0","0"
"DB2201.M54 C4 2014","0","0"
"DK40 .D45 2013","0","0"
"LC5215 .T83 2014","0","0"
"BQ1997 .X664 2012","0","0"
"BQ1997 .X664 2012","0","0"
"BQ1997 .X664 2012","0","0"
"BQ1997 .X664 2012","0","0"
"BQ1997 .X664 2012","0","0"
"BQ1997 .X664 2012","0","0"
"BQ1997 .X664 2012","0","0"
"BQ1997 .X664 2012","0","0"
"BQ1997 .X664 2012","0","0"
"DC146.R6 L55 2014","0","0"
"BQ5395 .N4713 1988","0","0"
"D521 .L323 2014","0","0"
"BQ9399.I567 C68 1980","0","0"
"DK907.15.T37 D38 2013","0","0"
"DC123.9.R5 J682 2015","0","0"
"BQ9288 .S255 1993","1","0"
"PF5542 .S93 1988","0","0"
"PJ9 .S86 v. 115","0","0"
"KNS2784.7 2012","1","0"
"PQ2635.O5 A78165 2002","0","0"
"PQ2635.O5 A78165 2002","0","0"
"BT83.55 .M373 2015","0","0"
"DS316.3 .T85 1994","0","0"
"HV4139 .I53 2012","0","0"
"DS313 .A94 1986","0","0"
"PT2669.N4 N44 2014","0","0"
"KNS982.3.A312011 .I53 2012","0","0"
"DS324.D35 F35 2004","0","0"
"JQ1519.A5 C47 2014","0","0"
"D640 .S5335 2014","2","0"
"D805.G3 M5355 2014","0","0"
"PG3492.96.L575 S726 2013","0","0"
"BQ8918.7 .T78 1985","2","2"
"PL1740.H72 Y84 2014","0","0"
"PG5039.17.R87 A17 2014","0","0"
"HT147.I4 N36 2010","1","0"
"BQ4190 .S83 1999","0","0"
"BX4920 .J85 2014","0","0"
"DS281 .M59 1984","1","0"
"LB1707 .T42 v. 23","0","0"
"JQ231 .G69 2012","0","0"
"DS324.B87 A37 1990","0","0"
"F1386.4.C46 N58 2001","0","0"
"DS796.H757 L59 2014","0","0"
"JQ298.C66 R27 2012","0","0"
"PC3942.13.O536 D67 2013","2","0"
"HQ767.5.I5 V37 2013","0","0"
"B105.F66 O54 2015","0","0"
"DS779.49.Z468 S56 2014","3","0"
"D2.5 .E58 2013","0","0"
"KNS1466.A311995 T47 2013","0","0"
"HF3001 .B87 2014","0","0"
"HC499 .A85 2014","0","0"
"HV5825 .B624 2015","3","0"
"HB615 .E597453 2015","1","0"
"BF636.7.C76 C68 2016","0","0"
"HX288.G7 A52 2010","1","0"
"HQ1075 .B477 2014","1","0"
"HF377 .L46 2014","0","0"
"DA670.C2 E936 2013","0","0"
"HV551.2 .G467 2013","0","0"
"JC599.I4 .N488 2013","0","0"
"HX393.5 .H87 2013","0","0"
"HD9349.S633 I4 2010","0","0"
"HD9149.C43 I53 2012","0","0"
"UA841 .I53 2012","0","0"
"HV9198 .N624 2013","0","0"
"DS451.9.K38 Y33 2012","0","0"
"PK2907.V58 R26 2014","0","0"
"KNS1044 .A33 2012","1","0"
"D805.A2 Z485 2014","1","0"
"PQ4464 .L43 2011","0","0"
"BR1050.C9 C9174 2013","0","0"
"TR820.5 .F58 2014","2","0"
"NA756.M53 M57 2012","0","0"
"F1386.3 .M5 2012","1","0"
"P299.M35 G53 2014","0","0"
"JQ1509.5.C6 Z44 2014","3","0"
"PQ4866.O2 C46 2015","0","0"
"PQ3949.C44 C3437 2014","1","0"
"B1897 .M344 2014","0","0"
"PQ4903.A84 D65 2015","0","0"
"LG295.B876 H37 2007","2","0"
"JN6699.A15 P65358 2014","0","0"
"PK6413 .J34 2005","0","0"
"PL857.I78 T653 1985","0","0"
"PQ4827.U9 Z888 2014","0","0"
"B4825.C564 G76 2014","0","0"
"PT2673.O6974 Z74 2015","0","0"
"B2598 .H65 2015","0","0"
"DF211 .C66 2014","0","0"
"PK6524 .J34 1986","2","0"
"DK771.T8 S535 2014","0","0"
"PL857.I78 G65 1991","0","0"
"PN56.I44 C58 2013","0","0"
"PQ4864.E375 S65 2014","0","0"
"PK6561.M827 A6 1997","1","0"
"PN56.K62 R46 2011","0","0"
"HD1698.I4 I53 2012","0","0"
"PN189 .A33 2014","0","0"
"DS274 .D57 1983","0","0"
"PQ2631.R63 Z75 2014","0","0"
"PL857.I78 K63 1995","0","0"
"PQ4863.A3894 R444 2014","0","0"
"HD9213.C63 Y36 2014","0","0"
"KNQ2460 .L58 2014","0","0"
"PN2878.L49 A3 2014","1","1"
"PL2341 .S86 2014","0","0"
"PL2710.U3 Z976 2014","0","0"
"DS775.7 .G36 2014","0","0"
"HC430.I5 Z468 2014","0","0"
"HC428.X555 X5 2014","0","0"
"PL2939.O78 H85 2012","0","0"
"KNN440 .L58 2014","0","0"
"PL2957.A56 Y528 2014","0","0"
"PL2976.X5 H35 2014","5","1"
"DS793.F8 T8 2013","0","1"
"PN1995 .L538 2014","0","0"
"PL2847.L5 H36 2014","1","0"
"HC426.5.Y8 J5 2014","0","0"
"PL2886.O1684 Z938 2014","0","0"
"DS748.62 .H664 2014","0","0"
"PL2878.Y8 G8 2014","0","0"
"BL1812.G63 Z436 2014","2","0"
"GR580 .X8 2014","2","0"
"DS764.23.T364 L58 2014","0","0"
"ND1293.C6 C36 2013","0","0"
"PL2833.7.A5266 K664 2010","0","0"
"PL2833.7.A5266 A17 2010","0","0"
"PL2754.S5 Z737 2014","0","0"
"HQ799.8.C62 I564 2014","0","0"
"DS731.C48 G36 2013","1","0"
"DS731.Y3 M5 2014","0","0"
"HF3835 .L534 2014","0","0"
"DS793.H7 Y36 2013","0","1"
"PL2861.A539 S53 2014","0","0"
"HN740.J536 Y8 2014","0","0"
"E183.8.C5 C4267 2014","0","0"
"PL2976.Z66 H83 2014","0","0"
"PL2332 .J536 2014","0","0"
"D16.8 .W364 2014","0","0"
"PL2732.U22 Z958 2013","0","0"
"DS776 .L536 2011","0","0"
"PN1993.5.C6 J56 2013","0","0"
"PL2303 .H424 2013","0","0"
"HD9213.C63 Z5 2014","0","0"
"DS751.6.Z468 L5 2014","0","0"
"LB2832.4.C6 X53 2014","0","0"
"PN2874 .Z5236 2009","0","0"
"PN1993.5.C6 Z433 2014","0","0"
"PL2837 .P6 2014","0","0"
"PL2837 .P6 2014","0","0"
"PL2332 .C436 2014","0","0"
"PL2876.E43 Z734 2014","0","0"
"HD9016.C62 T53 2014","0","0"
"JQ1519.A5 S546 2014","2","0"
"PL2765.U28 Z46 2014","0","0"
"DS740.5.J3 W366 2014","0","0"
"HD2910 .Z436 2014","0","0"
"DS777.15.Y83 X8 2014","1","2"
"DS731.S12 W36 2014","0","0"
"HC428.S536 S53 2014","0","0"
"DS793.K7 Z468 2014","0","0"
"HD5830.A6 T36 2014","0","0"
"DS795.2 .X8 2014","0","0"
"DS706.5 .Z436 2014","0","0"
"DS785 .H86 2014","0","0"
"Z987.5.C6 Q94 2014","0","0"
"DS797.32.B6 M36 2014","0","0"
"DS775.2 .W36 2014","0","0"
"DS764.23.L5 J53 2014","0","0"
"CB19 .Z436 2014","0","0"
"PL2977.H36 L5 2014","0","0"
"JQ1519.A5 W89 2014","0","0"
"DS778.D46 G36 2014","0","0"
"LA1131.8 .H36 2014","0","0"
"DS775.7 .H836 2014","0","0"
"DS797.26.G853 G8 2014","0","0"
"DS753 .Q256 2014","1","0"
"DS776 .Z48 2014","0","0"
"DS734.9.F8 M3 2014","0","0"
"B128.W364 Y36 2014","0","0"
"DS793.H65 H83 2014","0","0"
"ND1049.S4645 A2 2014","1","0"
"DS778.C593 F356 2014","0","0"
"DS778.T39 Z466 2014","0","0"
"B5231 .Z436 2014","1","0"
"PL2697.Z5 C35 2014","0","0"
"DS706.3 .Y8 2014","0","0"
"PL2949.5.A6 N5 2014","0","0"
"DS778.M3 C443 2014","0","0"
"PL2801.N2 Z76 2014","0","0"
"DS765 .J53 2014","0","0"
"PL1241 .C443 2014","0","0"
"DS793.Y3 Z436 2014","0","0"
"AE17.Y83 D35 2014","0","0"
"DS778.Y425 Y36 2014","1","0"
"JQ1510 .Y364 2014","0","0"
"KNN282 .L538 2014","0","0"
"HC445.8.C47 R83 2014","0","1"
"HC428.S52 C446 2014","0","0"
"JQ1511 .C85 2014","0","0"
"KNN1771 .J536 2014","0","0"
"DS779.29.X519 X578 2013","0","0"
"PL3031.T32 W36 2014","0","0"
"PL2448 .S864 2014","1","0"
"HE278.Z7 N56 2013","0","0"
"HE3289.G83 P36 2014","0","0"
"DS797.22.H859 F46 2014","0","0"
"PN1993.5.F7 F34 2013","0","0"
"PN1998.3.C536 C45 2012","0","0"
"PN1993.5.C4 M464 2009","0","0"
"PL2333 .D46 2014","0","0"
"DS777.15.C46 S664 2014","1","1"
"PL2823.E5 Z955 2014","0","0"
"DS778.A1 G836 2007","0","0"
"HM479.F45 Z43 2014","0","0"
"PL2754.S5 Z936 2014","0","0"
"PL2860.U52 R58 2014","0","0"
"DS779.49.X53 D56 2014","0","0"
"PL2623 .D5 2014","1","0"
"PL2804.C5 Z968 2015","0","0"
"DS795.3 .D664 2014","0","0"
"DS751.98.A38 L57 2014","0","0"
"PN1978.C5 H828 2011","0","0"
"PL2307 .H444 2014","0","0"
"PL2833.L66 Z48 2014","0","0"
"PL2683.Z5 A4 2014","0","0"
"PL2892.A345 T336 2014","0","0"
"DS778.E778 H83 2014","0","0"
"HV6453.C6 J54 2012","0","0"
"HV6453.C6 J54 2012","0","0"
"B5234.H7924 L555 2014","0","0"
"PL2958.A549 W8 2014","0","0"
"PN5366.S55 P36 2014","0","1"
"DS797.68.X5 B46 2014","1","0"
"PL2724.O54 Z735 2014","1","0"
"PL2437 .Z436 2014","0","0"
"NC1699.F4 W36 2014","0","0"
"PL2668.W35 Z74 2014","0","0"
"PL2291 .Z434 2014","0","0"
"LC54.C6 T664 2014","0","0"
"PL2556 .L56 2014","0","0"
"DS778.L483 A3 2014","0","0"
"PL2877.G827 S36 2014","0","0"
"PL2877.L53 L36 2014","0","0"
"PL2929.7.E544 Z455 2014","0","0"
"PL2861.E383 R8 2014","0","0"
"PL2727.S2 Q33 2014","0","0"
"HD2098 .K664 2014","0","0"
"PL2861.A57 S536 2014","0","0"
"PL2919.M39 Z45 2014","0","0"
"PL2847.T98 J58 2014","0","0"
"PL2780.F4 Z975 2015","0","0"
"PL2929.7.O547 Q25 2014","0","0"
"HX418.5 .X83 2014","0","0"
"PL2857.E5576 X836 2014","0","0"
"LA2383.C62 S546 2014","1","0"
"DS793.Y3 C446 2014","0","0"
"DS793.Y3 C4464 2014","0","0"
"PL2921.Z45 Y84 2014","0","0"
"PL2938.U383 W6 2014","1","0"
"PL2623 .A5 2014","0","0"
"DS778.Y3644 Y36 2014","1","0"
"PL2780.F4 Z858 2014","0","0"
"PL2838.S5 Z885 2014","0","0"
"PL2942.3.A549 W36 2014","1","0"
"DS754.84.H66 G86 2014","0","3"
"DS754.84.H66 G86 2014","0","1"
"DS797.72.Q354 R456 2014","0","0"
"DS797.72.Q354 R456 2014","0","0"
"ND36 .W36 2014","0","0"
"DS778.L6 A25 2014","1","0"
"PL2904.T86 K827 2013","1","0"
"PN2878.Q253 A3 2014","3","0"
"PL2931.5.I267 G36 2014","0","0"
"PL2976.L47 M54 2014","0","0"
"PL2837.T3 L55 2014","1","0"
"PL2976.D448 A65 2014","0","0"
"PL2976.R85 D37 2014","0","0"
"PL2954.3.N78 A616 2014","0","1"
"PL2947.X535 D664 2014","0","0"
"Z462.3.S36 S36 2014","0","1"
"PN2878.W45 W45 2014","0","0"
"Z462.3.M56 P36 2013","1","0"
"PL2904.Y68 D36 2013","0","0"
"PL2840.Z5 Z45 2014","0","0"
"PL2921.7.E256 S58 2014","0","0"
"PL2891.U936 A6 2014","0","0"
"HD2100.J5 W36 2014","0","0"
"HN31 .L8 2014","0","0"
"PL2947.Y36 S53 2014","0","0"
"PL2862.U2242 Y59 2014","0","0"
"PL2785.O3 Z976 2014","0","0"
"HD928 .L58 2014","0","0"
"HX418.5 .Q256 2014","0","0"
"DS881.95 .C46 2014","0","0"
"PL2933.E586 Z43 2014","1","0"
"DS778.A1 M55 2014","0","0"
"DS778.A1 M55 2014","0","0"
"DS778.A1 M55 2014","0","0"
"DS778.A1 M55 2014","0","0"
"PL2919.A58 L56 2014","3","0"
"DS793.S62 M56 2014","1","0"
"PL2967.7.O275 S58 2014","0","0"
"HV6604.C62 M3 2014","0","0"
"PL2945.A555 L53 2014","0","0"
"PL2960.U539 A554 2014","0","0"
"PL2960.U539 H83 2014","0","0"
"HD7105.35.C6 Z468 2014","0","0"
"PL2941.F45 Z68 2014","1","0"
"JA84.C6 X54 2014","0","0"
"PL2946.3.A548 Z48 2014","0","0"
"PL2933.E543 Z46 2014","0","0"
"PL2877.C85 Y36 2014","0","0"
"JQ1509.5.C6 S55 2014","0","0"
"PN4737.C6 C446 2014","1","1"
"PL2954.3.A545 R46 2014","1","0"
"PL2841.G664 Q258 2014","0","0"
"PN2878.M38 W8 2014","0","0"
"DS796.S25 X846 2014","0","0"
"DS796.S28 X843 2014","0","0"
"HD930.S47 X84 2014","0","0"
"DS796.S28 X84 2014","0","0"
"DS796.S25 X834 2014","0","0"
"KNQ68 .Q86 2014","1","0"
"DS778.G86 L58 2014","1","0"
"PL2923.5.J53 G86 2014","0","0"
"DS774 .D83 2014","0","0"
"LG51.P265 A135 2014","0","0"
"HC427.90 .X565 2014","0","0"
"HC427.90 .X565 2014","0","0"
"DS763.Y86 A3 2014","0","0"
"KNQ2020 .Y5 2014","0","0"
"D16.14 .L539 2014","0","0"
"PN5364 .A548 2013","0","0"
"PL2933.U23 Q257 2014","0","0"
"HF3840.S45 Q256 2014","0","0"
"PL2783.U22 Z46 2014","2","0"
"DS793.K7 L56 2014","0","0"
"DS797.56.N365 Y4 2014","0","0"
"DS779.43 .W36 2014","0","0"
"DS795.7.F8 Y8 2014","0","0"
"PL2973.T56 D5 2014","1","0"
"BL1940.C444 X58 2014","1","0"
"DS793.S5 H8 2014","0","1"
"PL2965.D368 S536 2014","0","0"
"DS777.5195.Z86 A4 2014","0","0"
"DS778.M3 Z466 2014","0","0"
"HX418.5 .Z466 2014","0","0"
"PL2966.U383 Y56 2014","0","0"
"PL2861.E215 Y68 2014","0","0"
"PL2831.P5 Z556 2015","0","0"
"PL2262 .L536 2014","0","0"
"PL2740.N3 Z735 2014","0","0"
"PL2732.A56 Z63 2014","0","0"
"PL431.M69 S546 2014","0","0"
"PL2894.A475 Z956 2014","0","0"
"PL2868.I595 S58 2014","0","0"
"TX733 .M555 2014","1","1"
"PL2933.E5355 Q256 2014","0","0"
"PL2754.S5 Z936 2015","0","1"
"PL2542 .X537 2014","0","0"
"PL2542 .X536 2014","0","0"
"BL1812.G63 H836 2014","0","0"
"PL2875.O17 W63 2008","0","0"
"PL2960.U539 W36 2014","0","0"
"PL2973.H45 T86 2014","0","0"
"PL2947.L556 S585 2014","0","0"
"PL2894.A475 Z975 2014","1","0"
"PL2978.5.Y855 R36 2014","0","0"
"PL2979.I943 Q256 2014","0","0"
"PL2925.L54 Q256 2014","0","0"
"PL2965.J536 Q256 2014","0","0"
"PL2933.E574 Q25 2014","0","0"
"PL2862.I365 L58 2014","0","0"
"DS632.3.C5 C36 2014","1","0"
"PL2947.L538 H83 2014","0","0"
"PL2958.A39 N82 2014","0","0"
"TR646.C6 J58 2014","0","0"
"PL2971.S58 K3 2014","0","0"
"JS7353.A2 Z436 2014","0","1"
"JQ1519.A45 C36 2014","0","0"
"PN2878.K458 L8 2013","0","0"
"PL2332 .L485 2015","0","0"
"PL2962.O544 C436 2014","0","0"
"PL2976.G86 E7 2014","0","0"
"KNQ3057 .Z466 2014","0","0"
"PL3097.M32 M3 2014","0","0"
"PL2969.G86 D5 2014","0","0"
"PL2976.Y36 R46 2014","0","0"
"DS797.82.C438 L58 2014","0","0"
"GR825 .Z446 2014","0","0"
"GR580 .Y86 2014","0","0"
"PN2878.L49 A3 2014b","1","0"
"PL2804.C5 Z865 2014","0","0"
"DS777.5195.T36 C44 2014","0","0"
"PN1998.3.T536 R46 2014","0","0"
"PQ2673.O3 Z976 2013","0","0"
"PL2860.A54 L36 2014","1","1"
"PL2939.A595 J53 2014","1","0"
"PL2939.A595 J53 2014","1","0"
"PL2543 .L593 2014","0","0"
"PL857.I78 G64 1995","0","0"
"PT2680.L378 Z575 2013","0","0"
"PT2671.A59 T73 2014","0","0"
"PQ4710 .B284 2014","1","0"
"HC286.5 .G56 2014","0","0"
"PK6561.Z84 B37 2003","0","0"
"PL857.I78 Y68 1985","0","0"
"GT2853.R8 N38 2014","0","0"
"DK38 .N3582 2014","1","0"
"KGF3053 .M46 2004","0","0"
"PN6790.M48 C35 2013","1","0"
"RC438.6.H669 A5 2015","0","0"
"DX145 .S422 2012","0","0"
"HQ1236.5.C7 B34 2013","0","0"
"PN1997 .S1243 2012","0","0"
"PN1995.9.S67 S76 2014","0","0"
"GE160.M6 P63 2013","0","0"
"PT2664.E47 Z46 2014","0","0"
"PS3566.E6912 M6835 2014","1","0"
"PQ4876.O53 Z54 2014","0","0"
"F1391.U7 A95 2014","0","0"
"PN6790.H24 A4355 2012","1","0"
"PQ4873.O6676 S43 2014","0","0"
"PN6790.H24 A4356 2014","1","0"
"BF637.M4 T36 1994","1","0"
"PQ7797.C7145 Z72756 2014","1","0"
"NA5282 .F56 2008","0","0"
"N70 .S39 2015","0","0"
"B3153.S754 S45 2014","0","0"
"DS145 .S76 2014","0","0"
"JK468.I6 M625 2014","3","1"
"HQ1426 .B84 1974","1","0"
"HV9792 .T48 2013","0","0"
"HV9792 .T48 2013","0","0"
"HV9792 .T48 2013","0","0"
"HV887.I4 M57 2013","0","0"
"HV887.I4 M57 2013","0","0"
"HG3883.P16 T73 2015","1","0"
"AS222 .R645 ser. 9, v. 33, fasc. 1","0","0"
"AS222 .R645 ser. 9, v. 33, fasc. 2","1","0"
"F2221 .L63 2005","2","1"
"PL857.I78 G43 1984","0","0"
"PL857.I78 T654 1995","0","0"
"PL857.I78 K32 1985","0","0"
"AS222 .R645 ser. 9, v. 33, fasc. 3","0","0"
"PQ8180.428.O476 A64 2007","1","1"
"PL857.I78 K96 1985","0","0"
"PL857.I78 A53 2004","0","0"
"NX180.A36 D45 2014","1","0"
"PQ8076 .C834 2013","1","0"
"PL857.I78 S572 1987","0","0"
"AS222 .R645 ser. 9, v. 34, fasc. 1","1","0"
"PQ3919.3.D456 C37 2011","2","0"
"PS3523.O46 M4918 2009","1","1"
"PQ3919.3.D456 F55 2013","1","0"
"PL857.I78 G67 1983","0","0"
"PL857.I78 T644 2002","0","0"
"PL857.I78 H54 1998","0","0"
"PL857.I78 T683 2000","0","0"
"PL857.I78 S85 1988","0","0"
"PQ2631.E25 A6 2014","0","0"
"D16.9 .K6916318 2010","1","0"
"JL3831 .C68 2015","4","1"
"PQ8097.R782 A6 2009","2","0"
"DK254.L4 V27 2008","1","0"
"HT123.5.T4 M34 2015","2","0"
"HV1568 .C57 2015","2","0"
"JC574.2.U6 K67 2015","0","0"
"JK1764 .B76 2015","4","0"
"HB3722 .B78 2015","1","0"
"KL147 .W475 2015","0","0"
"LC2574.6 .E96 2015","1","0"
"JQ1631 .E68 2015","0","0"
"LD4673 .L58 2014","0","0"
"HV95 .L727 2015","0","0"
"HN90.R3 P67 2015","1","0"
"KF4605 .Z56 2015","0","0"
"JK330 .C66 2015","1","0"
"JF801 .G46 2015","0","0"
"JZ1305 .P668 2015","1","0"
"DS589.N33 S29 2003","0","0"
"HD30.23 .A66 v. 17","0","0"
"HC256.7 .B75 2015","0","0"
"HQ789 .V67 2015","0","0"
"JQ1809.A2 C56 2015","1","1"
"KF5060 .T465 2015","0","0"
"K284 .R36 2014","0","0"
"HF1416 .E58 2015","0","0"
"PN1992.77.F54 F565 2015","0","0"
"HC79.I55 D52 2015","1","0"
"HN380.Z9 S6135 2015","0","0"
"GV583 .R44 2015","1","0"
"HQ799.G7 M873 2015","1","0"
"HQ1090.7.I8 C43 2015","0","0"
"HV6711 .M88 2015","0","0"
"HV551.5.J3 T35 2015","0","0"
"HT690.E85 B33 2015","0","0"
"JC599.S65 M66 2014","0","1"
"JA76 .B673413 2014","2","0"
"JC71.A7 J66 2015","1","0"
"JQ1811.A58 R47 2015","1","0"
"HM742 .S62817 2015","2","1"
"GR353.3 .R34 2015","0","0"
"LB2341 .S544 2015","1","0"
"LB1631 .A347 2015","0","0"
"HV5822.S68 T87 2015","0","0"
"LB1573 .C455 2015","0","0"
"HF5823 .J456 2015","1","0"
"GT2853.U5 H37 2014","0","0"
"LB1775.6 .P37 2015","1","0"
"LB2343 .T93 2015","1","0"
"HG3701 .L3913 2015","5","0"
"BF1472.E53 H36 2015","0","0"
"KD8039 .I58 2015","0","0"
"LB1028.43 .U53 2015","1","0"
"LB1027 .J46 2015","3","0"
"H61.295 .A45 2015","1","0"
"LC34 .P73 2014","0","0"
"JN238 .L53 2015","5","0"
"HX288.G7 S357 2015","4","0"
"H62.5.U5 Z48 2015","2","0"
"LC212.52 .C35 2015","3","0"
"GR72.3 .S76 2014","1","0"
"P91.3 .F375 2015","2","0"
"GR167.B3 S3785 2015","4","1"
"PN1990.9.T75 W65 2015","0","0"
"HQ1750.4 .M39 1995","0","0"
"PL4236.9.S55 Z46 1990","0","0"
"GF669.3 .T43 2006","0","0"
"PQ7298.418.I47 O77 2011","1","0"
"PL4251.K5 P457 1987","2","0"
"DS556.45.C5 N465 2005","0","0"
"PT749.M87 H87 2015","0","0"
"BP80.A45 S3 1996","0","0"
"JC599.M6 J84 2013","1","0"
"DS324.K5 A28 1983","1","0"
"DS316.9.M67 A3 1980","0","0"
"JN3838 .S83 2014","0","0"
"PQ3919.3.D456 C47 2011","2","0"
"PQ3919.2.M363 B34 2014","1","0"
"R150 .A43 2015","1","0"
"PQ3919.3.D456 R67 2009","2","0"
"BP166.72 .F39 1982","1","0"
"HF1157 .B477 2014","0","0"
"F1376 .P42 2003","1","0"
"BF724.8 .R87 2014","0","0"
"HQ1460.5 .A2 1983","1","0"
"PN3311 .F53 no. 47","0","0"
"PR6068.I79 S63 2014","0","0"
"DR1546.S7 P38 2014","1","0"
"DS318.839 .N8 1998","1","0"
"LD7251.G3 W55 2014","1","0"
"PK6561.P247 S2 1976","3","1"
"JC248.O25 R54 2014","0","0"
"PQ4866.O2 Z646 2014","0","0"
"BL1975 .L578 2015","1","0"
"PL2968.R664 S568 2014","1","0"
"RA643.8 .A675 2010z","1","0"
"HC467.756 .E43 2015","0","0"
"LB2332.6 .M64 2015","0","0"
"GR820 .P33 2008","1","0"
"PN1997.S5133 S52 2014","0","0"
"F3091 .E83 2009","0","0"
"F3099 .E83 2012","0","0"
"PQ4331.5 .I53 2012","0","0"
"D810.C698 T78 2014","3","0"
"PN6790.C53 H57 2014","1","0"
"PQ4807.U83 Z95 2014","0","0"
"B4249.I44 I825 2014","0","0"
"PN6790.C53 F54 2009","1","0"
"PPQ4841.L4 Z546 2012","0","0"
"PQ2666.O8529 Z83 2014","0","0"
"DC130.S2 B53 2014","0","0"
"PQ150.J4 D43 2015","0","0"
"PQ2417 .L57 2014","0","0"
"PQ3988.5.M32 F48 2014","0","0"
"PQ3988.5.M32 F48 2014","0","0"
"BX2373.L46 T87 2014","3","0"
"TR820.5 .M657 2011","0","0"
"TR820.5 .G89 2012","1","1"
"PK6561.S4984 S55 1984","2","0"
"B741 .J37 1993","0","0"
"HQ1059.5.K6 S66 2013","0","0"
"DS924.K3 K43 2009","0","0"
"PT2621.A26 A5234 2014","0","0"
"PQ2670.A68 J87 2014","0","0"
"PN5355.C942 P435 2014","1","0"
"PN1993.5.E85 T73 2013","0","0"
"Z6605.E5 I53 1984 Index 1-20","0","0"
"F3429.3.F57 P74 2012","0","0"
"PK6561.A96 Q59 2006","1","0"
"PK6561.A96 Q59 2006","1","0"
"PK6561.A96 Q59 2006","1","0"
"PK6561.A96 Q59 2006","1","0"
"PK6561.A96 Q59 2006","1","0"
"PK6561.A96 Q59 2006","1","0"
"PK6561.A96 Q59 2006","1","0"
"PK6561.A96 Q59 2006","1","0"
"TD238.A1 A38 2009","2","0"
"PA6381.D7 C65 2012","2","0"
"PQ2679.I645 A8165 1998","0","0"
"DS301 .G8717 1983","1","0"
"NX556.A1 E96 v. 20","0","0"
"PH355.W3 J6165 1985","1","0"
"DS316.9.M67 B89 1994","1","0"
"BF109.J8 A33 1965","3","1"
"PL2687.Y3 A23 1975","0","0"
"HC473 .A53 2000","0","0"
"DF221.M9 A44 2000","0","0"
"PJ4509 .S88 2014","0","0"
"TR87 .F67 2014","0","0"
"LB2341.8.C3 M32 2014","0","0"
"D768.15 .C64 2014","0","0"
"VE24 .H47 2015","0","1"
"PR1120 .C584 2014","1","0"
"PL990.9.K9 S67 2014","1","0"
"BR65.A64 E5 2005","1","0"
"DS298 .Z53 2001","0","0"
"DS316.A2 N25 1984","1","0"
"HC470.2.Z9 H86513 2014","0","0"
"PR3736.T7 A125 2005","0","0"
"PR6116.R55 A6 2014","0","0"
"DS316.9.B36 A3 2001","1","0"
"B5233.B45 Y534 2014","1","0"
"BP190.5.S4 M87 1980","2","0"
"BL2270 .H32 1982","1","0"
"BT304.9 .K66 2014","1","0"
"PN1995.9.H5 W47 2014","0","0"
"BP188.3.F3 S531 1977","1","0"
"HQ1206 .J86 1982","0","0"
"TR105 .R49 2015","0","0"
"F436 .B44 2014","3","1"
"B208.Z7 H4413 2015","1","0"
"E185.93.L6 R58 2015","0","0"
"DT448.25.N9 B54 2015","1","2"
"PN2061 .C33 2015","0","0"
"F391.D59 D59 2015","0","0"
"E501 .C53 2015","1","0"
"BX1036 .A4 2015","0","0"
"BR115.D74 K47 2015","0","0"
"DS146.E85 J56 2015","1","0"
"D805.5.M35 M34513 2015","3","0"
"PR1611 .V53 2015","0","0"
"BX1749.F57 L66 2015","0","0"
"BQ5115.S64 D43 2015","1","1"
"PS3563.E7422 J37 2015","0","0"
"B4373.F793 K544 2015","2","2"
"PA3015.T54 B47 2015","2","0"
"DS389 .A73 2015","1","0"
"BX4705.L963 H45 2015","1","0"
"B3279.H49 K75 2015","0","0"
"B1198.S8 M35 2015","0","0"
"PR769 .J67 2015","0","0"
"D550 .S75 2015","4","0"
"B2430.S34 F578 2014","0","0"
"F394.C78 L47 2015","0","0"
"PR888.P6 F47 2015","0","0"
"PR5818 .I4 2015","2","0"
"DS119.76 .R95 2015","1","1"
"PQ1426.E5 S78 2015","0","0"
"PA6675 .C36 2015","1","0"
"DB74.5 .G38 2015","1","0"
"PN1995 .F27 2015","1","0"
"PS3566.R84 A6 2015","1","0"
"HV8613 .G45 2014","1","1"
"BV5095.A1 K499 2014","0","0"
"PS3602.E246 A6 2014","1","0"
"PS617 .G66 2014","0","0"
"HQ1455.W38 A43 2015","0","0"
"PQ7079.2.G35 Z46 2015","0","0"
"PS3560.A179 I86 2015","1","0"
"PN1993.5.I88 B336 2015","3","0"
"PS3569.E88635 A6 2015","1","0"
"DL482.5 .D35 2014","0","0"
"PS3602.E363 A6 2015","2","1"
"PS3620.A8958 A6 2015","1","0"
"PS3556.I457 A6 2015","1","0"
"PS3603.R6647 A6 2015","1","0"
"PL2646 .S28 2015","0","0"
"PR448.S44 S54 2015","4","0"
"BX2250 .B8655 2015","4","1"
"PS3619.H66 A6 2015","0","0"
"PS3616.A3363 T97 2015","0","0"
"PS3602.A779 A6 2015","0","0"
"PR9619.3.H3336 A6 2015","0","0"
"BL458 .V36 2015","0","0"
"E467.1.W455 Q38 2015","0","0"
"PA8360.L93 O6 1959","0","0"
"PA8360.L93 O6 1959","0","0"
"PN1995 .H55 2014","4","0"
"DS318.9 .G36 2000b","1","0"
"HQ801 .H37 2012","1","0"
"B753.M84 H363 2001","0","0"
"B753.M83 S53 2003","0","0"
"PG13 .S668 2014","0","0"
"B753.M83 T37165 2002","0","0"
"P119.32.C94 V45 2014","0","0"
"DS274 .M223 2000z","1","0"
"PQ8498.12.R32 P47 2013","1","0"
"BL624.2 .W342 1997","1","0"
"DH913 .K45 2014","0","0"
"D16.8 .U935 2014","0","0"
"DK254.K6 A3 2014","0","0"
"NX445 .B643 2007","2","0"
"PG3484.2.K8 Z935 2014","0","0"
"D13 .P484 2014","0","0"
"PG5039.22.U46 Z48 2014","0","0"
"HB881.A1 P65 v. 69, no. 2","2","0"
"PN6205 .L37 2014","0","0"
"DS98.6 .A985 2013","0","0"
"KBP491 .B37 2012","1","0"
"BP166.785 .K37 2012","1","0"
"F1210 .M444 2000","1","0"
"DS795.3.C543 Q53 1968","1","0"
"DS795.3.C543 Q53 1968","1","0"
"DS795.3.C543 Q53 1968","1","0"
"DS795.3.C543 Q53 1968","1","0"
"DS795.3.C543 Q53 1968","1","0"
"DS795.3.C543 Q53 1968","1","0"
"DS795.3.C543 Q53 1968","1","0"
"DS795.3.C543 Q53 1968","1","0"
"DS795.3.C543 Q53 1968","1","0"
"DS795.3.C543 Q53 1968","1","0"
"DS795.3.C543 Q53 1968","1","0"
"DS795.3.C543 Q53 1968","1","0"
"DS795.3.C543 Q53 1968","1","0"
"DS795.3.C543 Q53 1968","1","0"
"DS795.3.C543 Q53 1968","1","0"
"DS795.3.C543 Q53 1968","1","0"
"DS795.3.C543 Q53 1968","1","0"
"DS795.3.C543 Q53 1968","1","0"
"DS795.3.C543 Q53 1968","1","0"
"DS795.3.C543 Q53 1968","1","0"
"DS795.3.C543 Q53 1968","1","0"
"DS795.3.C543 Q53 1968","1","0"
"DS795.3.C543 Q53 1968","1","0"
"DS795.3.C543 Q53 1968","1","0"
"DS795.3.C543 Q53 1968","1","0"
"DS795.3.C543 Q53 1968","1","0"
"DS795.3.C543 Q53 1968","1","0"
"DS795.3.C543 W53 1968","1","0"
"DS795.3.C543 Q53 1968","1","0"
"DS795.3.C543 Q53 1968","1","0"
"DS795.3.C543 Q53 1968","1","0"
"DS795.3.C543 Q53 1968","1","0"
"DS795.3.C543 Q53 1968","1","0"
"DS795.3.C543 Q53 1968","1","0"
"DS795.3.C543 Q53 1968","1","0"
"DS795.3.C543 Q53 1968","1","0"
"DS795.3.C543 Q53 1968","1","0"
"DS795.3.C543 Q53 1968","1","0"
"DS795.3.C543 Q53 1968","1","0"
"DS795.3.C543 Q53 1968","1","0"
"HD9999.H363 C553 2006","0","0"
"DC235.5.B47 P677 2014","0","0"
"N7399.N5 O394 2015","4","0"
"F1567 .J34 2013","0","0"
"PQ4902.I46 O94 2014","0","0"
"PQ2224.P4 M36 1985","2","0"
"PQ2224.P4 M36 1985","1","0"
"PQ2224.P4 M36 1985","1","0"
"PQ2224.P4 M36 1985","1","0"
"PQ2224.P4 M36 1985","1","0"
"PQ2224.P4 M36 1985","1","0"
"PQ2224.P4 M36 1985","2","0"
"PQ4829.A76 Z85 2014","0","1"
"DK67.5.Y8 V77 2014","0","0"
"PQ4886.E23 R67 2014","0","0"
"PN1998.3.H58 K47 2015","2","0"
"PN5355.C942 P482 2014","1","0"
"HQ1063.6 .J64 2014","0","0"
"PN6790.K64 Y6634 2008","0","0"
"PQ4918.O325 C66 2014","0","0"
"PR9199.4.A66 S675 2014","0","0"
"HC470.2 .P84523 2014","0","1"
"PQ7297.P63 Z647 2014","1","0"
"DS779.49.Z468 S57 2014","1","0"
"PQ4873.A3645 Z85 2015","3","0"
"JN5951 .D88 1988","0","0"
"B3376.W564 M155 2014","2","0"
"PS3619.M58165 F67 2014","1","0"
"GT4229.D65 T45 2002","3","0"
"PL2946.Y376 N55 2014","0","0"
"DS341 .S72 2014","0","0"
"DB2042.G4 N463 2014","0","0"
"JN5951 .D88 1983","0","0"
"HQ1154 .F44555 2015","4","0"
"F228 .A43 2015","4","0"
"PS3622.A667 A87 2015","3","0"
"PJ6709 .B78 2015","0","0"
"B177 .H3313 2015","0","0"
"PQ6066 .H69 2015","2","0"
"E342 .S544 2015","3","0"
"BP221 .C73 2015","1","0"
"BR115.C8 B545 2015","2","0"
"PS153.I73 W34 2015","1","0"
"DS740.5.T28 C75 2014","1","1"
"DS740.5.T28 C75 2014","0","2"
"DS740.5.T28 C75 2014","0","2"
"DS740.5.T28 C75 2014","0","2"
"PR442 .F67 2015","0","0"
"DT107.87 .S595 2015","3","0"
"DS234 .E25 2015","1","0"
"DS234 .E25 2015","0","0"
"DS234 .E25 2015","0","0"
"PR5824 .G36 2015","2","0"
"D566 .R64 2015","10","0"
"PT8177.12.L33 G5413 2015","6","0"
"E210 .F54 2015","3","0"
"PQ3989.2.S2455 H3713 2015","0","0"
"HQ1752 .W538 2015","0","0"
"PR3539.J25 H57 2014","0","0"
"PR9199.4.M345 H86 2015","0","0"
"PS3607.O454 I5 2015","0","0"
"PS3231 .M186 2015","1","0"
"DG571 .R53 2015","0","0"
"DG451 .H66 2015","6","0"
"PQ6413.M2 Z78 2015","5","1"
"E327 .S53 2015","0","0"
"PR421 .S356 2015","0","0"
"PR6069.A776 M34 2015","4","1"
"PS3616.A36 A6 2015","2","0"
"E185.97.R24 A3 2015","9","0"
"PR6123.H58657 M63 2015","0","0"
"PS3623.A4464 M9 2015","2","0"
"DK38 .Y35 2015","0","0"
"PR6108.E77 N63 2015","1","0"
"PN6071.S33 O43 2015","0","0"
"PS3613.A54 O54 2015","6","0"
"PQ2672.A2417 Z63 2015","0","0"
"PS3552.I19 A6 2015","1","0"
"DA591.J65 A3 2014","0","0"
"PT2635.I65 Z7189 2015","5","0"
"E842 .S54 2015","1","0"
"DS119.76 .H875 2015","0","0"
"PQ1508.E5 S56 2015","3","0"
"DS195.5 .M313 2015","0","0"
"PA5638.24.I36 C4613 2015","0","0"
"PS3562.I45397 Z46 2015","3","0"
"DS63.2.G7 Z36 2015","1","0"
"PS3552.E19 S45 2015","13","0"
"PR6123.A44 S66 2015","0","0"
"BS1485.53 .S68 2015","3","0"
"PS3558.A28 A6 2015","1","0"
"BS1199.L66 A48 2015","4","0"
"PS3612.A565 A6 2015","0","0"
"PS3605.L4649 T37 2014","0","0"
"PQ1496.M42 F33 2014","0","0"
"BR95 .T54 2015","1","0"
"PS3565.B75 Z58 2015","2","0"
"BM620 .T64 2014","1","0"
"BM620 .T64 2014","1","0"
"E907 .T38 2015","0","1"
"PS3603.H3588 T88 2015","0","0"
"PL720 .V57 2015","2","0"
"PS3515.U274 A6 2015","4","0"
"PR2329 .Q56 2014","1","0"
"PQ7798.17.A4896 A8413 2015","0","0"
"PS3563.C3618 A88 2014","0","0"
"BL2620.P6 G85 2014","1","0"
"PS1964 .A1 2015","0","0"
"PN2287.P393 A3 2015","1","0"
"PT2615.A2622 J8413 2015","1","0"
"DA125.A1 M67 2015","0","0"
"PR6075.O77 B75 2014","2","0"
"PR6055.V196 A6 2014","0","0"
"DS274 .S53 2015","1","0"
"PJ7916.U74 S7313 2014","0","0"
"PT2603.R397 A2 2015","3","0"
"PS3563.E74533 C86 2014","0","0"
"PR6023.A93 A6 2015","0","2"
"PS3620.H6454 D38 2014","0","0"
"PS3616.A3366 D43 2014","2","0"
"PE1128.A2 E355 2015","1","0"
"BT810.3 .W55 2015","0","0"
"PR3694 .H8 2015","0","0"
"BT109 .M65 2015","0","0"
"PS3611.I5625 F36 2014","1","0"
"PS3619.C356 H68 2015","0","0"
"PS3557.R3952 I27 2015","0","0"
"PL8011 .I43 2014","0","0"
"PR858.M37 L57 2014","1","0"
"PR9199.3.L3943 I53 2014","0","0"
"PR6005.O4 A6 2014","0","1"
"PS3552.A47546 A6 2015","2","0"
"PR9369.3.N58 Z48 2014","0","0"
"BD431 .L418 2014","0","0"
"BX5199 .T45 2015","0","0"
"PS374.H67 J38 2015","1","0"
"BX3455 .A33 2014","0","0"
"BT1117 .M67 2015","2","0"
"PS3537.I663 Z787 2015","1","0"
"B1299.N34 J355 2015","1","0"
"BJ60 .M55 2015","2","0"
"BT736.6 .S53 2015","0","0"
"BM723 .R67 2014","0","0"
"PS3557.R2154 A6 2015","0","0"
"DS850 .H36 2015","2","2"
"HQ1206 .G767 2015","0","0"
"PR6108.U62 R3 2014","2","0"
"PR6103.H34 R43 2014","4","0"
"PR9387.9.A25 Z658 2014","0","0"
"PR3100 .S53 2015","1","0"
"PR3091 .W388 2015","0","0"
"PQ7298.418.E7986 S4613 2015","3","0"
"PS3619.C4464 Z46 2014","0","0"
"PR2947.N48 B73 2015","0","0"
"PS3606.I83 S59 2014","1","0"
"DT159.944 .T48 2015","3","0"
"PS3561.I4729 A6 2014","0","0"
"PS3563.U7694 S85 2015","1","0"
"PR9369.3.E65 A6 2014","0","0"
"BT613 .N53 2015","2","0"
"PS3619.H35335 A6 2014","0","0"
"DC110 .S76 2015","3","0"
"PS3619.C355 T96 2015","0","0"
"PR6104.U5477 W37 2014","2","0"
"BS1430.52 .W54 2014","1","0"
"BJ1595 .C623 2015","2","0"
"PQ4329 .P95 2015","2","0"
"PQ2716.A3789 A6 2014","1","0"
"PR9199.4.H369 W66 2013","0","0"
"PQ7298.18.I7 C36 2014","0","0"
"JN5951 .E35 1983","0","0"
"D1060 .C586 1999","0","0"
"HN18.3 .J523 2014","0","0"
"DS597.2 .A978 2013","0","0"
"DS779.49.X53 W37 2014","1","0"
"HQ799.G5 S356 1995","0","0"
"BV3777.M6 R83 2002","1","0"
"DS779.4 .C47 2014","3","1"
"PQ8098.17.R54 T87 2007","0","0"
"BF575.A3 E55 2014","0","0"
"PQ2412 .G6 2013","0","0"
"CC165 .L585 2005","0","0"
"DS719 .H49 2013","0","0"
"BP187.65.C62 B4524 2014","1","1"
"LC3737.C6 R45 2014","0","0"
"GR265 .H89127 2013","0","0"
"BL1910 .L487 2014","1","0"
"HQ1767 .L584 2014","0","0"
"DS795.4.A2 D35 2012","0","0"
"DS785 .L54 2013","0","1"
"PQ8098.17.I672 M37 2005","1","0"
"PS3602.A846 C75 2014","1","0"
"PQ8098.413.A88 M36 2007","0","0"
"PQ8098.12.E8 N6 2014","0","0"
"DT295 .C3625 2014","0","0"
"PQ8098.12.E8 C37 2014","1","0"
"PQ4863.A245 D54 2014","0","0"
"H83 .T22 1990","1","0"
"PC3942.413.L375 S46 2015","0","0"
"H83 .T22 1995","0","0"
"H83 .T22 1995","0","0"
"GT511 .C76 2014","0","1"
"PQ4625.G2 C37 2014","0","0"
"PQ4876.A736 N37 2014","0","0"
"PQ7798.41.R843 N84 2010","0","0"
"D550 .B292 2014","0","1"
"DS779.49.X53 X86 2014","2","1"
"PQ4556.T65 T7513 2002","1","0"
"JK1764 .L425 2015","2","0"
"PQ8098.418.I36 D47 2013","0","0"
"PQ8098.19.L3 P47 2009","1","0"
"DS113.8.R87 T37 2014","0","0"
"HQ1237.5.U6 P38 2014","0","0"
"PR9199.3.Y38 Z46 2014","0","0"
"PQ4907.A883 A82 2014","0","0"
"DS779.49.X53 J56 2014","1","0"
"PN4748.H6 Z44 2014","0","0"
"PM4017.Z77 T38 2013","0","0"
"PQ3989.2.B424 C6613 2014","0","0"
"HD6732 .A837 2014","2","0"
"PN5277.R45 S534 2014","0","0"
"PQ4394 .T34 2014","0","0"
"PQ4053.W56 D42 2014","0","0"
"D1056.2.A7 A49 2015","3","0"
"PQ4686 .C375 2013","0","0"
"JQ2947.A95 K46 2014","1","0"
"PQ4835.I7 Z515 2013","0","0"
"BS2589.6.P95 S54 2015","0","0"
"JC263.S34 W53 2014","0","0"
"E184.M88 M87 2014","1","0"
"PR3679.S5 C65 2013","1","0"
"PS1302 .G75 2014","0","0"
"BR166 .K68 2015","3","1"
"PQ3919.2.T73 T7313 2014","0","0"
"E312.75.R3 P56 2014","0","0"
"BF692.2 .T46 1971","1","0"
"P95.8 .A425 2014","0","0"
"DB2048 .J87 2014","0","0"
"DS796.H757 Y478 2014","0","0"
"PL2865.P48 W44 2014","0","1"
"HM479.L828 J5 2014","0","0"
"D5 .A53 2016","2","0"
"D5 .A53 2016","4","0"
"PQ8180.1.R45 D53 1998","1","0"
"KNN440 .S58 2014","0","0"
"PQ8098.416.U35 C44 2008","1","0"
"PQ8098.29.I483 M38 2007","0","0"
"HD9725 .D56 2015","0","0"
"HC79.T4 S93 2014","0","0"
"JV6483 .R44 2015","1","0"
"HV1568.2 .G78 2015","2","0"
"HD8039.D52 E9724 2015","0","0"
"PN4784.F6 M88 2015","0","0"
"JZ1318 .S24 2015","2","0"
"G70.212 .S86 2015","1","0"
"HD9993.T694 T923 2015","1","0"
"HB3725 .G84 2014","1","1"
"JC571 .H7857 2015","0","0"
"GN380 .I537 2015","0","0"
"HD82 .L377 2015","0","0"
"GV1469.39.P79 A75 2015","5","0"
"E83.876 .H3713 2015","0","0"
"LB1027.3 .L57 2015","0","0"
"HF5548.8 .G45 2015","1","0"
"HB2042.7.A3 M63 2014","1","0"
"E97 .N23 2015","2","0"
"LB14.7 .P494 2015","0","0"
"PN5147.P4 P47 2014","0","0"
"LC1011 .T84 2015","0","0"
"HV7936.P75 P652 2010","0","0"
"KNQ641 .T53 2014","1","0"
"HV3004 .W27 2015","0","0"
"HV636 2005.N4 R47 2015","1","0"
"HF5605 .G543 2015","1","0"
"JC328.5 .W37 2015","1","0"
"HV6433.S6433 A25 2015","0","0"
"KF5645.W65 F58 2015","0","0"
"HC1055.Z9 D455 2014","0","0"
"LB2341 .A228 2015","2","0"
"HC441 .H46 2015","0","0"
"HC440.I5 D38 2015","0","0"
"E99.C5 R47 2015","0","0"
"HQ784.M3 L46 2015","2","0"
"HD9940.A2 B76 2015","2","0"
"LB1779 .C53 2015","0","0"
"LB2331.53 .C74 2014","0","0"
"LB1139.5.R43 D48 2015","1","0"
"LB2866.5 .G86 2015","0","0"
"LB2369 .D63 2014","0","0"
"LB1582.U6 L49 2015","1","0"
"JC359 .E34 2015","2","0"
"HM1263 .M554 2015","0","0"
"GT596 .M378 2015","0","0"
"GT525 .G57 2014","6","1"
"HQ767.9 .H87 2015","2","0"
"LB2322.2 .H51984 2014","1","0"
"HD31 .B47 2015","3","0"
"PN1992.77.M226 M333 2015","5","0"
"HM1206 .E55 2015","2","0"
"HQ792.E8 M43 2014","5","0"
"LC2669 .H37 2015","1","0"
"HC110.P6 R696 2015","3","0"
"JZ1313 .R57 2015","1","0"
"HN794.Z9 C686 2015","0","0"
"HD9502.A2 B73 2014","2","0"
"HM554 .B68 2014","0","0"
"DK510.33 .I677 2014","0","0"
"PN6149.S2 M87 2014","4","0"
"JK1726 .S89 2015","0","0"
"HC79.F3 O567 2015","1","0"
"KD7885.E95 J67 2015","1","1"
"GV880.7 .R56 2015","1","0"
"JA84.E9 G74 2014","1","0"
"KF4749 .P35 2015","1","0"
"GN286 .S55 2015","5","0"
"LB1134 .F56 2015","0","0"
"KF8745.G56 L44 2015","2","0"
"HV881 .F52 2015","0","0"
"K457.G7 S77 2015","1","0"
"E99.P9 S36 2015","2","0"
"HF1721 .T688 2015","1","0"
"HV4506.L67 M37 2015","1","0"
"KJA147 .C335 2015","6","0"
"LD3241.M36 R66 2015","0","0"
"HD9000.6 .D383 2014","0","0"
"BF76.4 .E8184 2015","1","0"
"JN1361 .A55 2015","0","0"
"GN289 .N37 2015","2","0"
"KZ1174.5 .T68 2015","1","0"
"HD75 .M2467 2015","4","0"
"GV1469.34.S52 C66 2015","0","0"
"JC131 .B65 2015","1","0"
"HV9950 .M64 2015","1","1"
"LB2371.4 .P683 2014","0","0"
"HQ759.913 .B58 2015","0","0"
"GN380 .L36 2014","0","0"
"HV9471 .C473 2015","2","1"
"HV2474 .S6194 2015","1","0"
"LB3499.C2 G53 2015","3","0"
"PQ8098.32.A428 P47 2013","1","0"
"QC21.3 .Y36212 2014","0","0"
"PQ8098.429.O86 C54 2011","0","0"
"DS779.46 .L84 2014","4","1"
"PQ8098.429.E39 O86 2014","1","0"
"DS779.26 .H86 2014","5","2"
"D766.82 .O64 2015","0","0"
"Z819.A1 R85 2014","0","0"
"Z819.A1 R85 2014","0","0"
"DR1321.K65 A314 2014","0","0"
"KZ3405.T865 A2 2014","0","0"
"DS731.R9 C48 2014","0","0"
"G1981.S1 B33 2014","0","0"
"HC256.2 .B878 2014","0","0"
"PN56.A89 A98 2015","0","0"
"DS706 .O866 2014","0","0"
"HV8964.S65 V57 2013","0","0"
"GT2130 .S53 2014","1","0"
"HQ1610.3 .U47 2014","0","1"
"DT326.3 .B768 2014","0","0"
"BX597.F65 G397 2013","2","0"
"PG2947.D8 T67 2014","0","0"
"HA4570.2 .N36 1999","0","0"
"HA4570.2 .P67 1999","1","0"
"BR60 .C49 v. 115A","0","0"
"BR60 .C49 v. 115B","0","0"
"PR6108.A345 B97 2014","0","0"
"BX4705.N5 K47 2014","0","0"
"BX8495.W4 D43 2014","0","0"
"F1465.3.E84 V36 2014","0","0"
"RC351 .O66 2014","2","0"
"RA564.5 .K66 2002","1","0"
"HQ766.5.I7 M44 2000","1","0"
"DS597 .Z87 2013","0","0"
"HB1046.4.A3 A15 1992","1","0"
"HC473 .S29 1994","0","0"
"HB1046.4.A3 B37 2000","1","0"
"HB1046.4.A3 B36 2000","1","0"
"HQ231.85.A5 C45 2014","0","0"
"GB309.S27 S56 2012","1","0"
"JV8754.7 .S27 2012","0","0"
"PQ2722.A74 M87 2011","0","0"
"PS2634 .O35 2015","2","1"
"BJ324.V35 W65 2015","4","0"
"BJ324.V35 W65 2015","3","0"
"PQ8098.431.R83 N6 2012","1","0"
"PQ7798.29.T69 P37 2012","0","0"
"PQ8098.436.U55 C36 2009","1","0"
"PQ7798.413.U38 R39 2010","0","0"
"BR305.3 .C65 2014","0","0"
"PQ8098.13.U48 M39 2011","1","0"
"PQ8098.12.E43 E88 2012","1","0"
"HD5710.2 .F67 2014","0","0"
"BX2320.5.E85 K66 2014","0","0"
"HF6146.T42 C43 2014","0","0"
"PQ6623.A3 A2 2015","1","0"
"HB3639 .J45 2014","1","0"
"HQ1638 .R666","0","0"
"PN1993.5.I8 S293 2013","0","0"
"PK2579.M3334 A2 2014","0","0"
"PK1718.B6 G6513 2013","0","0"
"PN56.M56 M56 2014","0","0"
"HQ1134 .C35 1981","0","0"
"D810.S7 S65 2015","1","0"
"PR6119.T8487 C87 2015","0","0"
"DS102.95 .T56 2015","0","0"
"BF311 .C184 2015","1","0"
"BF311 .C184 2015","1","0"
"HV6018 .C725 2015","0","0"
"B1649.P64 N674 2015","3","0"
"HV6433.G713 L65185 2015","0","0"
"HV6535.M63 C584 2015","1","0"
"JK468.I6 P27 2015","0","0"
"JK2356 .S296 2015","1","0"
"BF671 .O46 2015","0","0"
"F410 .B65 2015","1","0"
"HQ800.2 .C645 2013","0","0"
"DK82 .K37 2015","0","0"
"PQ8180.1.L784 L49 2000","1","0"
"PQ8549.P37 Z58 1985","1","0"
"F3324.I33 B37 2010","0","0"
"PQ8550.41.G84 P35 2004","0","0"
"BL1910 .R45 2014","0","0"
"HT384.I65 Z36 1992","1","0"
"RG734 .A213 1994","2","0"
"PQ8098.32.A33 J84 2014","0","0"
"HQ1735.2 .B35 1997","0","0"
"HD5812.56.A6 S53 2005","0","0"
"PQ8098.43.O56 D67 2014","0","0"
"DS748.29.G83 J56 2014","0","1"
"PQ7822.R55 D4 2012","0","0"
"DK510.763 .K6956 2014","1","0"
"JL2281 .O66 2012","0","0"
"CT3990.H824 A3 2014","1","0"
"PQ7798.413.A368 L45 2012","0","0"
"DS799.63.C6 L4778 2014","2","0"
"PQ8098.41.L386 M35 2010","0","0"
"PQ8098.14.I15 C58 2013","1","0"
"PQ8098.416.O47 R85 2013","1","0"
"DR1976.R8 I95 2014","0","0"
"PH1051 .K665 2013","0","0"
"Z286.L58 C47 2014","0","0"
"DK508.849 .A79 2014","0","0"
"DS796.H757 N4427 2014","0","0"
"JZ1394 .M46 2014","0","0"
"JA85.2.C94 L42 2013","0","0"
"D627.R8 K4785 2014","0","0"
"JZ5584.S65 P65 2015","0","0"
"BF408 .C758 2015","0","1"
"LB1631 .A456 2016","0","0"
"HM881 .G56 2015","0","0"
"HB2096.4.A3 M84 2003","1","0"
"HA4570.2 .M87 1997","1","0"
"NX163 .S37 2014","2","0"
"PQ8097.R7833 O5 2011","1","0"
"HB3636.4.A3 H34 2008","1","0"
"PQ7298.23.A445 E96 2014","1","0"
"PQ8098.417.O686 V5 2011","1","0"
"HB3636.4.A3 H365 2003","2","0"
"B3305.M74 X86 2012","0","0"
"DK511.P48 M354 2004","0","0"
"HM479.S67 A25 2014","0","0"
"PQ8098.13.O543 M67 2014","0","0"
"HB849.3 .B36 2002","0","0"
"HA4570.2 .B39 2004","0","0"
"HQ1122 .H37 2013","1","0"
"HQ1143 .L575 2012","0","0"
"PQ8098.417.O688 D53 2012","1","0"
"PG4815 .S568 2006","0","0"
"AM72.Y564 Y56 2013","0","0"
"HQ801 .L68 2015","0","0"
"PG3482.6.L48484 B49 2013","0","0"
"BF637.C5 C76 2015","1","1"
"PG3481.E537 K67 2011","1","0"
"PG3492.6.I545 P73 2014","0","0"
"JZ1616 .M37 2014","0","0"
"PG3481.6.U227 O29 2014","0","0"
"PQ8098.429.T48 C36 2013","1","0"
"D139 .M63 2014","1","0"
"PG3478.K69 V48 2014","1","0"
"AC150 .W473 2013","0","0"
"PG3482.5.N38 G745 2015","0","0"
"PL2877.H867 F4 2013","0","0"
"PG3483.O58 A887 2014","0","0"
"PG3491.46.R394 F73 2014","0","0"
"PG2991.4 .K553 2015","0","0"
"PG3481.4.I85 U37 2014","0","0"
"JF1351 .R33 2015","2","0"
"PG3482.7.K593 Z263 2014","0","0"
"PN45.5 .F77 2014","2","0"
"PG3479.5.H463 S552 2015","0","0"
"PG3482.5.R286 V4 2014","0","0"
"HB501 .C74 2015","0","0"
"PG3492.6.U28 G64 2014","0","0"
"PG3482.8.R3654 T35 2014","0","0"
"PG3482.8.R3654 T35 2014","0","0"
"BP184.9.D5 R63 2014","0","0"
"HD8662 .T73 2015","0","0"
"DD256.5 .C5475 2014","0","0"
"DC373.G5 G57 2014","0","0"
"PQ8098.413.R58 D58 2010","1","0"
"HT1521 .C476 2011","1","0"
"PR6111.I26 P64 2014","1","0"
"PN771 .G45 2013","0","0"
"R724 .C546 2015","2","0"
"B1649.P64 N674 2015","0","0"
"PR6053.A336 A6 2014","0","0"
"PN6790.C384 B53 2009","1","0"
"HQ76.25 .G57 2014","1","0"
"PN6790.C384 B532 2012","0","0"
"PQ7798.416.A362 F56 2014","1","0"
"PQ8098.23.A756 Z89 2014","2","0"
"PQ2518 .P58 2015","1","0"
"NX550.Z9 G7337 2014","0","0"
"DS134.85 .M495 2014","0","0"
"PQ8098.432.E428 L34 2014","1","0"
"PQ8098.432.E428 L34 2014","0","0"
"P85.B33 S26 2015","0","0"
"PQ2716.O44 B37 2015","1","0"
"PQ2603.A782 Z46 2015","0","0"
"PQ8098.14.I15 N3 2002","1","0"
"PJ4150.Z5 O4613 2015b","0","0"
"PJ4150.Z5 O4613 2015b","0","0"
"D640.A2 F46 2014","0","0"
"PQ8098.428.E94 R45 2014","0","0"
"PQ7798.429.I477 T73 2012","1","0"
"PR2109 .P15 2015","1","0"
"PA4247 .P75 2015","1","0"
"B469.7 .A73 2015","0","0"
"HD6250.I42 C435 2013","0","0"
"PA4377 .M6 1988 v. 49","0","0"
"F3101.3 .C47 2012","0","0"
"HD6955 .S5367 2014","0","0"
"PQ8498.414.A94 F5 2010","0","0"
"PN6790.C53 C473 2012","0","0"
"HD8526.5 .K6525 2014","1","0"
"PQ8098.429.C53 J38 2014","0","0"
"PQ8098.41.P34 S54 2011","0","0"
"HX17 .H57 1994","0","0"
"KK5419 .K3 1982","0","0"
"PQ8098.417.A455 P35 2013","0","0"
"PQ8098.12.E64 V46 2012","0","0"
"PQ7298.12.E4 S356 2013","5","0"
"PQ2673.A79 Z462 2015","0","0"
"B105.J87 F47 2015","0","0"
"PN6790.C383 D53 2012","1","0"
"BP131.8 .T4713 2014","0","0"
"N9152.F8 R455 2014","2","0"
"PT2621.A26 S3 2014","1","0"
"G1792 .A53 2010","1","0"
"PG5000.5.K276 A3 2014","0","0"
"DR1965 .L588 2014","0","0"
"DB2161.K675 P264 2014","0","0"
"PN2859.C96 J5446 2014","0","0"
"PQ8004 .Y62 2013","1","0"
"PA8500 1969","1","0"
"PQ8097.R783 A8 2011","0","0"
"PQ8098.16.I48 F73 2008","0","0"
"PQ8098.28.O84 D57 2013","0","0"
"G155.M6 T867 2013","0","0"
"B2903 1968","0","0"
"PT5881.32.L84 B5313 2013","0","0"
"PQ2075 1968","0","0"
"PQ7298.12.E8 F57 2011","0","0"
"DG826 .M36 2014","0","0"
"PN56.F34 T74 2015","0","0"
"PQ4113 .M23 2013","0","0"
"PQ6555 .A2 2015","2","0"
"DK510.762 .R6527 2015","0","0"
"BX920.R66 C475 2014","0","0"
"DJK24 .I47 2012","0","0"
"PN1995.65.I8 C872 2015","0","0"
"BP50 .M56 2015","0","0"
"BS1515 .H35 2014","3","0"
"DP129 .M37 2015","0","0"
"BX4700.A755 V58 2015","0","0"
"PG4815 .M35 2013","0","0"
"PQ8098.26.A4 S4 2014","0","0"
"DK651.C4565 K65 2013","2","0"
"KHF2921 .A98 2013","0","0"
"PN3499 .G768 2014","1","0"
"PE3401 .L36 2014","0","0"
"HX198.8.S35 S25 2014","0","0"
"HC59.7 .U468 2015","0","0"
"PR502 .S336 2015","0","0"
"PA6801.A49 P828 2015","0","0"
"BP190.5.D45 R45 2015","1","0"
"PQ8098.43.R66 G85 2014","0","0"
"DS282.7 .V37 2015","0","1"
"PQ8097.P322 Z84 2014","0","0"
"DS126.6 .F57 2014","0","0"
"PG5010.4 .H782 2014","0","0"
"F2239.B55 A56 2015","2","0"
"PN2491 .J47 2009","1","0"
"JZ1570.A5 E97385 2015","0","0"
"PQ8498.1.G785 E46 1989","0","0"
"BP52.5 .S45 2015","0","0"
"GV1218.5 .B37 2012","1","0"
"PQ7816 .C85 2011","0","0"
"PQ8098.417.E47 K48 2012","0","0"
"PQ8098.32.A428 P45 2006","0","0"
"PQ8098.16.O766 B45 2014","0","0"
"PQ8098.422.O43 S33 2014","0","0"
"PN6222.C4 A17 2013","0","0"
"BR60 .C6 v. 98","1","0"
"PQ8098.13.U48 Z46 2009","0","0"
"JC599.C5 T65 2009","1","0"
"HV6431 .U534 2014","0","0"
"PQ8098.418.U56 W35 2009","0","0"
"PQ8098.12.E8 N5 1996","0","0"
"PQ7954 .B75 2014","0","0"
"PQ8098.428.A37 E54 2009","0","0"
"PN6790.C53 R562 2012","0","0"
"GR75.T93 A54 2014","0","0"
"D804.65 .A59 2008","1","0"
"F1941.J4 A394 2006","1","0"
"D804.175.Q44 A54 2011","1","0"
"GV691.U57 S65 2015","10","0"
"GV691.U57 S65 2015","10","1"
"HC110.D4 O18 2015","6","1"
"F1392.J4 C86 2009","0","0"
"D804.48 .W44 2003","1","0"
"HV1461 .P66 2015","2","0"
"F1392.J4 C85 2012","0","0"
"PF5627 .J8","0","0"
"N6665 .E465 2011","1","0"
"PN2315.Y8 S26 1999","0","0"
"PG3482.8.U26338 D87 2014","1","0"
"PQ7798.413.A3655 B63 2014","0","0"
"PG3482.8.U898 Z72 2014","0","0"
"PN1993.5.C3 P67 2013","0","0"
"PG3489.4.L4189 Z927 2013","0","0"
"PQ7798.429.A23 P49 2014","0","0"
"PQ8098.429.T73 A6 2007","0","0"
"PQ8098.429.I63 N68 2013","0","0"
"PG3476.P29 Z5948 2013","0","0"
"PG3483.E8583 T75 2014","0","1"
"HD1333.M62 Y827 2013","1","0"
"F389 .B73 2015","0","0"
"PS1334 .M67 2015","1","0"
"DS134.255 .W86 2015","5","1"
"E525.5 41st .C66 2015","0","0"
"E185.615 .S758 2015","2","0"
"BD591 .C38 2015","0","0"
"DS777.53 .C598 2015","0","0"
"DR2086 .S54 2014","1","1"
"TR148 .B43 2015","0","0"
"DC226.3 .E54 2015","0","0"
"PQ298 .B74 2015","1","0"
"PS3562.A48442 F38 2015","2","0"
"PS3515.E37 Z58442 2015","2","0"
"DF261.S8 S25 2014","0","1"
"BM496.9.I5 L667 2015","0","0"
"E876 .U846 2015","1","0"
"PS153.N5 H286 2014","2","0"
"PG2975 .C47 2014","1","0"
"DS750.76 .S37 2015","0","0"
"B945.D44 L428 2015","1","0"
"PN56.L33 Q83 2015","1","0"
"B4445.E474 R37 2014","0","0"
"BL1214.32.B53 H42 2015","0","1"
"PS3511.I9 T4727 2015","5","0"
"PS3545.I5365 Z8335 2015","3","0"
"PN56.U8 N47 2015","3","0"
"PS3612.E344 A79 2015","0","0"
"HQ1236.5.S6 H377 2015","3","1"
"BX8526 .P46 2015","1","0"
"PS3604.U276 A6 2015","1","0"
"PS3573.I45677 Z895 2015","2","0"
"PS3552.U339 A6 2014","0","0"
"B1489 .C36 2015","3","0"
"PS3607.A9857 C38 2015","10","0"
"DS777.54 .L36 2015","4","0"
"PQ7655 .P34 2014","0","0"
"B2773.E5 G74 2015","1","1"
"PN98.E36 R66 2015","2","0"
"PN1993.5.C4 B334 2015","3","1"
"PS3603.A49 A6 2015","0","0"
"PR9372.9.N54 G63 2015","0","0"
"PR421 .M28 2014","1","0"
"DS916.54 .A45 2015","3","1"
"DA565.A14 S77 2015","0","0"
"F1219.8.M59 L54 2015","0","0"
"PS3612.U37 A6 2015","1","0"
"PS3602.R6347 A6 2015","1","0"
"PS3616.A86644 A6 2015","0","0"
"PS3543.I26 Z82 2013","0","0"
"PS3618.E564528 R48 2015","0","0"
"PN171.M93 H55 2015","1","0"
"BD638 .B69513 2014","5","0"
"PS3553.O494 W476 2015","0","0"
"PQ7298.28.E974 B38 2014","0","0"
"PG3491.7.M45 P65 2014","0","0"
"PG3476.T75 Z743428 2014","0","0"
"PG3482.7.N5949 Z53 2015","0","0"
"PG3476.G39 Z758 2012","0","0"
"PG3482.8.R375 T74 2014","0","0"
"PG3491.6.O546 Z34 2014","0","0"
"JZ1242 .D655 2014","0","0"
"PG3476.K473 Z45 2014","0","0"
"PG3492.34.O44 P67 2014","0","0"
"PG3361.T5 Z6332 2014","2","0"
"PS3625.O9655 I53 2014","0","0"
"PG3482.6.H2744 V73 2014","0","0"
"PN5190.C5 M397 2009","1","0"
"PN6149.S2 F35 2013","0","0"
"PG3492.37.I83 D6 2015","0","0"
"D511 .E84 2014","0","0"
"PL363.5 .B378 2013","0","0"
"BX891.3 G45 2015","0","0"
"PG3337.L42 C493 2014","0","0"
"RA790 .C68195 2001","2","0"
"HV7419 .T73 2015","2","0"
"DD282 .K68 2014","0","0"
"PQ7820.C38 M67 2009","0","0"
"DS135.E5 M37 2014","0","0"
"PQ2266.Z8 B793 2014","0","0"
"PQ421 .P48 2015","0","0"
"PQ4874.I4 Z47 2014","0","0"
"HQ73.3.C5 P37 2013","0","0"
"PQ4253.2 .B35 2015","0","0"
"PN1993.5.C5 E64 2013","0","0"
"PQ4249.6.S34 I58 2014","0","0"
"PQ4253.2 .B66 2014","0","0"
"PN1993.5.C5 E53 2014","0","0"
"R126.H6 E6 2014","1","0"
"PQ8098.31.R35 M46 2009","0","0"
"PQ8098.31.R35 M46 2009","0","0"
"G155.I8 H64 2015","1","0"
"HC105 .C23 2015","1","0"
"HM821 .B78 2015","4","0"
"BF723.C8 E54 2015","0","0"
"JC143.M4 C38 2015","3","0"
"HV8290 .M375 2015","0","0"
"HB3725 .B45 2015","0","1"
"PN4974.W6 R36 2015","1","0"
"JC574 .B766 2015","11","0"
"LA2317.K43 D86 2014","0","0"
"JC574 .C35 2015","0","1"
"HD8072 .A314 2015","0","0"
"P96.T42 S34 2015","0","0"
"UG1242.D7 D77 2015","10","0"
"BF201 .H357 2015","1","0"
"HD7288.72.U5 H69 2015","0","0"
"P96.I5 I55 2015","0","0"
"LB3013 .T67 2015","0","0"
"JZ5597 .M36 2015","3","0"
"HM851 .B676 2015","3","0"
"HD62.7 .G66 2015","1","0"
"HD8055.C75 F66 2015","2","0"
"HT351 .S92 2015","1","1"
"HV6534.N5 M87 2015","0","0"
"HF3838.T45 S27 2014","0","0"
"LB1584 .M28 2015","1","0"
"JN30 .F32 2015","0","0"
"HA30.6 .A23 2014","0","0"
"HB3711 .K627 2015","2","0"
"HV6023.K67 C43 2015","0","0"
"HV6433.R9 P646 2015","3","0"
"HT109 .C67 2015","0","0"
"HN656.5.A8 C74 2015","3","0"
"JC423 .B8638 2015","0","0"
"LA217.2 .E535 2015","1","0"
"LC5803.C65 E95 2015","1","0"
"P94.5.W65 F36 2015","1","0"
"H61.15 .G73 2015","1","0"
"JC574 .G34 2015","0","0"
"HG4515.95 .H36 2015","1","1"
"JC571 .A355 2015","0","1"
"HM1271 .V55 2015","0","0"
"HF5415.1265 .C4885 2015","0","0"
"PN5450 .J68 2015","5","0"
"G530 .L87 2015","1","0"
"KD3946 .M346 2014","3","0"
"HD5803 .M35 2015","0","0"
"GN751 .A38 2015","1","0"
"HN90.S65 P88 2015","12","1"
"KF385 .S25 2015","0","0"
"JK2249 .C69 2015","1","0"
"HT241 .G85 2014","3","0"
"LA1503 .K64 2014","0","0"
"P99.3 .P48 2015","3","0"
"JV6455 .W527 2014","1","0"
"BF724.85.D44 A45 2015","1","0"
"GR524 .J10 2014","0","0"
"P295 .H235 2014","0","0"
"K370 .V36 2015","0","0"
"LB3013 .S576 2015","4","0"
"LC213.2 .L56 2015","1","0"
"JA71 .C732 2015","1","0"
"JV6483 .T78 2015","3","0"
"LB2351.52.U6 E88 2014","0","0"
"LB1050 .B662 2014","0","0"
"JF1525.I6 F58 2016","2","0"
"JV6225 .B6487 2015","0","0"
"LB1573.5 .L39 2015","0","0"
"LC1200 .I543 2014","1","0"
"LB1044.87 .I68 2014","0","0"
"HD966 .T73 2011","2","0"
"LC149 .L518 2015","0","0"
"JV6038 .C43 2015","0","0"
"LB2831.63 .B76 2015","0","0"
"HV6431 .E478 2015","1","0"
"HC106.84 .O96 2015","1","0"
"HM742 .M36 2015","2","0"
"LB1028 .P588 2015","0","0"
"HX311.5 .S54 2015","1","0"
"LB1117 .Q34 2014","1","0"
"HT241 .J37 2015","1","1"
"LB1731 .S24 2015","0","1"
"BF319.5.F4 G74 2015","1","0"
"LC212.2 .W44 2015","5","0"
"HQ759 .A37 2011","1","0"
"PR9199.3.C499 A28 2015","0","0"
"E457 .D157 2015","1","0"
"PT8176.1.D54 A7813 2015","1","0"
"PS3604.E1125 A98 2015","1","0"
"PS3556.U515 A6 2015","0","0"
"BL241 .B445 2015","3","0"
"PR9369.4.S54 B53 2015","0","0"
"D281.5 .B55 2014","1","0"
"PN1995.7 .R63 2015","4","0"
"PQ7082.P7 B86 2015","1","0"
"B945.R234 B97 2014","2","0"
"PR9199.3.P96 D36 2015","0","0"
"PJ7814.L56 J3413 2014","0","0"
"DA585.M36 W38 2014","0","0"
"PS3613.E4355 D67 2015","0","0"
"PG3328.Z6 F86 2015","2","0"
"PG3328.Z7 L36 2015","0","0"
"PN1995 .C5437 2015","1","0"
"PT8952.12.R455 D7613 2015","0","0"
"PF74.75 .J63 2015","1","0"
"DF277 .P38 2015","0","0"
"DP136 .E63 2015","1","0"
"PR6053.O48645 E48 2015","0","0"
"PN1993.5.A1 M36 2014","1","0"
"PT285 .F76 2015","2","0"
"BX1378.7 .W55 2015","1","0"
"BL240.3 .A27 2015","1","0"
"PR6063.A6565 H34 2015","0","0"
"BP173.75 .I84 2014","3","0"
"PS3552.L3483 H68 2015","1","0"
"PS3612.A773 I2 2015","0","0"
"PT2714.E95 T6413 2015","3","0"
"PS3563.O88456 I57 2015","4","0"
"PR9199.3.M65 I57 2015","3","0"
"BX1784 .I57 2015","3","0"
"E842 .O36 2015","1","0"
"PE1319 .R83 2015","0","0"
"BS1615.2 .C84 2015","1","0"
"PS3606.E726 L67 2015","0","0"
"PR9275.S263 P47645 2015","0","0"
"PS3553.O5798 Z46 2015","0","0"
"PG3326 .Z3 2015","1","0"
"JQ1809.A15 P654 2015","0","1"
"PN1009.5.P64 P65 2014","1","0"
"DS775.2 .A35 2015","0","0"
"DA587 .C33 2015","4","0"
"CD5059 .S43 2015","2","0"
"PN1997.S63373 S36 2015","3","0"
"BR60 .A35 no. 68","4","0"
"PR9387.9.I73 Z89 2014","0","0"
"PN1136 .H55 2015","2","0"
"BR60 .A35 no. 69","1","1"
"DR576 .S696 2015","2","1"
"DS112 .C35 2015","0","0"
"HQ1121 .K667 2015","0","0"
"DS61.85 .J66 2015","5","0"
"PQ3989.2.K386 A3713 2015","1","0"
"PS3558.U444 A6 2014","1","0"
"DT471 .K44 2013","0","0"
"BL473 .G355 2015","1","0"
"PS374.S5 N336 2015","2","0"
"PT2712.U87 F7813 2014","0","0"
"PS3562.A849 A6 2014","0","0"
"DA125.N4 O59 2014","2","0"
"PS3619.A4389 C35 2015","1","0"
"PS3521.E4322 A6 2014","1","0"
"DT367.59 .T46 2015","0","1"
"BT265.3 .C74 2014","1","0"
"BS2625.6.H55 S49 2015","1","0"
"BL55 .M37 2015","0","0"
"PQ7539.2.C34 S8413 2015","2","0"
"PS3626.A59 E44 2014","3","0"
"D2009 .A43 2015","2","0"
"PQ2713.A3739 V57 2015","1","0"
"BT836.3 .T56 2015","0","0"
"PT2671.U454 H4713 2014","0","0"
"F869.S35 D86 2014","1","0"
"BS580.H4 P37 2015","0","0"
"BL240.3 .M37 2015","2","1"
"PL2686 .A2 2015","2","0"
"PS3620.A973 L56 2014","0","0"
"PS3613.C38688 L66 2014","0","0"
"PT7049 .L68 2014","0","0"
"DT658.2.L85 Z45 2015","3","0"
"PS3620.R4446 M43 2015","3","0"
"DT3189 .M63 2014","1","0"
"PS3563.E813 Z46 2015","0","0"
"PN2080 .O558 2015","1","0"
"PR5811 2015","0","0"
"B105.A35 P495 2015","0","0"
"B2430.F724 K4613 2015","1","0"
"PN2085 .L39 2015","0","0"
"E185.86 .R43 2015","2","0"
"PS3623.A436 A6 2014","0","0"
"PS3607.R745 R48 2014","0","0"
"PS3601.N5324 R58 2014","1","0"
"BS511.3 .M327 2015","0","0"
"BS1485.53 .D84 2015","0","0"
"HD30.3 .M3447 2015","1","0"
"BT28 .N495 2014","0","0"
"PN2389 .B4713 2014","1","0"
"BX4827.B3 B865 2014","0","0"
"PS3551.L357716 T69 2014","0","0"
"E185.86 .T739 2015","1","0"
"PR9619.4.P52 T76 2014","1","0"
"PR6062.E9255 U55 2015","2","0"
"PS3603.O25 V45 2014","2","0"
"PS858.W8 Z34 2015","1","0"
"PA5610.K39 V5613 2014","2","1"
"B577.G24 P45 2014","0","0"
"PN6790.C52 M66 2008","0","0"
"F2849.2 .L845 2009","0","0"
"HT1131 .G66 2014","0","0"
"KHF2919 .C758 2014","0","0"
"PS3521.E735 A6 2015","3","0"
"PS3521.E735 A6 2015","1","0"
"HD8296.5 .V34 2014","0","0"
"BF199 .R27 2014","0","0"
"KNS3497 .C43 2014","0","0"
"BL1288.592.R36 D88 2014","0","0"
"HC79.E5 M426 2010","0","0"
"HD1699.S8 V47 2015","1","0"
"HN110.5.Z9 S6343 2014","0","0"
"HC435.3 .M85 2014","0","0"
"F3069.3.C58 Y36 2008","0","0"
"JV185 .P67 2014","0","0"
"HC435.3 .O944 2014","0","0"
"PQ4903.I538 C56 2012","0","0"
"PG5040.29.V876 V97 2014","1","0"
"PQ8098.422.E58 C63 2013","0","0"
"PQ8098.418.E75 A6 2014","0","0"
"BR115 .G59 G63 2014","0","0"
"HC59.7 .E49 2014","0","0"
"DS485.K25 Z87 2014","3","0"
"Z522.3 .S817 2010","0","0"
"HC440.E5 P33 2013","0","0"
"PQ8007.E75 S37 2014","0","0"
"PN1993.5.I8 M857 2013","0","0"
"PR2965 .Z87 2013","3","0"
"DS486.T7 J74 2014","0","0"
"PK2098.S2314 Z637 2014","0","0"
"DS485.T295 C45 2012","0","0"
"HE551 .V36 2014","0","0"
"PK2099.32.R33 A63 2014","0","0"
"LC94.I4 M33 2013","0","0"
"BL65.P4 R45 2014","0","0"
"GT2853 .C84 2013","0","0"
"DD165 .B36 2015","0","0"
"DK511.K187 R87 2014","0","0"
"PK2098.M225 Z75 2014","1","0"
"B3279.H49 C2717 2014","0","1"
"PS3607.A556 T75 2014","0","0"
"PQ1714 .B225 2014","0","0"
"BP190.5.T47 S56 2014","1","0"
"PQ8098.428.U598 E53 2014","0","0"
"KD373.U34 T75 2013","0","0"
"HQ1064.I4 S44 2006","0","0"
"BD163 .G2988 2014","0","0"
"PQ7954 .M65 2012","1","0"
"HV8699.I4 M37 2013","0","0"
"UG635.I4 G87 2014","0","0"
"PL4758.05 .M337 2010","0","0"
"B2138.A88 J43 2014","0","0"
"PN1443 .C66 2014","0","0"
"GV944.L29 T63 2014","0","0"
"PK2077 .H56 2012","0","0"
"PS3242.L5 S36 2014","0","0"
"B816 .B36 2014","0","0"
"GV576 .S74 2014","1","0"
"HQ1460.5 .G366 2013","1","0"
"D802.F8 F623 2014","1","0"
"DS485.B49 S27 2012","0","0"
"JC263.N48 K86 2015","0","0"
"BJ1475.3 .R69 2012","0","0"
"DS481.P35 S343 2010","0","0"
"DR43 .B3534 2014","0","0"
"PT2678.O268 F35 2015","0","0"
"HE3080.D4 M56 2014","0","0"
"JC599.C5 P65 2013","0","0"
"PQ8051 .A63 2012","0","0"
"PG3491.3.R857 M67 2014","10","0"
"DK510.76 .K3442 2014","1","0"
"NX180.S6 E88 2009","0","1"
"PG3492.38.Z53 Z15 2013","0","0"
"PG3358.H86 G86 2013","0","0"
"DS480.84 .I6347 2014","0","0"
"DS480.84 .I6347 2014","0","0"
"DS480.84 .I6347 2014","0","0"
"PR9499.3.S1585 S26 2012","0","0"
"PN2886.C3 M58 2012","1","0"
"HM1136 .S46 2012","1","0"
"PG3492.54.H43 D78 2014","0","0"
"BF632 .R36 2014","0","0"
"HV8210.5.A45 M5666 2015","0","0"
"DS432.A2 B35 2013","1","0"
"DB2078.G3 H335 2014","0","0"
"HD30.28 .S7738 2013","0","0"
"BD352 .K56 2015","0","0"
"PN2658.D5 P65 2015","0","0"
"PT2661.U35 M65 2015","0","0"
"PQ2625.A823 Z58 2014","0","1"
"PQ7263.E5 E54 2014","0","0"
"PQ7079.2.K87 Z58 2011","1","0"
"HQ783 .V55 2012","0","0"
"PQ1603 .A1 2004","0","0"
"PQ5904.L54 U53 2015","1","0"
"DG225.M3 Z39 2014","0","0"
"PG5040.14.V64 D66 2014","1","0"
"F1376 .N68 2013","0","0"
"F1376 .N68 2013","0","0"
"PG5040.23.I422 Z33 2014","1","0"
"PG5038.K64 B54 2014","0","0"
"F1465.2.I87 A53 2010","0","0"
"PG5040.13.E83 P75 2015","1","0"
"PG5040.3.U76 T873 2014","1","0"
"PG5038.B5 K72 2014","0","0"
"PG5039.29.I24 M49 2014","0","0"
"DB2057.S6975 J576 2014","0","0"
"PG5040.21.L564 P74 2015","0","0"
"HN120.Y83 C36 2004","1","0"
"F2329.22.C54 A5 2013","0","0"
"PQ8061.P59 V84 2012","0","0"
"RA989.S92 D87 2013","1","0"
"F3100 .L3918 2007","0","0"
"PQ7378 .C842 2012","1","0"
"LB2805 .S2618 2015","2","0"
"PS3565.Z5 P818 2014","1","0"
"F3100 .R8 2013","0","0"
"F3126 .M37 2012","1","0"
"PQ8098.13.A768 A63 2013","0","0"
"PN2491 .C37 2009","0","0"
"HQ799.C47 L36 2014","0","0"
"LC1099.3 .N54 2012","1","0"
"LC1099.3 .G717 2011","0","2"
"BX1650.A7 K45 2012","0","0"
"BT82.7 .O94 2014","4","2"
"PT2667.E4516 S45 2015","0","0"
"PS3603.R765 W55 2014","0","0"
"TG80.S36 L36 2014","0","0"
"TD427.P4 D3935 2014","1","3"
"DC118 .J6813 2013","4","0"
"PG5040.3.R65 R69 2014","0","0"
"PT2673.O24 K66 2015","0","0"
"BX583.B5475 I77 2014","1","0"
"D734 .T4 2013","0","0"
"ZA3150.G4 T36 2015","0","0"
"DD187 .J372 2014","0","0"
"D371 .S628 2014","0","0"
"DK510.763 .S94954 2014","0","0"
"PT2668.O634 C47 2015","0","0"
"PN1998.3.G556 C56 2015","0","0"
"JV6217 .I58 2014","0","0"
"HV4708 .W67 2012","3","0"
"F499.C657 S77 2015","3","0"
"CB69 .W666 2015","7","1"
"D20 .H29 2012","1","0"
"BM610 .S539 2014","0","0"
"BF76.4 .H365 2015","1","0"
"HV6433.I722 W45 2015","12","1"
"D15.G76 A3 2014","3","0"
"BF327 .M35 2015","1","0"
"HD1433 .F35 2015","2","0"
"LB1139.23 .F46 2014","1","0"
"PG5038.W4 Z876 2014","0","0"
"HQ76.25 .P53 2009","1","0"
"LB1577.C9 V35 2014","0","0"
"F3060 .C567 2013","0","0"
"PM3968.9.C44 X84 2008","1","0"
"BS465 .B53 2014","0","0"
"PN56.M44 A86 2012","1","0"
"PN56.A22 R378 2014","0","0"
"DC107.2 .A56 2014","0","0"
"PQ145.1.M84 C67 2014","0","0"
"PQ4253.2 .V53 2014","1","0"
"PM3961 .N88 2014","1","0"
"DB2191.M38 Z58 2014","0","0"
"PQ8098.12.E8 N62 2014","0","0"
"DB2191.R47 D72 2014","0","0"
"PQ7918 .A48 2013","0","0"
"PQ8098.424.O737 F33 2013","0","0"
"LC92.C5 A87 2014","0","0"
"HV6322.3.C5 G37318 2011","0","1"
"F1408.9 .G46 2014","4","0"
"PQ8098.13.A836 A6 2014","0","0"
"DT73.A7 A59 2008","1","0"
"PG5038.L5 Z639 2014","0","0"
"PN1993.5.L29 V35 2014","0","0"
"PQ8219.M73 S56 1988","2","0"
"BX8762.A45 G876 2010","1","0"
"D15.P38 B73 2014","0","0"
"F1787 .R6722 2013","0","0"
"F1787 .R6722 2013","0","0"
"F1787 .R6722 2013","0","0"
"KHF3008 .I38 2013","0","0"
"HQ1149.C9 S74 2014","0","0"
"KHF2202 .P84 2013","0","0"
"HD58.7 .P79 2014","1","1"
"DT317 .R58 2014","0","0"
"PQ8097 .H26 2012","0","0"
"F1788 .P58 2012","0","0"
"PN56.B47 .E37 2014","0","0"
"HE5636.M37 U79 2011","1","0"
"DC130.L8 C46 2015","1","0"
"PQ6666.R313 M67 2014","0","0"
"HT653.I8 C38 2014","0","0"
"DB99.2 .S39 2015","0","0"
"PA3265 .C67 2008","0","1"
"HV553 .H355 2009","0","0"
"DS106 .F32314 2013","0","0"
"DS106 .F32314 2013","0","0"
"PS3618.Y3325 S8 2015","0","0"
"GE235.I53 F85 2015","1","0"
"R128.3 .J66 2014","0","0"
"PQ8098.428.O325 P43 2011","1","0"
"PS3559.F53 D69 2013","0","0"
"TG106.5 .M86 2012","0","0"
"HD9146.K62 Y52 2013","0","0"
"PL984.E8 M66 2009","0","0"
"PS3609.F56 E73 2011","0","0"
"PS3559.F53 M35 2012","0","0"
"PS3559.F53 F56 2014","0","0"
"PS3559.F53 C65 2014","0","0"
"PS3559.F53 L66 2009","1","0"
"PS509.C56 I34 2004","0","0"
"PS3559.F53 T65 2013","0","0"
"JQ292 .C35 2014","0","0"
"PQ8498.427.U556 V33 2012","1","0"
"PS3559.F53 Z46 2013","0","0"
"DS451.5 .N36 2014","0","0"
"PS3559.F53 Z46 2012","0","0"
"PQ8520.422.E34 P56 2013","1","0"
"PK1509 .D37 2014","0","0"
"PQ7820.A27 C65 1994","1","0"
"KMH534 2008","0","0"
"TX724.5.K65 C44 2009","0","0"
"ND1452.K6 C478 2012","0","1"
"PQ7409.2.L4 T6 1962","1","0"
"PA3972.E93 A75 2014","0","0"
"PA3972.E93 A75 2014","0","0"
"DD281 .K755 2015","0","0"
"DS135.I63 A15 2014","2","0"
"HD38.15 .V53 2014","0","0"
"PN3453 .G36 2014","0","0"
"PL4659.K33 B65 2014","0","0"
"PN56.R52 B48 1979","1","0"
"HB2096.4.F37 I73 1990","1","0"
"NX457 .C65 2013","0","0"
"VM703 .M67 2013","0","0"
"PR2972.B66 A43 2015","0","0"
"BV4509.5 .V65 1996","1","1"
"PS3559.F53 Z46 2014","0","0"
"PR9499.3.B65 A6 2014","0","0"
"NA1120 .C32 2014","0","0"
"PS3559.F53 Z46 2014b","0","0"
"DC289 .G68 2015","0","0"
"PS3559.F53 S87 2015","0","0"
"PK2200.C57 C48 2014","0","0"
"PS3559.F53 A6 2015","0","0"
"PS3559.F53 C38 2014","0","0"
"HF5810.G69 A3 2014","0","0"
"NB94 .A96 2014","1","0"
"PR9499.4.N37 I87 2014","1","0"
"DT96 .L64 2014","0","0"
"DS480.853 .S464 2014","0","0"
"DS388 .J34 2013","1","0"
"DS480.84 .S5476 2014","0","0"
"DS324.F3 A99 1990","1","0"
"PQ2663.O542 V67 2015","0","0"
"HD8686.5 .I53 2014","0","0"
"PG3328.Z6 E48 2013","0","0"
"DG847.58 .M36 2014","1","0"
"JQ231 .C631 2014","0","0"
"CB226 .T47 2014","0","0"
"PR9499.3.M376 C68 2014","0","0"
"PQ2716.E87 D45 2015","0","0"
"PQ2667.U256 T76 2015","0","0"
"DT73.M233 M373 2014","2","0"
"D523 .E67 2014","3","0"
"PQ2607.U8245 Z569 2014","0","0"
"D524 .C13 2004","1","0"
"PQ2607.E834 Z5565 2014","1","0"
"BR251 .C65 2015","1","0"
"PQ2678.I233 Z72 2015","0","0"
"PL4758.9.N3155 T5713 2014","2","0"
"PR9499.4.J43 A58 2014","0","0"
"HV690.I4 S63 2014","0","0"
"PQ8098.425.T66 C65 2013","1","0"
"PL4758.9.K3296 A6 2014","0","0"
"DS485.B49 R39 2013","0","0"
"HQ1537 .A65 2003","1","0"
"HV689 .S679 2014","0","0"
"PQ8098.425.T66 A92 2014","1","0"
"PE1 .C66 n.s., v.209","0","0"
"PR9499.4.B437 F56 2014","0","0"
"DS485.G88 K57 2014","0","0"
"HC435.3 .M85 2014x","0","0"
"HQ239.W47 S65 2010","0","0"
"DS485.M35 M63 2013","0","0"
"PN1998.3.J654 S74 2015","1","0"
"PQ2706.I557 P45 2015","0","0"
"PQ2664.E7895 V47 2015","2","1"
"PQ8098.415.S65 C37 2014","1","0"
"DS63.2.E8 M66 2014","0","0"
"HV639 .F37 2014","0","0"
"D640.A2 A69 2014","0","0"
"BJ1463 .R47 2015","0","1"
"DB86.7 .B55 2014","0","0"
"D521 .C582 2014","0","0"
"D639.C75 D44 2014","0","0"
"AS182 .M823 2014, Heft 3","1","0"
"F3741.A6 H63 1999","1","0"
"BV2626.4.K87 R37 1986","1","0"
"PN6790.C383 B37 2014","1","0"
"PQ8097.P3225 Z65 2014","2","0"
"HB3636.4.A3 S56 1993","1","0"
"QH541.5.M3 S36 2014","0","0"
"D507 .E54 2014","0","0"
"PJ7842.H823 B33 2010","0","0"
"PJ7862.H842 B32 2014","0","0"
"PJ7942.H368 Z16 2013","0","0"
"DK510.766.P87 H55 2015","4","0"
"PQ3979.2.M28 S2125 2013","0","0"
"PE1 .C66 n.s., v.210","0","0"
"D522 .A84 2014","1","0"
"HQ682.5 .P36 2011","1","0"
"DS915.2 .Y54 2014","0","1"
"PS3509.L43 Z6545 2015","2","1"
"NA3000 .C478 2001","1","0"
"PL907 .H3437 2014","1","0"
"PL907 .H3437 2014","1","0"
"LG281.S45 C515 2011","0","0"
"DS903 .Y8 2011","4","1"
"PS648.S3 A23 2015","0","0"
"DS87 .L425 2014","4","0"
"PR6068.O82 V55 2015","0","0"
"DT469.M342 A358 2014","0","0"
"D16.9 .A54 2014","1","0"
"BX920.M4 L53 2014","1","0"
"PQ2704.E736 M37 2014","0","0"
"PN6120.95.E8 R66 2014","1","0"
"DC151 .C76 2015","1","0"
"PK109.G7 A4 2013","0","0"
"PQ9698.432.E68 V68 2014","1","0"
"PQ2712.A678 F4613 2015","6","0"
"DS481.M3537 S56 2014","0","0"
"DS481.G316 A46 2015","0","0"
"GN296.5.A35 M43 2014","3","0"
"PR9484.6 .N385 2013","0","0"
"P96.T47 V57 2014","3","0"
"RG106.4.I7 M374 2003","1","0"
"PQ8098.15.L65 K2 2014","0","0"
"PL907 .P249 2012","0","0"
"BQ1377 .N44 2013","0","0"
"RG106.4.I7 M373 2003","1","0"
"PQ8098.432.E73 M57 2014","0","0"
"PL958.7 .H2985 2005","0","0"
"DS485.B493 D295 2014","2","0"
"PQ8098.426.O43 S25 2011","0","0"
"RG106.4.I7 M375 2003","1","0"
"PQ8098.412.A366 R46 2014","0","0"
"BL21 .R4475 2010","0","0"
"PR8633 .S4 ser. 5, no. 12","0","0"
"PN1701 .R83 2015","1","0"
"RG106.4.I7 M376 2003","1","0"
"BL1478.6 .S9 1970b","5","0"
"HB3636.4.A3 A87 1998","2","0"
"PQ8098.413.U13 B53 2014","0","0"
"DS119.76 .S54 2015","1","0"
"F3126 .T285 2013","0","0"
"HQ766.5.I7 F33 1994","2","0"
"PK1718.D2613 A6 2012","0","0"
"N8193.A3 O827 1977","3","0"
"JS7025.K37 I53 2012","0","0"
"HB3639 .L35 2012","0","0"
"PL907 .C39 2012","0","0"
"E183.7 .S739 2014","1","0"
"HD6190.M327 D44 2012","0","0"
"HD9016.I43 M274 2013","0","0"
"BQ9289.H783 A3513","0","0"
"BQ9289.H783 A3513","0","0"
"PR9199.3.U59 A6 2015","0","0"
"KNS174.S46 I53 2010","0","0"
"KNS174.S46 I53 2010","0","0"
"HD60.5.K8 N629 2014","0","0"
"PR6062.O97 R48 2015","0","0"
"JQ231 .I535 2013","0","0"
"JC491 .P645 2014","2","0"
"PS3561.U35 P56 2015","1","0"
"PQ8098.28.O295 P84 2014","0","0"
"HB3636.4.A3 I73 1994","2","0"
"PQ8098.417.O435 S35 2014","0","0"
"PR6053.O2195 R63 2014","0","0"
"HC432.5.A2 B58 2014","0","0"
"JQ229.A8 S28 2013","0","0"
"UA832.5 .Z484164 2014","0","0"
"PK2211.E3 T37 2014","1","0"
"HV8460 .L56 2014","0","0"
"BQ9800.T5392 N4546 1987","1","0"
"PN1993.5.I48 C43 2014","0","0"
"BQ9289.5 .B39 2003","1","0"
"BQ9399.I554 L5513 1976","0","0"
"DS478.3 .G613 2014","0","0"
"RC178.S7 I2618 2014","0","0"
"DS779.46 .L88 2014","1","0"
"PL4758.9.A35 A5713 2014","0","0"
"BR115.C3 T69 2013","1","0"
"PQ2412 .G69 2014","0","0"
"DG575.A6 G84 2014","0","0"
"PL4718.4 .C43 2013","0","0"
"PQ2672.E1116 H47 2015","0","0"
"PR9499.3.J6 Z73 2010","0","0"
"JQ1789.A5 A88 2002","1","0"
"HX45 .A35 2013","0","0"
"PR6120.H575 L87 2015","1","0"
"HG3550 .I58 2013","1","0"
"JZ5584.S65 A76 2014","0","0"
"PN6790.C73 P67 2014","1","0"
"HA4570.2 .M37 2000","0","0"
"PQ8180.428.O37 M84 2014","0","0"
"CC101.R8 K54 2014","1","0"
"CC101.R8 K54 2014","1","1"
"PR6052.U667 N68 2015","0","0"
"BF481 .H35 2014","1","0"
"DS779.29.H785 G36 2014","1","0"
"PQ8098.429.A428 S84 2011","1","0"
"PN1993.5.I8 G64 2014","0","0"
"PQ7298.412.O22 V4 2014","1","0"
"PK2238.9.M42 S8613 2013","0","0"
"PQ8098.41.R3933 E5 2014","0","0"
"PK1859.O48 M3813 2014","0","0"
"PQ8520.41.R45 C65 2014","0","0"
"HF5415.1255 .D44 2014","0","0"
"JQ281 .B437 2014","0","0"
"PK2648.S574 H37 2014","0","0"
"HB3711 .P89 2013","0","0"
"BF1275.S3 A45 2012","0","0"
"PR9499.4.S93 E83 2014","0","0"
"PG3520.F7 L584 2014","1","0"
"KBP526.32.K38 A34 2014","4","0"
"BX863 .K87 2015","1","0"
"PQ8098.36.O64 V34 2014","0","0"
"HA4570.2 .M37 2000b","1","0"
"DA591.T47 F54 2015","3","0"
"PR6109.R65 N67 2015","1","0"
"PQ8098.429.A428 Z26 2012","1","0"
"E302 .M19 1984","0","0"
"PR6063.C29 S65 2015","2","0"
"F3341.V35 A372 2000","1","0"
"PH3281.K89 A6 2005","0","0"
"DS135.R9 S688 2007","0","0"
"D531 .L36 2012","0","0"
"PQ8180.1.L366 H64 1995","1","0"
"HA4570.2 .M37 1994","1","0"
"HA4570.2 A83 1993","1","0"
"HD5812.56.A6 M37 1996","1","0"
"DA235 .J87 2015","0","0"
"BQ7699.M34 B73 2014","0","0"
"D830 .E39 2015","0","0"
"PS3503.U646 Z68 2015","3","0"
"BL2233 .P37 2014","1","0"
"PS3545.R815 A6 2015","0","1"
"PN4400 .C43 2015","0","0"
"BQ636 .Y68 2015","0","0"
"JA84.G3 K44 2015","2","0"
"DA950 .F44 2014","0","0"
"PS3573.I917 A6 2015","0","0"
"E475.27 .S73 2015","2","0"
"PQ2603.E362 A2 2015","4","0"
"F2230.1.M6 F86 2015","0","1"
"D811.A2 Y5913 2015","3","0"
"PS3603.H755 A6 2015","0","0"
"HQ1593 .S923 2015","1","0"
"PT405 .W35316 2015","0","0"
"HQ1236.5.T34 S76 2015","2","0"
"PS3551.R455 A6 2015","1","0"
"PS3573.I344 L36 2015","0","0"
"DS578 .S83 2015","1","0"
"DS135.S55 K58 2015","0","0"
"D785 .E54 2015","1","0"
"DG737.28.D39 C72 2015","2","0"
"BM674.63 .T44 2015","3","1"
"BX8617.G4 N45 2015","2","0"
"E757 .A3 2015","2","0"
"PS3602.L3485 A6 2015","1","0"
"BR1642.L29 O39 2015","0","0"
"PE2923 .N49 2015","3","0"
"DT510.4 .P65 2015","0","0"
"E175.9 .H38 2015","3","0"
"BD418.3 .Q35 2015","0","0"
"DG677.6 .P47 2015","2","0"
"DF229.T6 N53 2015","3","0"
"DS195.5 M372513 2015","0","0"
"BH39 .F47813 2015","1","0"
"PS3618.I3925 A54 2015","1","0"
"PS3553.A7667 Z54 2015","2","0"
"D810.W7 B49 2015","3","0"
"PR6054.E397 A6 2015","0","0"
"D769.8.A6 B74 2014","0","0"
"PS323.5 .C28 2015","2","3"
"PN3435 .C28 2014","3","1"
"DS835 .W333 2015","3","0"
"PS3602.A3446 D6 2015","2","0"
"E183.7 .E475 2015","2","0"
"E175 .F36 2015","3","0"
"HQ1155 .M38 2015","3","0"
"E540.N3 Q85 2015","1","0"
"PS3603.A89895 A6 2015","1","0"
"E356.N5 H53 2015","2","0"
"PS3607.O632 H43 2015","0","0"
"DH175 .A76 2015","4","0"
"PS3613.O77869 A6 2015","0","0"
"AZ105 .K55 2015","2","0"
"PS3569.H4349 J69 2015","0","0"
"PS3615.S53 A6 2015","0","0"
"BX8762.A45 G443 2015","0","0"
"PS3602.A838 A6 2015","1","0"
"PS3551.N4155 A6 2015","2","0"
"PN1993.5.U65 G6355 2015","0","0"
"BT652.U6 B58 2015","0","0"
"PS374.S735 R67 2015","1","0"
"PS228.R32 R32 2015","7","0"
"PS3557.L294 A6 2015","0","0"
"PS3603.L3634 A6 2015","1","0"
"PS3558.O543 S43 2015","0","0"
"PN3351 .P43 2015","1","0"
"PS3613.C5793 A6 2015","0","0"
"PR3012 .J33 2015","1","0"
"PS3554.I385 A6 2015","0","0"
"PS509.F44 T5 2015","15","0"
"PN3352.M85 D34 2015","1","0"
"BL2527.N64 G63 2015","2","0"
"PR9639.3.S26 Z46 2014","0","0"
"PS3569.O72 W59 2015","0","0"
"BV639.W7 M594 2015","1","0"
"HQ1416 .W656 2015","3","0"
"HQ1460.5 .S64 2015","5","0"
"LA688.C95 D86 2014","0","0"
"U22 .W66 2015","1","1"
"HA4570.2 .M37 2002","2","0"
"DB950.H6 H67 2014","0","0"
"PQ8180.1.N39 E96 1999","1","0"
"DT295 .G79 2014","0","0"
"GN2 .M52 no. 54","0","0"
"HV1559.I7 V59 1998","1","0"
"LC191.8.N6 O23 2014","0","0"
"PQ8550.1.L46 M67 1992","1","0"
"HC432.5.A2 B36 2014","0","0"
"PQ8550.1.L466 C8 1999","1","0"
"PQ2662.E8636 C44 2014","0","0"
"PT2668.A5 I4613 2014","0","0"
"PQ2631.E35 Z48 2014","0","0"
"PQ7820.A38 B38 1990","1","0"
"PK2579.M332 E4313 2013","0","0"
"PQ7820.A497 P6 1986","1","0"
"K3268.3 .A93 2015","0","0"
"E99.C23 A53 2015","1","0"
"HJ6690 .D53 2015","1","0"
"HC605 .C36 2015","2","0"
"LA226 .C87 2015","2","0"
"HC275 .H667 2015","2","0"
"LC3727 .C635 2015","1","0"
"HC240 .F7245 2014","0","0"
"KF223.B6 C66 2015","0","0"
"HD69.C6 S89 2015","0","0"
"JC311 .M24 2015","1","0"
"E98.L3 F58 2015","1","0"
"HD9379.T39 P45 2015","0","0"
"K230.B463 P67 2015","0","0"
"KJC432 .P67 2015","3","0"
"E99.M8 O14 2015","0","0"
"HV2474 .S96298 2015","0","0"
"HV6432 .R547 2015","0","0"
"PN4899.L55 S847 2015","0","0"
"HD8943 .K38 2015","0","0"
"JZ1318 .W444 2015","0","0"
"JF1525.P6 P47 2015","0","0"
"HM851 .P6878 2015","4","0"
"HG231 .S96 2015","1","0"
"P301 .T488 2015","4","0"
"KD610 .S63 2015","0","0"
"HD8085.N49 A33 2014","0","1"
"HB1046.4.A3 N37 1998","1","0"
"PQ7798.421.A89 A6 2013","1","0"
"LC4097.I4 T753 2013","0","0"
"PQ7798.23.A6886 V34 2012","2","0"
"D116 .T96 2014","0","0"
"PN1998.2 .G653 2014","0","0"
"PQ8220.1.L4 D4 2000","1","0"
"PQ2703.U837 J68 2015","0","0"
"PR9499.3.S53 Z74 2014","0","0"
"PR9499.3.D339 I85 2014","0","0"
"HF5415.33.I4 D37 2014","0","0"
"PQ2664.E25 D43 2015","0","0"
"HC437.K67 C43 2013","0","0"
"HD7256.I52 A545 2013","1","0"
"PQ7820 .A328 I5 1995","1","0"
"PQ2661.L357 C53 2015","0","0"
"CC101.I4 P33 2013","0","0"
"PQ2605.A3734 Z58 2013","1","0"
"Z6621.A85 A85 2012","0","0"
"LA1153.7 .A67 2012","0","0"
"HV8248.5 .D67 2012","0","0"
"DS432.M84 B76 2014","0","0"
"PG3470.R77 Z636 2014","1","0"
"PE1068.S595 I28 2012","0","0"
"KZ3881.S23 A23 2013","0","0"
"GR315 .W47 2012","0","0"
"HB3636.4.F3 A63 1995","1","0"
"DS779.28 .Y88 2014","0","1"
"PL3031 H592 X5368 2014","0","0"
"QH77.M4 T36 2012","0","0"
"BQ986.E54 A3 2012","0","0"
"GN2 .M52 no. 55","0","1"
"DS779.46 .X5248 2014","0","0"
"DS779.46 .Y358 2004","0","1"
"DS779.46 .Y35 2012","0","0"
"BS2617 .N66 2014","1","0"
"Z186.5.C5 D47 2015","1","0"
"DS135.T82 I8824 2014","0","0"
"D805.A2 W47 2015","0","0"
"F3429.3.G6 A62 1988","1","0"
"PQ2673.I467 R68 2015","0","0"
"PQ7820.A4 P3 1990","1","0"
"PQ2675.L48 J35 2015","0","0"
"PQ7820.A38 V35 2004","1","0"
"PQ8098.32.A42 S84 2014","0","0"
"LB1570 .R372 2015","2","0"
"CC79.G46 T57 2015","0","0"
"JC251.A74 W35 2015","0","0"
"BF698 .M347 2015","0","0"
"HT169.A77 K66 2015","2","0"
"PN1992.6 .E93 2014","0","0"
"HJ1408 .Z435 2015","0","0"
"HM585 .T76 2015","0","0"
"LA227.4 .C73 2015","1","2"
"HB90 .H37 2015","0","1"
"HD2741 .N87 2015","0","0"
"JA71 .R56 2015","1","0"
"LB1564.I4 C89 2015","0","0"
"JC596.2 .S36 2015","5","0"
"LC1620 .S27 2014","1","0"
"LC3538.A54 T35 2014","3","0"
"HF1600.5.Z4 W56 2015","1","0"
"LC191.9 .E75 2015","1","0"
"HT395.E8 R6313 2014","0","0"
"HV6541.G7 C67 2015","2","0"
"HS418 .S66 2015","0","0"
"JC328.7 .H57 2015","2","1"
"HM1261 .G366 2015","1","0"
"BF327 .H366 2015","2","0"
"HF1776 .N45 2015","0","0"
"PN5377.P6 R63 2015","0","0"
"KF8748 .M475 2015","1","0"
"HC404.Z7 D875 2015","1","0"
"JA85.2.E85 M53 2014","0","0"
"LF3195.S637 M85 2014","0","0"
"JC585 .B559 2015","9","0"
"HF5718 .S565 2015","3","0"
"JF799 .L45 2015","0","0"
"LB1044.84 .M48 2015","3","0"
"BF575.N35 B445 2015","1","0"
"HF5415.2 .S35 2014","0","0"
"HC492 .N4613 2015","1","0"
"JZ5665 .C55 2015","2","0"
"GN482.1 .L36 2015","0","0"
"HD9502.A4992 N49 2015","0","0"
"HQ472.U6 N485 2015","1","0"
"H62 .N67496 2015","1","0"
"HF1746 .H873 2015","0","0"
"JZ1570.A54 B44 2015","0","0"
"HV6301 .R67 2015","0","0"
"JF799 .P6387 2015","1","0"
"LA2317.S89 J36 2014","0","0"
"JN40 .V36 2015","6","1"
"PN4888.T4 L48 2014","1","0"
"JZ1242 .P83 2013","0","0"
"LB2331.65.G7 S29 2015","0","0"
"JZ6009.L29 R44 2015","0","0"
"HD7262 .H67 2015","0","0"
"LB1139.23 .R67 2015","0","0"
"GV1061 .R8346 2015","0","0"
"HN655.2.I56 S73 2014","0","0"
"BF1434.G7 S87 2015","3","0"
"HV6433.A353 R53 2014","4","0"
"K5250 .T46 2015","1","0"
"HG179 .S85 2015","0","0"
"GN325 .T45 2015","2","0"
"HC340.D4 G47 2015","1","0"
"LC67.6 .M88 2015","0","0"
"P119.32.S65 V47 2015","3","0"
"HM881 .W39 2015","0","0"
"JZ6009.M628 W56 2015","0","0"
"PN4900.N35 W75 2015","1","0"
"LB1631 .G736 2015","0","0"
"HD6509.L58 S74 2014","0","0"
"LB1139.23 .G37 2015","1","0"
"KF8775 .C639 2014","1","0"
"HD30.28 .G373 2014","1","0"
"HQ536 .B9 2014","1","0"
"LB1573 .L29 2015","0","0"
"JC179.R9 C686 2015","0","0"
"LB2822.75 .D43 2015","2","0"
"LB1573.5 .K858 2015","0","0"
"LB1573.7 .S73 2015","0","0"
"LB1139.5.L35 S545 2015","2","1"
"LB1050.44 .H39 2014","0","0"
"LC212.9 .E37 2014","1","0"
"LC95.S68 E36 2014","0","0"
"LB1771 .S695 2015","0","0"
"LC237 .K45 2015","0","0"
"LB1047 .E94 2015","0","0"
"HC79.P6 H86 2015","3","1"
"LB2342.9 .H38 2015","0","0"
"LB2824 .H36 2015","7","0"
"LC2670.6 .H595 2015","1","0"
"HA29 .C66 2014","4","1"
"LB1576 .G295 2015","1","1"
"LB1631 .A72 2015","2","0"
"LB1028 .P855 2014","2","0"
"JC585 .F75 2015","0","0"
"LB2844.1.R4 L57 2015","0","0"
"HT371 .L63 2014","0","0"
"P91.25 .G38 2015","3","0"
"LA1131.82 .N48 2014","1","0"
"HF5415.32 .K56 2015","0","0"
"LB3060.83 .B76 2015","2","1"
"LA210 .C54 2015","0","0"
"LA637 .P76 2015","0","0"
"LC4705 .M48 2014","1","0"
"LA217.2 .H63 2015","0","0"
"HT169.I22 R497 2014","0","0"
"K94 .C33 2015","1","0"
"HQ778.5 .C65 2015","0","0"
"JV8760 .T39 2015","1","0"
"LC3727 .S78 2015","1","0"
"HT166 .L93 2015","4","0"
"LB2806 .E4285 2016","0","0"
"BF175.5.D74 F474 2015","0","0"
"HG4515 .N467 2015","0","2"
"KF3471 .W49 2014","0","0"
"PN4784.N48 S76 2015","0","0"
"HV97.C3 R67 2014","0","0"
"LB2351.52.U6 M83 2014","2","0"
"PL2959.5.H825 S858 2011","0","0"
"PQ8098.28.O84 P74 2014","1","0"
"PL2959.5.H825 A6 2010","0","0"
"PQ8098.36.A43 B62 2006","0","0"
"PL2959.5.H85 H66 2004","0","0"
"PQ8098.418.O64 C56 2013","0","0"
"PQ7798.15.N75 C8 2013","1","0"
"PS3566.L27 Z65 2014","0","0"
"PA4407.Q6 C66 2014","0","0"
"D573 .C656 2014","0","0"
"GR72.5 .R47 2014","1","0"
"PR2109 .P15 2015","2","0"
"DS59.A75 H45 2014","0","0"
"PG3314.P483 N55 2014","0","0"
"PL2959.5.H825 W85 2008","0","0"
"PQ2635.O8 F57 2014","0","0"
"DS119.76 .B73 2014","0","0"
"PN6790.C384 B533 2014","0","0"
"PA6613.F8 E7","8","0"
"D548.1 .B47 2014","0","0"
"PL2959.5.H825 J58 2009","2","0"
"PL2959.5.H825 A6 2013","0","0"
"PQ9698.419.N684 P68 2014","0","0"
"PA3873 .A26 1997","0","0"
"DS799.816 .Y356 2008","0","0"
"PQ8098.416.E55 M84 2010","0","0"
"PM6309.5.C53 T38 2000","0","0"
"DS799.82.C437 A256 2015","0","1"
"DS778.M3 J498 2012","0","0"
"BR60 .C6 v. 95, pt. 2","1","0"
"PR6103.O85 A23 2014","0","0"
"JN3971.A98 S612623 2014","0","0"
"PQ8076 .A18 2013","0","0"
"PQ2673.A79 L47 2015","0","0"
"D640.A2 E5414 2014","0","0"
"DS486.I72 V37 2011","0","0"
"VB23 .L3 2015","0","0"
"CN1173.T35 T38 2004","0","0"
"PC2361 .R68 2014","0","0"
"DF221.C8 V64 2014","3","0"
"PT2603.A493 Z67 2014","0","0"
"PC2074 .C53 2014","0","0"
"PS3625.O975 A64 2015","1","0"
"DK265.4 .M64 2015","1","1"
"D743.23 .R365 2015","2","0"
"BX7260.E3 M45 2015","0","0"
"B765.T54 S428 2015","0","1"
"DT60 .H46 2015","0","0"
"DB851 .A74 2015","1","0"
"E185.86 .B53 2015","3","1"
"PN1998.3.A7615 L36 2015","3","0"
"BL1942.85.W65 C43 2015","1","0"
"PR9408.S83 B87 2015","0","0"
"PN1009.A1 J37 2015","3","0"
"DS779.27 .H66 2015","0","0"
"PR2673 .C57 2015","1","0"
"DS796.H7 G572 2014","3","0"
"PN1995.9.M34 B33 2015","2","0"
"D1055 .I52 2015","0","0"
"DS109.8.C54 P56 2015","0","0"
"BP188.8.B54 A83 2015","3","0"
"PR4592.C46 D53 2015","1","0"
"HV6535.G6 T46 2014","0","0"
"PN6071.H727 D65 2015","3","0"
"DA355 .H55 2014","3","0"
"PS3612.A547495 E47 2014","2","0"
"PS153.M56 E83 2015","5","0"
"PR6118.I58 G57 2015","0","0"
"B2430.F724 F5854 2015","3","0"
"PS3619.M58963 F68 2015","1","0"
"E840.8.F72 A3 2015","2","0"
"PS3607.L63 F75 2015","0","0"
"DR486 .F765 2015","0","0"
"D756.5.A7 M67 2015","2","0"
"PC5057 .G56 2015","0","1"
"PR6056.L4 Z837 2015","3","0"
"DD262 .W53 2015","1","0"
"BP190.5.S35 H57 2015","6","0"
"DG445 .G5413 2015","1","0"
"CB203 .S7325 2015","2","0"
"B105.I49 L46 2015","3","0"
"PL2666.C45 Z93 2015","0","0"
"DG677 .B47 2014","0","0"
"DS554.8 .B85 2015","2","0"
"DS119.76 .G38 2015","0","0"
"PS3620.R43 T84 2015","0","0"
"PS3611.E4575 L36 2015","2","0"
"E457.2 .S327 2015","1","0"
"E183.8.C9 H39 2015","4","0"
"PS3552.A784 L57 2015","1","0"
"PN6231.L48 B37 2015","2","0"
"PS3620.R534 L68 2015","2","0"
"PQ2344.Z5 N67 2014","0","0"
"DG457.C47 M3 2015","0","0"
"PR468.A56 P54 2015","2","0"
"PS3553.H473 M765 2015","0","0"
"PR830.L65 B43 2015","5","0"
"B731 .N66 2015","0","0"
"PS3561.E39463 O3 2015","1","0"
"PS3563.A74294 A6 2014","1","0"
"PN1998.3.O98 O85 2015","1","0"
"PS3558.A4637 P48 2015","0","0"
"DS779.46 .P65 2014","1","0"
"BL1812.N86 L5 2015","1","0"
"E457.5 .P894 2014","1","0"
"DF721 .P65 2015","0","0"
"BM520.84 .G55 2015","1","0"
"PN1995.9.P43 S74 2015","1","0"
"BX5107.S4 R45 2015","0","0"
"BT482 .M54 2015","3","0"
"PR2248 .G85 2015","6","1"
"BS646 .R48 2014","4","0"
"HQ1154 .S26 2015","5","0"
"B945.R524 S36 2015","3","0"
"BX4827.M58 S23 2015","1","0"
"DS70.5.E65 K69 2014","1","0"
"PA3014.L49 S45 2015","1","1"
"PR9199.3.F518 S66 2015","1","0"
"PS2853 .R64 2015","2","0"
"BP188.8.M6 B78 2015","2","0"
"PS3614.G97 S95 2015","24","0"
"PJ7694.E8 T35 2014","3","0"
"PS3563.A8357 T66 2015","3","0"
"PE1087 .T73 2015","1","0"
"BL65.P7 T73 2015","0","0"
"PN1993.5.U38 F57 2015","0","0"
"PS3602.A9358 U63 2015","0","0"
"PS3611.H335 U58 2015","2","1"
"DL65 .V548 2015","1","1"
"PS3610.O947 W54 2015","6","0"
"HQ29 .R56 2015","1","0"
"PS3568.O76386 W58 2015","0","0"
"B3376.W564 W5433 2015","2","0"
"PS3618.A8653 A67 2014","0","0"
"PJ3251 .M75 2014","0","0"
"PR9100.7 .A55 2014","0","0"
"PS153.A73 N35 2015","0","0"
"E183.8.A35 A87 2015","0","0"
"PN1998.3.A96 A5 2014","7","0"
"PN1997.2.B533 A44 2014","0","0"
"BS680.S25 M37 2015","1","0"
"PR6120.E655 A6 2015","3","0"
"PS3562.Y4484 A6 2014","1","0"
"BT701.3 .B54 2015","1","0"
"E175.5.W65 D34 2014","1","0"
"PS3604.I2984 C43 2015","2","0"
"PR8865 .C66 2015","3","0"
"PQ3919.B6 Z54 2014","0","0"
"PS3561.O397 D47 2014","1","0"
"PS3611.E8457 D57 2014","1","0"
"PS3606.I7769 E35 2015","1","0"
"PS3601.D5 E44 2014","3","0"
"PS3552.A446 E83 2015","11","0"
"PS3613.I78 F35 2014","3","1"
"PS3619.K556 G44 2014","1","0"
"PR6052.R263 Z643 2014","0","0"
"BX4662 .H34 2014","0","0"
"PJ4564 .R49 2014","1","1"
"PS3619.H45214 I5 2014","1","0"
"BT457 .B78 2014","1","0"
"BS1186 .S3613 2015","0","0"
"PS3523.O46 A6 2015","0","0"
"DS109.93 .J48 2015","1","0"
"PS3608.A89335 L38 2015","2","0"
"PR6052.E3112 L44 2015","1","0"
"PS3612.A9428 L485 2014","2","1"
"BR110 .H38 2014","0","0"
"D23 .G6413 2011","6","0"
"PS3607.R456 L83 2015","5","0"
"PN49 .T34 2014","1","0"
"PS3619.T789 M66 2014","1","0"
"PR9199.4.B6784 M66 2014","0","0"
"PS3620.R54 M67 2014","4","0"
"PS3563.C35254 A6 2014","1","0"
"PR6102.A7834 N85 2014","2","1"
"BR121.3 .J64 2015","0","0"
"PS3619.C425 P37 2014","0","0"
"PL2891.U155 F46213 2014","0","0"
"PQ4874.E326 Z48 2014","0","0"
"PN6110.M3 P64 2015","4","1"
"PS3557.A71464 P68 2014","2","0"
"HQ1154 .M322 2015","1","0"
"D503 .R46 2015","1","0"
"PS3604.I2865 R69 2014","1","0"
"PR4621 2015","2","0"
"PR9199.4.A965 A6 2014","1","0"
"PS3563.A952 S66 2014","0","0"
"PR8835 .S87 2014","0","0"
"PS3613.I78 T35 2014","5","0"
"BR118 .V27 2015","0","0"
"PR9199.3.B423 T46 2015","0","0"
"PA5610.B49 A2 2014","0","0"
"BL625 .H37 2015","2","1"
"PS3571.R74 A6 2015","0","0"
"PS3573.H47445 Z46 2015","3","0"
"DT353 .S56 2015","0","0"
"B595.S894 U55 2014","1","0"
"PS3603.O57 A6 2014","1","0"
"PS3603.A53585 W48 2015","2","0"
"PS3607.R6788 Z46 2015","0","0"
"PQ2673.A7877 L89 2015","0","0"
"PQ4310.C4 C66 2015","4","0"
"F1829.S12 T56 2014","0","0"
"PR9195.72 .B472 2014","0","0"
"GN24 .C53 2014","0","0"
"BX485 .G35 2013","0","0"
"D639.A65 D47 2014","1","0"
"HC340.12 .M3638 2014","0","0"
"BX1749.P4 M43 2002","0","0"
"PG3482.8.R966 V64 2014","0","0"
"N8195.I4 P36 2013","0","0"
"DS767.3 .C358 2014","0","0"
"HF1542.15.C6 Z28 2014","0","0"
"DB2247.N332 A5 2014","0","0"
"DK651.C424 B694 2013","0","0"
"DS134.36 .B62 2014","0","0"
"PT405 .B37 2015","0","0"
"DS915.25 .Y558 2013","0","1"
"GV1060.2.K265 A3 2014","0","0"
"PG2949 .L576 2014","0","0"
"PT5881.12.R65 H688 2014","0","0"
"HD8458.K67 N34 2012","0","0"
"PT2670.E46 Z72 2014","0","0"
"PT2670.E46 Z72 2014","0","0"
"PK2200 .P37 2014","0","0"
"PK2200 .P37 2014","0","0"
"PT313 .H45 2014","0","0"
"PN56.W3 E275 2014","0","0"
"DC611.A556 M68 2015","0","0"
"PT2673.E35 Z88 2014","0","0"
"Z6621.K965 K9 2012","1","1"
"DS485.M28 M367 2012","0","0"
"DS485.M28 M367 2012","0","0"
"DS485.M28 M367 2012","0","0"
"PN56.M87 S68 2014","0","0"
"PL927 .K36 2012","3","0"
"E477.6 .W44 2015","2","0"
"BV193.G7 S25 2015","1","0"
"PL4757 .I38 2013","0","0"
"PQ79 .P275 2014","0","0"
"PL921.7 .K67 2013","1","0"
"G630.A8 S35 2015","0","0"
"DR214.G4 J45 2014","0","0"
"PQ8098.422.A64 N6 2013","0","0"
"PG3229 .I18 2014","0","0"
"DB2218.7 .V42 2014","1","0"
"DK948.8657 .M35 2014","1","0"
"KD3989 .J46 2014","0","0"
"LA2317.C73 W55 2014","0","0"
"D21 .M33 2014","1","0"
"LC2779 .L38 2014","4","0"
"LB3012.2 .C56 2015","2","0"
"DS747 .S29 2013","0","0"
"PQ4684.C8 A2 2014","0","0"
"LB1115 .T73 2014","1","0"
"LB1140.23 .H97 2014","2","1"
"LC196 .E393 2013","1","0"
"LB2395 .S265 2014","1","0"
"HC340.12 .B3913 2014","0","0"
"LC213.2 .L48 2014","5","0"
"D21 .L23 2014","5","0"
"LB2866 .M36 2014","0","0"
"LD729.8 .P83 2014","0","0"
"LC2731 .K57 2013","4","0"
"LA230 .P48 2014","0","0"
"LB1051 .P478 2014","3","0"
"LC1099.3 .R37 2013","1","0"
"D21 .M394 2014","5","0"
"QC16.C457 B675 2014","0","0"
"PG5040.36.V65 N48 2014","0","0"
"PG5039.14.O45 E94 2014","0","0"
"PG5038.D5 M64 2014","1","0"
"PT1110.W64 L58 2015","0","0"
"PN3457 .K53 2013","2","0"
"PT2603.R397 Z797 2015","1","0"
"JN2219.5.I6 C47 2014","0","0"
"DS145 .B47 2015","0","0"
"PT5398 .L36 2014","0","0"
"LB3060.65 .I834 2010","0","0"
"PQ7798.413.A3 R66 2014","1","0"
"HB3717 2008 .A345 2014","1","0"
"DS485.M28 R2273 2014","0","0"
"BL1243.76.R36 J45 2011","0","0"
"PL4754 .M77 2013","0","0"
"HT720 .J49 2013","0","0"
"GR305.5.K265 T46 2013","0","0"
"D106 .K67 2014","0","0"
"DT170 .C64 2014","1","0"
"JN3571 .L55 2014","0","0"
"PL4604 .A72 2013","0","0"
"E855 H477 2015","0","0"
"CT3990.R6 S74 2015","0","0"
"PQ7798.21.E36 R47 2014","0","0"
"PQ7822.C653 O5 2014","2","0"
"PG5038.C475 Z68 2014","0","0"
"DC611.S443 A16 2014","0","0"
"HN670.8.Z9 S62542 2013","0","0"
"DS907.18 .T36 2013","2","0"
"DR3100 .B43 2014","0","0"
"BL1243.76.P852 P573 2012","0","0"
"DS917.35 .K3945 2011","0","0"
"F3271 .P56 2014","0","0"
"HQ1155 .D538 2013","0","0"
"PT36.S53 V66 2014","0","1"
"PT2605.U78 Z48 2015","0","0"
"GR305.5.T3 K36 2013","0","0"
"QH353 .Y36 2013","0","0"
"GR305.5.T3 S85 2013","0","0"
"PL4758.85.S722 P68 2013","0","0"
"PQ2603.L3343 Z685 2015","0","0"
"PL980.13.W65 H35 2011","0","0"
"PL980.13.W65 H35 2011","0","0"
"DB99.1 .G44 2015","0","0"
"PQ2673.U65 Z46 2015","0","0"
"Z929.T8 I55 2014","0","0"
"JN2226 .H28 2014","0","0"
"PQ4863.O48 A12 2015","0","1"
"F2191.B55 R62 2015","6","0"
"PN1995.9.V54 L28 2014","0","0"
"BF531 .N48 2015","2","0"
"HB3636.4.A3 A23 2004","1","0"
"DS486.T4753 M88 2012","0","0"
"DS486.G23 N354 2012","0","0"
"DS484.66.R354 I73 2012","0","0"
"HB1466.4.A3 S56 2005","2","0"
"DS485.M28 C5779 2014","0","0"
"PK1206 .P73 2013","0","0"
"HG8695.7 .G89 2003","1","0"
"PL911 .A5297 2012","0","0"
"DS904 .P3546 2014","0","0"
"PL4754 .M66 2013","0","0"
"BL2236.R58 E53 2013","1","0"
"PK2104.J43 J438 2014","0","0"
"N6739.A98 A4 2014","0","0"
"PN6790.C53 T78 2011","1","0"
"PQ8098.429.O734 I54 2013","0","0"
"PQ7298.422.O94 C37 2014","0","0"
"HD1492.S65 S827 2014","0","0"
"DS904 .C35 2014","2","0"
"DB2649.H7 P65 2014","0","0"
"DS913.27 .Y564 2011","0","0"
"DB2022 .V4785 2014","0","0"
"PL921.7 .K67 2013","1","0"
"GR305.5.T3 P36 2013","0","0"
"GR305.5.T3 P36 2013","0","0"
"PQ7745 .U48 2014","1","0"
"PT2722.H65 G44 2015","0","0"
"N6667.T46 A58 2014","0","0"
"PQ8098.432.I34 S24 2011","0","0"
"PK2098.R45 Z98 2014","0","0"
"PQ8098.413.A92 E65 2014","0","0"
"PK2042 .G66 2011","1","0"
"PQ7291.Y8 Y83 2013","2","0"
"PL8548.5894 .C45 2014","0","0"
"HC140.E5 D47 2013","0","0"
"NX650.H57 K38 2015","0","0"
"PN1997 .J84 2008","1","0"
"PN1997 .F7478 2008","2","0"
"DK510.6 .G545 2014","0","0"
"DK771.A24 V47 2012","1","0"
"Z301.3.H67 A5 2014","0","0"
"PN1997 .J475 2008","1","0"
"PN1997 .T3492 2008","1","0"
"PN1997 .S3819 2008","1","1"
"GB611 .W45 2015","1","0"
"JK1726 .M397 2014","3","1"
"DAW1026 .N388 2014","0","0"
"PG4689 .C467 2014","0","0"
"GF21 .N426 2014","0","0"
"PN1997 .S796 2008","1","0"
"PN1997 .B18 2008","1","0"
"PN1997 .M145 2008","1","0"
"BX583.A97 S388 2014","0","0"
"CS3050.T33 T66 2013","0","0"
"DS715 .Z498 2013","0","0"
"DS747.9.Q254 Y829 2014","1","0"
"PN1997 .E6248 2008","1","0"
"BQ9449.D654 S53233 1988","1","0"
"D1056.2.M87 M36 2014","0","0"
"BQ5005 .K37 1999","0","1"
"PN1997 .M4365 2008","1","0"
"BL1945.W46 W45 2014","0","0"
"F1411 .T463 2014","2","0"
"PQ8097.P322 Z46 2014","0","0"
"LB1731.4 .M4615 2015","1","0"
"D640 .H31 2014","0","0"
"PQ2631.A85 Z635 2011","0","0"
"PQ8098.423.O58 M37 2013","0","1"
"B804 .Y795 2014","0","0"
"DB2238.7 .D94 2014","0","0"
"PQ8098.26.O48 P75 2014","0","0"
"PR2802 .L56 2015","0","0"
"HF1604.J3 S54 2014","0","0"
"PQ8097.N4 Z72535 2014","0","2"
"PR6102.O764 H86 2015","0","0"
"DS751.82 .Y36 2013","0","0"
"DT1420 .O45 2013","4","0"
"PR478.I54 D87  2015","0","0"
"HM636 .C78 2014","0","0"
"PL857.I78 T655 1986","0","0"
"PS3531.O82 D74","1","0"
"PQ8098.23.A667 L84 2014","0","0"
"PQ8098.19.T87 M67 2014","0","0"
"HV6453.C5 L69 2014","1","0"
"PQ2673.O3 P68 2014","2","0"
"PQ8098.36.O64 N66 2014","1","0"
"PQ8498.13.A48 D6 2014","0","1"
"GT3283.A2 Z36 2014","0","0"
"PN56.S25 L53 2014","0","0"
"PQ681 .F53 2014","0","0"
"PN3428 .M53 2014","1","0"
"PQ2702.A24 C64 2015","0","0"
"PQ8497.W4 Z68  2011","0","0"
"DS778.F8 A4 2015","0","0"
"DS778.F8 A4 2015","0","0"
"DS778.F8 A4 2015","0","0"
"PN814 .P64 2014","0","0"
"F3341.T6 S25 2008","2","0"
"LB1139.23 .B76 2014","0","0"
"G140.5 .S583 2014","0","0"
"HC800 .P752 2014","1","0"
"B3317 .B65 2014","1","0"
"D640.A2 C49 2014","0","0"
"PT2607.I6 E3713","1","0"
"DS735 .H246 2014","0","0"
"D640.C68 C68 2014","0","0"
"PN56.F34 B28 2014","1","1"
"HF1456.5.S624 F43 2014","1","0"
"LA563.7 .R65 2014","0","0"
"E184.D6 P46 2006","0","0"
"PQ443 .D68 2014","0","0"
"PG5039.36.A23 Z92 2014","0","0"
"PR503 .N49 2014","0","0"
"PN6790.C53 V53 2011","0","0"
"DS793.K8 W26 2014","0","0"
"PN6790.C53 P377 2013","0","1"
"PQ8098.13.O39 M37 2013","2","0"
"DG675.6 .S66213 2014","1","0"
"BT771.3 .P47 2015","1","0"
"DS559.8.S6 M98 2014","0","0"
"BR1285 .T35 2014","2","0"
"B3376.W564 I57 2014","0","0"
"PL8010 .A376 2014","0","0"
"PN45 .J388 2014","0","0"
"PJ7507 .K53 2015","0","0"
"D843 .I425 2015","0","0"
"D640 .P3395 2014","0","0"
"KJC9520 .H55 2015","0","0"
"DC342.8.L24 L4 2014","0","0"
"PN58 .K47 2015","0","0"
"PQ538 .E97 2014","0","0"
"HD1536.F8 L4 2015","0","0"
"DK268.S8 B47 2012","0","0"
"BX500.C6 B35 2014","0","0"
"DK169.S46 S473 2013","0","0"
"DR536 .R68 2014","0","0"
"HD714 .A82 2014","0","0"
"JZ5595 .M48 2012","0","0"
"DJK27 .K88 2013","0","0"
"DK254.V437 P658 2014","0","0"
"DK511.K176 T38 2010","0","0"
"DK511.T17 P38 2012","0","0"
"UB271.S652 A67 2013","0","0"
"PG3307.S5 Z752 2012","0","0"
"DK511.C37 Z437 2014","0","0"
"PQ2607.E834 Z48 2014","1","0"
"PL4754.T5823 K58 2013","0","0"
"DK510.763 .B455 2014","0","1"
"PL2968.R664 S568 2014","1","0"
"PL2968.R664 S568 2014","1","0"
"PL2968.R664 S568 2014","1","0"
"PL2968.R664 S568 2014","1","0"
"PL2968.R664 S568 2014","1","0"
"PL2968.R664 S568 2014","1","0"
"PL2968.R664 S568 2014","2","0"
"PL2968.R664 S568 2014","1","0"
"PL2968.R664 S568 2014","1","0"
"DK511.K12 V74 2010","1","0"
"BX597.K85 K74 2013","0","0"
"DC235 .P658 2012","0","0"
"PN56.M316 F49 2014","0","0"
"DS371.2 .M357 2014","0","0"
"PQ1461.F8 E8614 2014","0","0"
"PQ2635.O5 Z48 2014","0","0"
"DD259.5 .W48 2014","2","0"
"PR6007.U76 A6 2015","0","0"
"BX597.G48 V65 2015","0","0"
"UB435.R8 K37 2012","0","1"
"NA1197.P4 K89 2014","1","0"
"DS392.2.K3 Z26 2015","1","0"
"CD1735.N59 M36 2015","0","0"
"CD1735.N59 M36 2015","0","0"
"HB3608.2.A3 D465 2009","0","0"
"DK604 .R643 2015","0","0"
"PQ2631.R63 A8283 2014","0","0"
"D805.S65 O75 2006","0","0"
"PL2754.S5 Z878 2014","2","0"
"DK651.P635 R33 2013","0","0"
"DK51 .M89 2013","0","0"
"DK699.N34 M395 2014","0","0"
"HJ1205 .S65 2012","0","0"
"HT145.R9 M89 2013","0","0"
"HF318 .M35 2014","0","0"
"AS262.S4417 N43 2014","0","0"
"BL312 .T668 2014","0","0"
"BL312 .T668 2014","0","0"
"PR8789 .O425 2015","1","0"
"DK511.T7 P527 2014","0","0"
"PN2724.2 .B37 2013","0","0"
"DS776 .L536 2011","0","0"
"DS776 .L536 2011","0","0"
"DS776 .L536 2011","0","0"
"DS776 .L536 2011","0","0"
"DS776 .L536 2011","0","0"
"DS776 .L536 2011","0","0"
"DK511.D2 G37 2011","0","0"
"PL2968.R664 S568 2014","1","0"
"D755.8 .J66 2015","3","0"
"DK254.O4 A25 2014","0","0"
"Z792.B67 C53 2015","4","0"
"DK236.K6 A4 2014","0","0"
"DK254.I46 L62 2014","0","0"
"KLA202 .Z65 2011","0","0"
"KLB3526 .K663 2014","0","0"
"DK169.R8 Z36 2015","0","0"
"PN2728.P585 P65 2013","0","0"
"PH3291.O75 V6717 2013","2","0"
"HF5415.32 .S685 2014","0","0"
"HF3630.2.Z5 Z48 2014","0","0"
"PN56.F4 D49 2015","0","0"
"PN56.I63 I572 2014","0","0"
"PK541.R383 A83 2013","0","0"
"PK2170 .K863 2012","0","0"
"JS7025.R49 A445 2012","0","0"
"PK2042 .P738 2013","0","0"
"PK3800.R34 S253 2013","0","0"
"PK2041 .G39 2012","0","0"
"DS135.E4 M53 2015","1","0"
"PK2098.G8 Z8115 2012","1","0"
"PK2098.12.N26 Z55 2013","0","0"
"PK1931 .U63 2013","0","0"
"GN635.I4 R38 2013","0","0"
"GV928.I4 V57 2013","0","0"
"DK510.763 .T3653 2013","0","0"
"PN1993.5.C9 S465 2014","1","0"
"D792.S65 R473 2013","0","0"
"PR468.W6 S54 2014","1","0"
"PT772 .B365 2014","0","0"
"PL2303 .Z4879 2014","0","0"
"HJ2981 .X84 2014","0","0"
"DS777.488.C48334 A3 2014","0","0"
"DS777.488.C48334 A3 2014","0","0"
"PL1280 .H845 2014","0","0"
"PL2346 .Y843 2014","0","0"
"PL2448 .C3993 2013","0","0"
"CN1161.J5 Z434 2014","0","0"
"DS782.5 .L5 2014","0","1"
"DS793.S5 L82 2014","0","0"
"DS793.L5 L5356 2014","0","0"
"DS793.H6 Y4 2014","0","0"
"DS797.56.N365 N3672 2014","0","0"
"BL1812.S45 S66 2014","0","0"
"HD2100.M363 L57 2014","0","0"
"PL1237 .P35 2014","0","0"
"HT334.C6 C45 2014","0","0"
"PN2859.P66 W35613 2015","0","1"
"HB3636.4.A3 I73 2005","0","0"
"DC289 .S28 2014","0","0"
"HB1323.A22 I7 2005","0","0"
"PS3620.A968 S56 2015","1","0"
"DS721 .Z4466 2013","0","0"
"PR6065.R693 G63 2015","0","0"
"KKX3023.A312013 E47 2014","0","0"
"HC428.Y3 A1744 2014","0","0"
"GN855.C6 X53 2014","0","0"
"PT2662.O77 Z46 2014","0","0"
"BS1415 .O55 2015","0","0"
"BX597.S45 P746 2014","0","0"
"BV4224 .A86 2015","0","0"
"HM477.R8 V74 2012","0","0"
"HV6433.I722 I85495 2015","6","0"
"DK510.35.L35 M87 2011","0","0"
"PR6056.E6193 A74 2014","0","0"
"DK508.848 .T656 2015","0","0"
"HD7049.2 .M37 1993","1","0"
"KF974 .W35 2015","2","0"
"PS3614.E36 A6 2015","0","0"
"PR6105.V35 C76 2014","1","1"
"PS3566.O695 A6 2015","0","0"
"HB1323.C52 I7 2003","0","0"
"PS3605.L417 A6 2015","2","1"
"PR2819 .L55 2015","1","2"
"BD166 .K858 2014","0","0"
"PS3623.O6285 A6 2014b","1","0"
"RA990.I6 S53 1993","0","0"
"PJ6709 .G84 2015","0","0"
"HB3636.4.A3 P57 2003","1","0"
"HB1046.4.A3 M37 2000","1","0"
"PR9499.3.S597 B56 2015","0","0"
"HV7015.15 .K655 2014","0","0"
"PG3491.44.R496 I86 2014","0","0"
"HE8700.9.A65 A73 2014","0","0"
"PJ7950.U733 F55 2014","1","1"
"HB126.J3 Y35513 2015","1","0"
"PG3479.6.A839 B86 2015","0","0"
"HD4456 .M67 2014","0","0"
"DS793.C3 Z383 2014","0","0"
"PQ4183.L4 T35 2014","0","0"
"PG3478.I48 Z737 2014","0","0"
"PQ4634.S222 Z48 2012","1","0"
"DS793.S4 D829 2014","0","0"
"JQ261.A5 J356 2013","0","1"
"PJ3781 .B23 2013","2","0"
"PS3569.T69237 P54 2014","0","0"
"PQ4126.S2 S38 2015","0","0"
"CB430 .C486 2014","0","0"
"PG3453.B84 S5 2014","0","0"
"D810.R33 P57 2015","0","0"
"ZA3250.R7 R67 2013","0","0"
"G69.O75 A3 2015","0","0"
"LB1051 .O27 2014","0","0"
"DD257.2 .W6513 2015","3","0"
"DK504.74 .O75 2014","0","0"
"PH3382.21.O5535 F37 2014","1","0"
"PT2665.I5 K47 2015","0","0"
"PT2662.R87 G43 2015","0","1"
"PQ2707.O28 R66 2014","0","0"
"DK510.762 .P388 2012","0","0"
"HV7911.B855 A3 2014","0","0"
"DB2221.S837 A3 2013","0","0"
"BJ1558.C5 C45 2014","0","0"
"DS195.5 .S79 2015","2","0"
"DS786 .S36 2015","1","0"
"DS555.7 .C74 2015","0","0"
"DS719 .L28 2015","2","0"
"BQ685 .S35 2015","0","0"
"B2949.R3 S49 2015","1","0"
"B2948 .A483 2015","0","0"
"PL747.6 .S88 2015","0","0"
"BT736.15 .B83 2015","2","1"
"DS849.C6 S64 2015","1","1"
"DL321 .A47 2015","2","1"
"DS313 .F37 2015","0","0"
"PA4417 .V36 2015","1","0"
"PS310.P53 M35 2014","1","0"
"B3279.H49 S755 2015","2","0"
"PS3503.I785 Z874 2015","5","1"
"BL432 .M37 2015","2","0"
"PA3131 .M395 2015","2","0"
"DS493.9.T46 S56 2015","2","0"
"PA6095 .F47 2015","1","0"
"DU624.7.J3 O373 2015","1","0"
"B837 .S563 2015","0","0"
"PR448.A77 E79 2015","0","0"
"PN2728.Z87 P881513 2015","0","0"
"PS173.W6 D55 2015","1","0"
"DS797.56.Y374 Y362 2015","1","0"
"PS3623.O723 B43 2014","1","0"
"BP189 .C36 2015","3","1"
"PN1998.3.M684 R47 2015","1","0"
"PS3560.O5395 A6 2015","0","0"
"PS3623.E8748 A6 2014","0","0"
"PR9617.32 .N43 2014","0","0"
"BV823 .L45 2014","0","0"
"PS3607.R5494 A6 2015","2","0"
"DT352.8 .S76 2015","3","0"
"PR9205.4 .M33 2015","0","0"
"BL1930 .C52813 2015","0","0"
"PE1404 .T765 2015","1","0"
"E373 .V23 2015","1","0"
"E185.5 .K78 2015","0","0"
"PL911 .P246 2012","0","0"
"PQ4913.I8 A88 2015","0","0"
"PQ4862.U348 O34 2015","0","0"
"PL965.6 .S66 2013","0","0"
"PQ4113 .C32 2014","1","0"
"PQ4918.O89 S65 2015","0","0"
"GR335 .Y54 2012","0","0"
"Z8142.4 .M35 2014","0","0"
"PQ4841.B3 Z796 2014","0","0"
"PQ4088 .B59 2015","1","0"
"PS3604.E73 F85 2015","0","0"
"PT2664.R324 M45 2015","0","0"
"PT2702.A74 S84 2015","0","0"
"PT2662.L36 W57 2015","0","0"
"PT2601.N34 Z67 2014","0","0"
"DS195.5 .K35 2015","2","0"
"PT2671.O344 D74 2015","1","0"
"DC373.G5 G57 2014","0","0"
"JK1726 .G73 2014","1","0"
"P53.255 .R43 2015","1","0"
"HB887 .A89 2015","0","0"
"PN4784.T4 G84 2015","2","1"
"HG203 .S44 2015","2","0"
"HV7431 .D57 2015","0","1"
"HB3711 .E424 2015","0","1"
"HD9502.A2 L3325 2015","0","1"
"JN34.5 .A48 2015","1","0"
"HB3782 .E92 2015","0","0"
"HD69.P75 M854 2015","0","0"
"HG101 .T34 2015","0","0"
"HM821 .B63 2015","1","0"
"HB615 .H36 2014","2","0"
"HB615 .H36 2015","0","1"
"JV7590 .M4 2015","2","0"
"HT147.I5 T587 2015","0","0"
"K1401 .A957 2015","0","0"
"HQ1031 .S557 2015","0","0"
"JN297.R44 H67 2015","0","0"
"JA85.2.U6 K46 2015","1","1"
"CC135 .Z26 2015","0","0"
"JV6225 .M534 2015","0","0"
"JC423 .T98 2015","0","0"
"HC240.25.S34 N66 2015","1","0"
"LB1715 .P775 2015","2","0"
"HQ801.83 .B69 2015","0","0"
"HD9710.U52 B333 2015","0","0"
"PN1992.5 .S24 2015","0","0"
"HD60 .K396 2015","3","0"
"HM661 .R66 2015","7","0"
"JN238 .B45 2015","0","0"
"HD2368.S6 W56 2015","0","0"
"HD60.5.L29 S77 2014","0","0"
"JV7590 .H45 2015","0","1"
"LB2351.2 .B78 2015","6","1"
"JZ5578 .W66 2015","0","0"
"HD5854.2.J3 G554 2015","0","0"
"LB1029.G3 D52 2015","0","0"
"P51 .L4968 2015","0","0"
"LB3013 .H336 2015","2","0"
"E185.61 .H43 2015","0","0"
"HM1261 .I56 2015","1","0"
"HT147.P27 M46 2014","0","0"
"LB3051 .S865 2014","0","0"
"HM1041 .S63 2015","0","0"
"HN65 .C679 2015","0","0"
"HM585 .L3888 2015","0","0"
"LB1590.3 .C385 2014","0","0"
"LB1029.R4 B787 2015","0","0"
"PN1992.8.M87 K57 2014","2","0"
"LB1028.24 .M40 2014","3","0"
"RC437.5 .W35 2015","2","0"
"LC214.2 .S366 2015","4","0"
"D640 .H3519 2014","0","0"
"DS247.K88 A666913 2015","0","0"
"DF234 .L96 2015","10","0"
"PN1998.3.H58 W64 2015","1","0"
"PN1995.9.D6 R4955 2015","0","0"
"PR173 .A57 2015","0","0"
"PS3555.V2152 A85 2015","0","1"
"BL980.G7 F54 2015","0","0"
"BR133.G61 T73 2015","1","0"
"PR151.P57 B87 2015","4","0"
"AZ186 .C27 2015","2","0"
"PR4560 .H36 2015","1","0"
"PN1009.A1 A25 2015","2","0"
"DA990.U46 C674 2015","0","0"
"BJ1475 .C63 2015","1","0"
"DS734.95 .C76 2015","1","0"
"PS3608.A71573 D45 2015","4","0"
"BP190.5.D73 S57 2015","3","0"
"DS135.B2 E63 2014","1","0"
"PS3552.O87658 E53 2015","5","0"
"DG989.5 .B84 2014","0","0"
"D511 .G24 2015","2","0"
"BX4827.B38 F47 2014","0","0"
"PR6108.A38 F57 2015","0","0"
"P47 .G56 2014","0","0"
"E807.1 .P39 2015","0","0"
"PN1995.9.A3 J66 2015","0","0"
"DA963 .F65 2015","3","1"
"PN1998.3.H84 H66 2015","0","0"
"DS326 .A93 2015","0","0"
"PS3566.I4 A6 2015","0","0"
"E332.25 .H95 2015","1","0"
"DS649.6 .G84 2015","0","0"
"DR590 .L36 2015","1","0"
"PA8390 .N38 2014","0","0"
"DS486.D3 J64 2015","0","1"
"PS3617.U25 N54 2015","2","0"
"PQ22.O8 B27 2014","0","0"
"D182 .H26 2015","2","1"
"PA4279.A75 O3413 2015","0","0"
"PS3619.M5955 Z46 2015","1","0"
"DA676.9.V54 B37 2015","1","0"
"PN1077 .P59 2015","1","0"
"PS3618.U294 P67 2015","1","0"
"HQ281 .S65 2015","0","0"
"DC146.B88 O45 2015","0","0"
"D805.5.R38 H45 2014","4","0"
"PR461 .R44 2015","2","1"
"BL638 .R46 2015","0","0"
"PR9619.4.H48 S43 2015","4","0"
"PS3611.O7433 S86 2015","1","0"
"PN1031 .Y47 2015","0","0"
"PQ2679.E679 S7413 2015","1","0"
"PR9199.4.L384 S76 2015","0","0"
"DS70.6 .T49 2014","0","0"
"PS3503.E4488 A6 2015","0","0"
"PS3503.E4488 A6 2015","1","0"
"PS648.S78 H45 2015","1","0"
"PR9199.3.E26 U53 2015","0","0"
"PS3618.E5749 V35 2015","2","0"
"PR9619.3.M83 W35 2015","2","0"
"PN1998.3.W454 W48 2015","0","0"
"BX2321.S3 M8313 2015","1","1"
"HQ1697 .A27 2015","0","0"
"B128.C314 K56 2015","0","0"
"PR9199.3.U59 A6 2015","0","0"
"PG3476.B78 D66 2014","1","0"
"BL626.3 .F35 2015","0","0"
"PR9639.3.O7 A6 2014","0","0"
"BS2377.3 .F76 2014","0","0"
"PR6068.I292 G56 2014","1","0"
"D210 .S825 2015","1","0"
"DT564 .N46 2014","0","0"
"BT380.3 .L86 2015","1","1"
"PS1294.C63 A6 2015","2","0"
"DA990.C59 R38 2015","0","0"
"PS3610.O434 L68 2015","0","0"
"PS3614.E723 A6 2015","1","0"
"PR6057.A319 Z785 2015","1","0"
"D16.25 .N725 2015","4","0"
"PR9619.4.C656 N69 2014","0","0"
"PS3563.U389 O37 2015","0","0"
"D208 .M377 2015","6","0"
"PS3619.H652 A6 2014","0","0"
"PR6063.A25317 P37 2015","0","0"
"BS2655.T75 H55 2015","1","1"
"PA3827.P8 A35 2014","1","0"
"PS3511.R94 Z794 2015","2","0"
"BS511.3 .O55 2015","0","0"
"PS3553.R295 S44 2015","0","0"
"PN59 .S47 2015","2","0"
"PT3826.W65 S387 2014","0","0"
"PN2595.13.W65 D85 2015","0","0"
"HQ16 .S45 2015","4","1"
"PS3616.O6488 S63 2014","0","0"
"E748.S784 W47 2015","0","0"
"PR6039.O32 Z8137 2015","1","0"
"PS3552.L43 U84 2014","1","0"
"PS3603.O8888 W67 2014","0","0"
"N72.S6 C733 2014","7","0"
"HE8700.9.I5 M57 2013","1","0"
"D838.F8 P54 2014","0","0"
"DG257.3 .M38 2014","0","0"
"PK2038 .V47 2013","0","0"
"DA591.R47 A3 2015","0","0"
"PL980.3 .H375 2014","1","1"
"HQ682.5 .S698 2011","0","0"
"PN2885.H37 S33 2013","1","0"
"D522 .C76 2014","0","0"
"NA9268.7.P96 I44 2011","0","0"
"DS779.49.X53 Y366 2014","0","0"
"PT2666.U15 L54 2015","0","0"
"PQ4839.A374 D84 2014","0","0"
"BD163 .K39 2015","0","0"
"PK1800.7 .G26 2011","0","0"
"PT2682.I39 M59 2015","0","0"
"PT405 .T695 2015","1","0"
"PT2680.N37 A5 2015","0","0"
"HN670.2.Z9 P65 2015","3","0"
"D795.I8 H49 2014","0","0"
"D639.R4 H35 2014","0","0"
"HE3118 .H47 2014","0","0"
"HG979 .D38 2014","0","0"
"PS551 .S564 2007","1","0"
"PQ2613.U43 Z48 2014","0","0"
"PK4994 .B44 2012","0","0"
"PK2916 .P274 2014","0","0"
"PK2041 .P328 2013","0","0"
"PK910 .J445 2012","0","0"
"PK2404 .K35 2013","0","0"
"PR6109.B73 A76 2014","0","0"
"PQ4063 .N37 2013","0","0"
"DB2191.C478 P38 2014","0","0"
"DB2048 .P65 2014","0","0"
"DF505 .H69 2014","3","0"
"BF311 .D54 2014","0","0"
"LC212 .K73 2013","0","0"
"HM851 .S554 2015","1","0"
"DS33.1 .T73 2011","1","0"
"E184.37.H67 A3 2015","0","0"
"PN4888.O85 A55 2010","0","0"
"LB2343.32 .Y67 2014","4","0"
"HT1521 .R313 2013","2","0"
"JC599.E75 E84 2014","0","0"
"PL8513.1 .E73 2014","0","0"
"UC485.F8 C65 2014","0","0"
"DC387 .F35 2014","0","0"
"PQ2631.O84 Z46 2014","0","0"
"JQ1850.A91 A739 2015","1","0"
"JK1968 2014 .K554 2015","0","0"
"GN469 .M67 2015","5","1"
"GV1796.T3 F54 2015","0","0"
"HF3495 .S78 2015","0","0"
"E99.C832 W385 2015","0","0"
"HE2791.B977334 H64 2015","0","0"
"GV1065.23.J3 H38 2015","1","1"
"TX351 .M6613 2015","0","0"
"JC257.O244 P56 2015","0","0"
"KD4645 .G44 2015","0","0"
"GT605 .P36 2015","2","0"
"JK1967 .A57 2015","4","0"
"E99.M48 W454 2015","0","0"
"PN5417.W58 L44 2015","0","0"
"JZ5584.N75 B75 2015","2","1"
"QC903 .C552 2014","2","0"
"JK2281 .C66 2015","2","0"
"HN786.A8 S35 2015","0","0"
"JZ5675 .B76 2015","2","0"
"E99.M19 K575 2015","0","0"
"JK585 .F69 2015","0","0"
"PQ2613.E55 Z46 2014","0","0"
"D570.8.I6 G75 2014","0","0"
"PQ2673.A387 Z46 2015","0","0"
"PK1823.5 .Y25 2013","0","0"
"PQ2649.O8 M434 2014","0","0"
"PQ2713.E755 S48 2015","0","0"
"PQ2671.O84 M66 2015","0","0"
"PQ2662.E45125 F38 2015","0","0"
"PQ3989.3.N76 B47 2015","0","0"
"PQ2676.E424 E8 2015","0","0"
"PQ2683.I2 A5 2015","0","0"
"PQ2722 .A65 G33 2015","0","0"
"PQ2703.H49 D36 2015","0","0"
"PQ2611.R15 Z547 2014","0","0"
"PL857.I78 T639 2008","0","0"
"PG4630 .N57 2014","0","0"
"PL857.I78 T645 2010","0","0"
"PL857.I78 T646 2004","0","0"
"PT2703.A57 N33 2014","0","0"
"DS779.49.X53 L58 2014","1","0"
"DS778.T26 L3  2014","2","0"
"PQ2601.R2 Z62 2015","0","0"
"JQ1509.5.I63 J53 2014","0","0"
"DD290.25 .W45 2015","0","0"
"PQ2631.I354 M47 2015","0","0"
"PL2936.3.O54 M45 2014","0","0"
"PQ2714.O49 Q36 2015","0","0"
"PQ2672.E948 G34 2015","0","0"
"PQ2672.E2145 V55 2014","0","0"
"PQ2704.U343 S65 2015","0","0"
"PQ2719.C463 Z46 2015","0","0"
"R722.32.S35 E43 2013","0","0"
"PL2947.5.U7734 Z36 2014","0","0"
"PQ2702.O755 C66 2014","0","0"
"PL994.415.M52 A3513 2014","0","0"
"PQ2672.O788 B48 2015","0","0"
"PN1993.5.F7 K83 2014","0","0"
"PQ2631.I637 V68 2015","0","0"
"PQ2678.A455 M35 2015","0","0"
"PQ4870.A4 S6 2014","0","0"
"DD229 .S56 2014","0","0"
"PJ7814.R4225 T38 2006","0","0"
"PJ7838.B7173 D53 2013","0","0"
"PJ7862.A5237 T34 2012","0","0"
"PJ7914.N88 Y3 2012","1","0"
"PJ7942.A56 M37 2014","1","0"
"PJ7974.U874 A62 2008","0","0"
"PQ8098.412.E77 N36 2014","0","0"
"PQ8098.416.E55 C58 2012","0","0"
"PA5610.K39 V56125 2009","0","0"
"PE64.N34 A3125 2011","0","0"
"B3313.A43 A7 2007","0","0"
"BL2015.P45 .I58 2011","3","0"
"PR6029.R8 A5125 2014","0","1"
"PL992.58.S775 N3213 2014","1","0"
"PL992.38.Y64 T7813 2014","1","0"
"DK510.763 .G8455 2014","1","0"
"PL994.67.H94 T6613 2014","1","0"
"PQ9697.R254 Z519 2012","0","0"
"PG3327.A7 U5 2013","0","0"
"PL994.656.H85 K5613 2014","1","0"
"BD218.5 .K54 2014","1","0"
"PQ4841.I4 Z88 2015","0","0"
"PL994.96.I49 P5213 2014","1","0"
"PL992.78.Y65 P8513 2014","1","0"
"PQ7082.P7 M5189 2014","0","0"
"PT1231.W37 G43 2015","0","0"
"F2538.25 .R45 2014","1","0"
"PL994.2.M54 B3513 2014","1","0"
"D16.8 .W56 2015","0","0"
"B829.5 .G54 2015","0","0"
"BD313 .A84 2015","0","0"
"PN1995 .K6574 2015","0","0"
"DT433.545.E27 A39 2015","1","0"
"BJ1114 .B26 2015","0","0"
"DG59.D3 Z448 2015","0","1"
"PG5039.21.U6 N4125 2013","0","0"
"PL994.415.S86 A4813 2014","1","0"
"HC140.E5 D53 2014","0","0"
"E876 .A557 2015","0","0"
"PQ8098.14.I15 S57 2012","0","0"
"PQ8098.423.U55 E94 2014","0","0"
"PG5039.21.U6 Z3125 2014","0","0"
"Z670.A3 H36 2014","0","0"
"DT1803 .E44 2015","0","0"
"PS3608.O832 K58125 2010","0","0"
"D640 .B561 2014","0","0"
"D761.9.A63 H37 2014","0","0"
"DR603 .N64 2014","0","0"
"D522 .L26 2014","0","0"
"JC585 .M6125 2013","0","0"
"PQ2704.E89 J68 2014","0","0"
"HD6698.M5 E63 2014","0","0"
"PQ8098.415.S87 H66 2013","0","0"
"PT2662 .I3 2015","0","0"
"PN6790.C474 D53 2011","1","0"
"PS3552.R685434 D54125 2005","0","0"
"DS134.3 .S76 2013","0","0"
"DD801.T48 A94 2014","0","0"
"PL958.6 .P37 2015","1","0"
"PG2630 .N6982 2009","0","0"
"PG2630 .N6982 2009","0","0"
"PQ4322.A7 A11 2002","0","0"
"DL65 .V47 2014","2","0"
"PS3552.R685434 I54125 2013","1","0"
"D548 .J25 2014","1","0"
"PG1418.A6 N3125 2009","1","0"
"PQ8180.17.A73 C5125 2010","1","0"
"PQ8097.L47 N33 2013","0","0"
"DR486 .H58 2014","0","0"
"DK254.P255 A3 2014","0","0"
"DK254.P255 A3 2014","0","0"
"BD166 .D86 2013","0","0"
"PG5039.21.R9 Z565 2014","0","0"
"PQ2605.A3734 E8125 2013","0","0"
"PL994.19.U59 C4813 2014","2","0"
"DT573.5.F8 M64 2014","0","0"
"D764 .V457 2011","0","0"
"PQ9281.A66 E5125 2010","0","0"
"PQ8098.428.O3 A85 2014","1","0"
"PQ3949.C44 Z773 2014","0","0"
"HQ1064.M6 V45 2013","0","0"
"PG3482.U747 N459 2014","0","0"
"DR46 .A44 2014","0","0"
"PG3482.5.N69 Z47 2015","0","0"
"PG3479.4.U485 V67 2014","0","0"
"PG2950 .K528 2014","0","0"
"PG3056 .B4487 2014","0","0"
"PG3337.L43 B655 2014","0","1"
"F1333 .R36 2014","0","0"
"PG3481.6.U18 U34 2014","0","0"
"HC140.E5 M57 2013","0","0"
"DD260.8 .W536 2012","0","0"
"PG3482.5.T44 Z36 2014","0","0"
"PT2653.W42 Z81734 2014","0","0"
"PC4834.Y8 R46 2013","1","0"
"PL992.415.S5619 N86 2013","0","0"
"PL992.24.S65 O38 2013","0","0"
"BL65.P7 R66 2013","1","0"
"PG3481.4.A346 P57 2013","0","0"
"GV1065 .P66 2015","0","0"
"PG3479.4.Y488 A6 2015","0","0"
"CB353 .M42553  2015","2","0"
"PG3328 .G687 2015","0","0"
"PL992.96.S64 Y8813 2014","0","0"
"F1435.3.D84 R58 2012","0","0"
"D640 .M693 2014","0","0"
"PQ8098.417.O73 C76 2013","0","0"
"D545.N4 S44 2014","0","0"
"DR544 .A77 2015","0","0"
"PG3478.L4258 N459 2014","1","0"
"PG3492.56.Z66 D47 2014","0","0"
"DK264.8 .S86 2014","0","0"
"D744.55 .H84 2015","0","0"
"B3209 .B831 2015","0","0"
"DT266.7 .B23 2014","0","0"
"D522.42 .B42 2014","0","0"
"D24.5 .S83 2014","1","0"
"D860 .D433 2014","0","0"
"PQ8054.P7 E46 2010","0","0"
"F3100 .H4618 2007","0","0"
"BF108.S63 A84 2001","0","0"
"BX597.S64 I64 2011","0","0"
"DT137.W4 E876 2014","0","0"
"PQ9698.13.O3546 A44125 2014","0","0"
"DK651.M866 K67 2014","0","0"
"PJ7846.A46 S9 2015","1","0"
"PL73.I89 A3 2013","0","0"
"PQ8098.428.I95 F86 2012","0","0"
"PJ7846.A46 Q3 2013","0","0"
"NX460.5.E95 S64 2014","3","0"
"PJ7846.A46 M28 2015","0","0"
"PL1125.E6 T74 2014","2","0"
"PJ7846.A46 B3 2014","1","0"
"GN21.S885 M45 2014","0","0"
"N9150 .V83 2014","1","0"
"PL994.613.K3 P6813","0","0"
"PL992.17.K96 N29 2013","1","0"
"DC736 .M45 2014","0","0"
"PN6790.C53 T782 2013","1","0"
"PJ7950.U733 T87 2014","1","0"
"HN300.Z9 S627 2014","0","0"
"DT324 .C394 2014","0","0"
"PJ7814.S514 T49 2014","1","0"
"PL994.62.M56 K88 2013","0","0"
"PJ7814.S514 T36 2015","0","0"
"D569.I8 A42 2013","0","0"
"PQ7296.J6 Z6438 2015","2","0"
"PJ7864.A357 W34 2014","1","0"
"DG975.F85 E395 2013","0","0"
"DG569.5 .A945 2013","0","0"
"PJ7858.A6 Q25 2014","0","0"
"PN1998.3.S54 R63 2015","0","0"
"D546 .L43 2014","0","0"
"PG3492.6.E243 G64 2014","2","0"
"PR6068.O183 A6 2014","0","0"
"DB2624.G4 C84 2014","0","0"
"PJ7820 .A54 2012","0","0"
"F3271.42.C4 B87 2009","3","0"
"PL994.415.A37 S66 2013","0","0"
"D680.B4 Y65 2014","0","0"
"D640.A2 V45 2014","1","0"
"DG499.U5 D86 2015","3","0"
"PJ7858.A6 Y39 2013","0","0"
"PQ146 .G736 2014","0","0"
"PL992.74.C5 M85 2013","0","0"
"CT1213 .D366 2014","0","0"
"PQ8097.R7828 O7 1956","0","0"
"PL856.U673 U48125 2013","1","0"
"GN482 .L36 2015","6","0"
"PG3444.P48 G645 2014","0","0"
"PM5576 .C27 2001","0","0"
"DK275.K687 A3 2014","0","0"
"PL992.415.C529 T6213 2014","0","0"
"PJ7840.A289 F37 2013","0","0"
"GT2850 .O36 2015","2","1"
"PG3492.56.L56 N38 2014","0","0"
"DD289 .A284 2015","0","0"
"PG3492.56.T54 T68 2014","0","0"
"JV7590 .F38 2014","2","0"
"PJ7840.A289 R54 2013","0","0"
"DA110 .A45 2015","0","0"
"DA960 .F47 2015","0","2"
"PG3453.B9 Z7283 2014","0","0"
"PL992.96.Y6 S3713 2014","0","0"
"PJ7938.S238 A67 2014","0","0"
"PN2494.J37 S47 2014","0","0"
"HB501 .T664 2015","5","0"
"PN6790.C53 T78 2013","0","0"
"PJ7938.S238 K33 2014","0","0"
"PL992.2.C48 P6413 2014","0","0"
"PQ8098.26.A4 M8 2014","0","0"
"PJ7864.A357 H82 2008","0","0"
"PQ8098.412.I82 T39 2014","0","0"
"HD8438.V54 L48 2014","0","0"
"D545.V3 P22 2014","0","0"
"PQ7798.17.A4653 M4 2013","0","0"
"PN2859.C96 K5255 2014","0","0"
"PJ7840.U38 A73 2010","1","0"
"D569.G7 B655 2013","0","0"
"PJ7942.H3543 Q28 2014","1","0"
"TR647 .H64 2013","0","0"
"PQ4829.A76 Z7135 2014","0","0"
"HD8118.5.A2 M37 2010","3","0"
"JL1456 .F87 2008","0","0"
"D524.7.F8 H37 2014","0","0"
"PG3476.D6 Z464 2014","0","0"
"RM666.G488 I75165  2014","0","0"
"PQ8097.E19 I58 2012","0","0"
"D640.L3595 A3 2014","0","0"
"LE7.M22 U658 2013","0","0"
"BX595 .V433 2014","0","0"
"PN6071.B5 B6 2014","0","0"
"PG3016 .M384 2014","0","0"
"DC801.A65 A83 2014","0","0"
"PQ7298.413.E57 I58 2014","0","0"
"PG3482.6.H2744 Z48 2014","0","0"
"HQ1075.5.M6 R45 2013","0","0"
"PG3481.E75 A6 2014","0","0"
"TS1092 .P37 2015","0","0"
"BL2530.M4 V37 2013","0","0"
"PG3328.Z6 K44 2013","0","0"
"PQ8498.418.E77 M86 2013","0","0"
"PL2969.G86 D536 2014","0","0"
"PG3476.C49 Z597 2014","0","0"
"D550 .P4774 2014","0","0"
"PG3415.E8 G67 2015","0","0"
"PQ9698.416.A275 D47 2012","0","0"
"B2844.A63 S49 2014","0","0"
"B4267 .I97 2013","0","0"
"GR133.B62 N673 2013","1","0"
"PQ8097.E19 I47 2012","0","0"
"PG3476.C49 Z77 2014","0","0"
"PR6118.O37 H68 2014","0","0"
"PN2859.C96 D877 2014","0","0"
"DB860 .K25 2014","0","0"
"BX1069.5 .E33 2014","1","0"
"PG3016 .I935 2015","0","0"
"CT1218.B35 A3  2014","0","0"
"BX597.S3737 V42 2013","0","0"
"JF1032 .B78 2014","0","0"
"DK511.V65 B82 2013","0","1"
"UB271.C952 V674 2014","0","0"
"PR6058.A678 B44 2014","1","0"
"PR6058.A678 B44 2014","0","0"
"PG5038.S45 Z747 2014","0","0"
"DB2244.7 .K455 2014","0","0"
"PN1995.9.S58 T43 2014","0","0"
"PN68.2 .H54 2014","0","0"
"HB3593 .B63 2014","0","0"
"N9155.F7 W37 2014","0","0"
"D247 .P46 2014","0","0"
"PJ7914.L93 Q63 2014","1","0"
"DR37 .K674 2014","1","0"
"PJ7820.A7 K33 2013","0","0"
"PL2936.3.O54 Y45 2014","1","0"
"HM131 .R46 v. 43","0","0"
"PQ2708.O873 G55 2015","0","0"
"PJ7928.L34 M87 2013","0","0"
"BF637.B85 M47 2015","0","0"
"JF1525.P85 P83 2015","0","0"
"TS157 .W57 2015","1","0"
"PQ2603.O533 A6 2014","0","0"
"HE310.L7 H63 2014","0","1"
"HX546 .M37 2015","0","0"
"LA217.2 .N46 2015","0","0"
"PJ7826.H5 Z23 2013","0","0"
"HC845 .R45 2014","2","0"
"BX830 1962.A45 C79 2014","2","0"
"HF3848.C6 X87 2014","0","0"
"LA839.5.T38 S355 2013","0","0"
"LC191.4 .G67 2014","0","0"
"D522 .B487 2014","0","0"
"LC67.58.D4 B64 2014","0","0"
"PG3465 .A28 1997","0","0"
"LB1119 .C45 2014","0","0"
"PJ7914.T86 Y3 2014","1","0"
"HD4851 .A48 2015","0","0"
"HN310.M4 M33 2015","3","0"
"PA4497 .L79 2015","1","0"
"PJ7842.A5 A73 2011","0","1"
"PQ2682.I79 D58 2015","0","0"
"PJ7962.H553 H39 2014","0","0"
"D757.56 7th .S76 2014","1","0"
"DK42 .R818 2004","0","0"
"PG3114 .B949 2001","0","0"
"PR6068.O93 C37125 2013","0","0"
"LB2806.36 .A38 2015","1","0"
"BP163 .M336 2013","0","0"
"DD247.N54 N54 2015","0","0"
"DA208 .M67 2015","0","0"
"PG3492.34.A23 I46 2014","0","0"
"HV8599.G8 A76 2015","0","0"
"PQ2337.L456 Z95 2015","0","0"
"PG3467.K6 Z7258 2013","0","0"
"PN3373 .I75 2015","1","1"
"PN56.M95 S96 2014","0","0"
"PR9354.3 .H67 2015","1","0"
"P99.4.S62 F73 2015","0","0"
"PQ2719.E388 V68 2015","1","0"
"HC287.S5 M97 2014","0","0"
"PG5039.3.O65 O2 2014","0","0"
"DC235 .B4963 2014","0","0"
"HD9576.C62 L553 2014","0","0"
"B5242 .J5434 2014","0","0"
"PR6053.A714 Z57 2014","0","0"
"PG5040.3.U337 S87 2014","0","0"
"PG5040.14.E54 M9 2014","0","1"
"PG3491.3.Z376 K25 2014","0","0"
"DK38.7.G47 T477 2014","0","0"
"DU29 .S45 2015","1","0"
"PN1995.9.C546 G65 2015","0","0"
"D568.2 .H33 2014","0","0"
"DS706 .T38 2014","0","0"
"D545.M59 E88 2014","1","0"
"PN6714 .G73 2014","1","0"
"HM881 .M63 2015","1","0"
"UC335.C6 Z44 2013","0","0"
"PQ2673.E7244 R43 2015","0","0"
"PS121 .E28 2015","0","1"
"BS1465.53 .M677 2015","0","0"
"PN56.M35 P65 2014","0","0"
"KNP46.8 .C465 2014","0","0"
"PR6066.I53 Z6678 2014","0","0"
"D517 .A15 2014","0","0"
"PS153 .I8 G582 2002","0","0"
"PL3031.T3 L5425 2011","1","0"
"DG68.1 .T66 2014","2","0"
"UA709 .M47 2014","1","0"
"DS734.95 .K84 2014","0","1"
"DS778.D46 D56 2014","0","0"
"UA703.A7 112th G33 2014","0","0"
"D528 .C37 2014","0","0"
"D627.G3 M29 2014","1","0"
"HG4521 .L88 2014","1","0"
"JV8741 .K46 2013","0","0"
"DA564.B3 H39 2015b","1","0"
"D568.3 .S34 2014","0","0"
"DS799.82.C43443 W825 2014","1","0"
"PS193 .H64 2015","3","1"
"D592.D4 M48 2015","0","1"
"D764.3.M6 S819 2015","1","0"
"B1302.E65 Z37 2015","1","0"
"D810.V42 J37 2015","1","0"
"DS881.5.K86 N46 2015","1","0"
"DS777.75 .W343 2015","4","1"
"PN6110.P7 N465 2015","0","0"
"E470 .H59 2015","4","0"
"F1376 .R53 2015","2","0"
"P306.8.J3 C54 2015","2","0"
"PR4592.E25 W66 2015","0","0"
"F1034.2 .J44 2015","0","0"
"F229 .S245 2015","2","0"
"PE1369 .T66 2015","0","0"
"PR6003.R4 Z693 2015","0","0"
"PN2928.Y276 A313 2015","1","0"
"PQ528 .F74 2015","3","0"
"DP269 .C2747 2015","3","2"
"DS775.2 .R65 2015","1","1"
"DS856.3 .S76 2015","2","1"
"PS3525.A7525 Z59 2015","0","0"
"E745.T78 F47 2015","2","0"
"PN56.C55 H79 2015","1","1"
"BD638 .M364 2015","7","0"
"PS3346 .S33 2015","1","0"
"D767 .M94 2015","2","0"
"BH301.P45 B73 2015","2","0"
"D121 .R37 2015","4","0"
"HQ1735.7 .H62 2015","0","0"
"B3209.B584 S635 2015","1","0"
"E470 .J36 2015","2","2"
"BR65.A62 R55 2015","1","0"
"BD168.C5 A45 2015","1","0"
"BX1536 .F38 2015","2","0"
"DS149 .N8927 2015","0","0"
"PS3616.A368 A6 2014","0","1"
"PR6019.O9 U6323 2014","0","1"
"PR4037 .T63 2015","2","1"
"PS3553.H4897 C66 2015","0","0"
"PN1998.3.R633 C86 2015","1","0"
"BL2057.C36 H67 2015","0","0"
"PS3552.O5943 A6 2015","1","0"
"PS3613.A7827 A6 2015","1","0"
"DP86.M38 I5 2015","1","0"
"PS3553.H357 A6 2015","1","0"
"PS3603.A445 A6 2015","0","0"
"PN228.M4 D65 2015","3","0"
"PS3573.O5295 A6 2015","1","0"
"PN1993.5.N55 T85 2015","0","0"
"PS3615.T74 A6 2015","0","0"
"E185.18 .C62 2015","4","1"
"PQ4907.H48 R4413 2015","2","0"
"PS3607.R3889 A6 2015","3","0"
"PS3608.U353 A6 2015","0","0"
"PQ2411 .S813 2015","1","0"
"PN1995.9.E38 Z56 2015","4","1"
"PS3611.A456 A6 2015","0","0"
"PS3573.E8227 A6 2015","0","0"
"F1418 .U82 2014","0","0"
"PS3556.I457 A6 2014","0","0"
"HQ1438.A127 W66 2015","3","0"
"PS536.3 .W685 2015","2","1"
"PQ1860 .C35 2015","0","1"
"BL1900.C576 Z4945 2015","2","2"
"D840 .S5823 2014","0","0"
"DC305.1 .B374 2014","1","0"
"PS3568.O855 Z57 2015","0","0"
"BX1749.P4 M43 2002","0","0"
"D763.P8 N37 2014","0","0"
"NA6165 .R36x 2014","0","0"
"D762.P3 C45 2014","0","0"
"PQ4689.U63 N47 2014","0","1"
"PL2749.C8 Z968 2014","0","0"
"F3060 .C36 2014","2","0"
"F3431 .L96 2014","0","0"
"PQ2719.T8 P76 2015","0","0"
"D640.A2 A15 2014","0","0"
"PL2878.N524 H4 2014","0","0"
"D569.G7 B33 2013","0","0"
"F1391.C2 O75 2012","1","0"
"BX601 .U725 2014","0","0"
"B127.N4 C497127 2014","0","0"
"UA742 .L67 2014","0","0"
"PQ8098.423.U55 M37 2012","0","0"
"BP163 .Q8 2012","0","0"
"D522 .G555 2014","4","0"
"E475.27 .F73 2015","0","0"
"PJ7842.A5 Z48 2014","1","0"
"B128.C8 Z583 2014","0","0"
"BP186.4 .U43 2014","1","0"
"B2430.D484 A5 2014","1","0"
"DS755.3 .S43 2014","0","0"
"PA8502 .E5 1974","1","0"
"DK651.K2 A238 2013","0","0"
"DC34.5.M87 K37 2014","0","0"
"PG3452 .A1 2007","0","0"
"DC134 .P47 2014","0","0"
"PR4584 .C58 2013","0","0"
"DS135.U4 D658 2014","2","1"
"PQ4174 .R34 2014","0","0"
"B126 .O824 2014","0","0"
"PN1998.3.D33 D36 2013","1","0"
"PQ4177 .M38 2015","0","0"
"DK651.P8 M452 2014","0","0"
"PQ305 .I77 2014","0","0"
"PA6768 .C86 2014","0","0"
"DK510.34 .Y36 2014","0","0"
"DK510.34 .Y36 2014","0","0"
"CS584 .B68 2014","0","0"
"BF57 .M37 2015","0","0"
"PQ2718.E24 A8 2015","1","0"
"Z368.K5767 K65 2014","1","0"
"PS3569.I48764 B76 2014","1","0"
"BP89 .B66 2014","1","0"
"JF515 .P76 2015","1","0"
"PR6116.E775 B43 2015","0","0"
"PQ3989.2.A5 Z46 2014","0","0"
"BX729.5.A4 N68 2014","0","0"
"DK510.23 .V45 2014","0","0"
"DS119.76 .B375 2013","0","0"
"PJ7814.S514 Z46 2013","1","0"
"DC407.M4 C43 2015","0","0"
"PC4074.85 .A378 2015","0","0"
"PS3551.B2 Z66 2015","1","0"
"E185.615 .S556 2015","0","0"
"CT275.P5695 A3 2015","2","0"
"GV915.P54 A3 2014","2","0"
"DS779.49.C54 A3 2015","2","0"
"F444.M575 B435 2015","1","0"
"PR9199.3.G374 B43 2015","0","0"
"PN1997.M68 L38 2015","0","0"
"CB354.3 .D63 2015","1","0"
"F2538.3 .F736 2015","0","0"
"DF503 .B9825 2015","0","0"
"PN1995.9.C45 C463 2015","0","0"
"PL4001.B16 F82 2015","0","0"
"PN1995.9.R3 L35 2015","1","0"
"PN1995.9.C55 F86 2015","0","1"
"PE1068.A7 C66 2014","0","0"
"PC3942.13.A25 J62513 2014","1","0"
"PR120.B55 G63 2015","0","0"
"PS3573.H47473 C83 2015","3","0"
"AZ362 .N53 2015","1","0"
"PN1993.42.A47 D68 2015","1","0"
"PS3554.O798 A6 2015","3","0"
"B72 .B73 2015","3","0"
"D117.A2 P94 2015","6","0"
"D764 .M82213 2015","1","0"
"PS3610.O385 A6 2015","1","0"
"BS2589 .B44 2015","4","0"
"PQ145.6.T7 L66 2015","3","0"
"PR658.G46 M35 2015","1","0"
"PS3611.E4443 G57 2015","2","0"
"PT7511.J53915 H5713 2015","2","0"
"PS3525.I5454 Z694 2015","1","0"
"BL980.P6 P37 2015","0","0"
"DS79.769 .I76 2015","0","0"
"HQ76.3.U5 S535 2015","1","0"
"BT218 .E38 2015","1","0"
"PR3729.T4 A6 2015","0","0"
"E605 .G35 2015","1","0"
"D1053 .L59 2015","0","0"
"PQ4055.W6 W68 2014","0","0"
"E457.5 .M37 2015","1","0"
"HQ1237.5.G7 T88 2015","0","0"
"BS2575.52 .M24 2015","1","0"
"DS888.25 .M43 2015","0","0"
"BJ1188 .W35 2015","1","1"
"PN56.M54 F74 2015","3","1"
"PN1995.9.D6 C4345 2015","0","0"
"PS366.A35 C88 2015","0","0"
"PA847 .D38 2015","0","0"
"PS3553.O4725 A6 2015","0","0"
"BS2675.52 .H6 2015","1","0"
"PN2904.2 .P475 2015","0","0"
"E457.6 .L84 2015","0","0"
"PN56.O69 H37 2015","3","0"
"PN1136 .J37 2015","3","0"
"PQ6134.T73 H37 2015","2","0"
"BD161 .G743 2015","0","0"
"DS61.85 .R44 2015","2","0"
"PQ8098.12.O38 Z79 2015","2","0"
"PS217.R6 R56 2015","1","0"
"HQ1240 .R68 2015","4","0"
"B1649.R964 R95 2015","0","0"
"D639.C75 D69 2015","1","0"
"PR2976 .S3338 2015","4","0"
"PS3610.O97 S63 2015","1","0"
"PS3611.U7386 A6 2015","3","0"
"BP10.T323 P54 2015","0","0"
"DS779.23 .H83 2014","1","2"
"D767.25.T6 S37 2015","2","0"
"BS1136 .B667 2014","0","0"
"PN2053 .S295 2015","0","0"
"F1975.A45 D46 2015","5","0"
"DJK50 .C78 2015","1","0"
"PR6118.H48 W56 2015","0","2"
"PR2991 .P16 2015","7","1"
"PS3562.E426 W67 2015","6","1"
"PN2071.P78 F53 2015","1","1"
"PR6061.E78 A64 2014","2","0"
"PN2297.T46 H46 2014","0","0"
"PS3604.E888 A6 2014","1","0"
"BR205 .P47 2015","0","0"
"PL849.N4 C5337 2015","0","0"
"PQ2667.A97472 B54 2015","1","0"
"PS3602.O82 B56 2015","2","0"
"PS3565.H296 B66 2014","3","0"
"PS3563.A8993 A6 2014","0","0"
"PL2518 .C65 2014","1","2"
"DT145 .C67 2015","0","0"
"HQ76.3.G7 R44 2014","0","0"
"PN4871 .L56 2015","0","0"
"DS730 .Z364 2015","3","0"
"BX4827.B3 H864 2015","0","0"
"PS3561.L5 A6 2015","3","0"
"PS3557.L65 F36 2014","0","0"
"DT387.8 .L34 2015","0","0"
"PR9199.3.M42378 F57 2014","0","0"
"PS303 .G73 2015","1","1"
"PR6102.O96 H57 2015","0","0"
"PS3558.A8378 A6 2015","7","0"
"PS3551.C44 Z48 2015","0","0"
"B5310 .A34 2014","0","0"
"DA28.35.W54 F75 2014","0","0"
"D16.8 .P339513 2015","1","0"
"PS3603.R3855 L37 2014","1","0"
"AM342 .L53 2013","2","0"
"BS1235.52 .W35 2015","4","1"
"PS3613.E493 O25 2015","2","0"
"PS627.O53 O349 2015","2","0"
"PS3602.U8436 O57 2014","0","0"
"PS3619.I55236 A6 2014","0","0"
"BR1720.J59 T86 2015","1","0"
"BL265.P4 K67 2015","1","0"
"BS1335.52 .J67 2015","0","0"
"HQ1154 .W466 2015","2","0"
"BL2532.R37 M53 2015","3","0"
"PS3563.A2335 A6 2015","0","1"
"PN1995.9.S45 F68 2015","2","1"
"PR9199.4.M5656 S64 2015","0","0"
"B2430.S7523 E8313 2015","3","0"
"PQ3949.B43 S7413 2014","1","0"
"PR830.C513 E45 2015","4","0"
"DR2087.6.A76 B44 2014","2","0"
"PR2833 .L56 2015","3","0"
"BR65.G32 L4813 2014","1","0"
"PE1404 .T69 2015","1","0"
"BT111.3 .B85 2015","2","0"
"PR6111.I536 U53 2014","4","0"
"PR9199.3.M593 A6 2015","1","0"
"PS3610.O62755 V48 2015","0","0"
"BT615 .G46 2015","0","0"
"PR6118.O85 A6 2015","1","0"
"PS3562.E426 W67 2015","3","0"
"PS3612.A28 W69 2015","2","0"
"PS3623.A8683 A6 2014","0","0"
"PS3603.O8888 A14 2014","4","0"
"PN2041.A57 D397 2013","0","0"
"DF895 .N55 2014","0","0"
"PQ8091.C47 C67 2014","0","0"
"BP170 .I94125 2014","0","0"
"LE7.M2k H66 2013","0","0"
"B2799.E8 K56 2015","0","0"
"JQ3831 .Z385 2013b","0","0"
"PT2639.T4 Z68 2014","0","0"
"PG3476.T749 Z47 2015","0","0"
"D412.7 .D47 2014","0","0"
"PN2287.W452 B37 2015","0","0"
"PR9199.3.L355 I5 2015","1","0"
"JC599.S65 B454 2014","0","0"
"PQ4204.A9 R66 2014","0","0"
"BD511 .N47 2015","0","1"
"E885 .B69 2015","1","0"
"F3451.A4 A439 2013","0","0"
"PL2521.C54 X8284 2014","0","0"
"RC451.4.T67 A3618 1996","0","0"
"BS2825.55 .N49 2015","0","0"
"D510 .C65 2014","0","0"
"PQ8097.G6 P6 2013","0","0"
"F2519.1.A6 P358 2013","0","0"
"HV28.R36 T395 2013","1","0"
"GV1785.T753 Y67 2014","0","0"
"DS432.C537 T49 2012","0","0"
"PL3031.T3 J625 2014","0","0"
"PM6308.5 .C37 2013","0","0"
"F2538.25 .N36 2014","0","0"
"BD113 .G89 2014","0","0"
"HD9506.P42 M56 2014","0","1"
"PQ7798.18.E668 A636 2013","0","0"
"DG59.A4 O25 2014","1","0"
"JC599.C5 R63 2014","0","0"
"PQ1672.Z5 D53 2015","0","0"
"F1392.J3 S48 2011","0","0"
"PL2925.L54 H465 2014","0","0"
"D31 .A93 2015","0","0"
"HN110.5.Z9 V5265 2013","0","0"
"F3126 .L67 2012","0","0"
"PQ3989.2.E34 R46 2015","0","0"
"D802.F8 L7734 2015","0","0"
"F3126 .Z3818 2011","0","0"
"LA2383.C52 F8365 2014","0","0"
"PQ307.R4 G83 2015","0","0"
"F1376 .C1915 2013","0","0"
"DC801.C2927 B47 2014","0","0"
"PQ2671.H6 L58 2015","0","0"
"PQ2668.A326 Z46 2015","0","0"
"PQ2191.S653 L57 2014","0","0"
"HQ799.M62 Y833 2010","0","0"
"F1435.1.C35 A77 2012","0","0"
"PQ2605.H3345 Z645 2015","0","0"
"PR6065.B744 B43 2015","0","0"
"PN56.C6 A53 2015","0","0"
"JN2229.A15 M37 2014","0","0"
"DB2244 .H949 2014","0","0"
"PN49 .S443 2014","1","0"
"BL1801 .G755 2011","0","0"
"BL1801 .G755 2011","0","0"
"BL1801 .G755 2011","0","0"
"BL1801 .G755 2011","0","0"
"BL1801 .G755 2011","0","0"
"BL1801 .G755 2011","0","0"
"DC611.F499 A99 2014","0","0"
"F1376 .W4518 2011","0","0"
"DK508.57.R9 P385 2014","0","0"
"PK2521.8 .K38 2013","0","0"
"KNP473.8 .Z47 2014","0","0"
"PQ36.P65 D8 2015","0","0"
"DS485.J48 A87 2013","0","0"
"PQ2704.I36 M37 2014","0","0"
"GV943.6.C55 P54 2014","0","0"
"GR305.5.M27 M33 2012","0","1"
"PK5447.M27 T75 2012","0","0"
"PK2098.42.A46 D78 2013","0","0"
"PK2903 .S267 2012","0","0"
"HV8964.S65 P26 2014","0","0"
"PK2042 .M3927 2013","0","0"
"PQ9939.C68 Z76 2013","1","0"
"D16.8 .U927 2015","0","0"
"P92.I7 V43 2013","0","0"
"B104 .K673 2014","0","0"
"PQ2662.E6913 F67 2015","0","0"
"HN530.2.Z9 S645 2014","1","0"
"D640 .F366 2014","0","0"
"UA770 .V54694 2014","0","0"
"DT107.828.E56 A3 2013","0","0"
"DK219.M36 A4 2014","0","0"
"PK2098.28.H425 Z46 2013","0","0"
"ND1140 .B77 2015","0","0"
"DS882 .Z66 2014","0","0"
"Z665.2.R8 D58 2014","0","0"
"PQ441 .M37 2014","0","0"
"JL966 .E55 2015","0","0"
"HV636 2005.G85 C645 2015","1","0"
"LC4041.H37 H45 2015","0","0"
"JN1571 .M45 2015","0","0"
"LB2369 .E2813 2015","7","1"
"HQ755.8 .G654 2015","2","0"
"JK2316 .H43 2015","2","0"
"HN90.C64 P46 2015","0","0"
"HN801.A8 M47 2015","0","0"
"HD30.4 .S329 2014","3","1"
"GV1588.3 .L36 2015","1","1"
"JQ5995 .C69 2015","0","0"
"HC426.5.A2 C37 2014","0","0"
"KF3775 .C365 2015","1","0"
"HC415.E5 C53 2015","0","0"
"PN1992.6 .M88 2015","6","0"
"HT169.P32 I8153 2015","1","0"
"P53.8 .L363 2015","3","1"
"JQ1745 .F47 2015","1","0"
"JZ5538 .F66 2015","0","0"
"JZ1305 .M35 2015","0","0"
"E98.C89 W65 2015","1","0"
"LB1778 .Y68 2015","0","1"
"CT1828.C478 A3125 2013","0","0"
"DK191 .A638 2014","0","0"
"TR101 .C446 2011","2","0"
"PN1584 .A58 2013","2","0"
"D561 .M54 2014","0","0"
"D640 .D3595 2014","0","0"
"D561 .P62 2014","0","0"
"PT2664.E25 V47 2015","0","0"
"PN56.W3 D44 2014","0","0"
"D397 .Z55 2014","0","0"
"PQ2605.O28 Z468 2014","0","0"
"DR46.97 .D85 2014","0","0"
"PJ6770.23 .L33 2014","0","0"
"HQ630.15.R66 C37 2015","0","0"
"BF575.A86 A8195 2015","0","0"
"LC237 .C66 2015","0","0"
"HG3368.A6 K87 2015","0","0"
"HM621 .B343 2015","0","0"
"LB1707 .P54 2015","2","0"
"LC2328.M34 P35 2014","2","0"
"HN90.R3 B79 2015","2","1"
"KF4774 .S39 2015","0","0"
"HD3616.L293 S36 2015","0","0"
"LC1085 .D48 2015","0","0"
"HN90.I56 P53 2015","0","0"
"P119.32.S65 B64 2015","0","1"
"HF5548.85 .F69 2015","0","0"
"JZ1734 .E8 2015","1","0"
"HF1379 .F344 2015","1","0"
"HB3722 .C463 2015","0","0"
"HG4012 .S26 2015","2","0"
"HD6955 .F585 2015","0","0"
"HD9000.5 .F5977 2015","0","0"
"HB822 .F735 2015","2","0"
"JS422 .T55 2015","0","0"
"HF1379 .H365 2015","0","0"
"JZ5333 .I53 2015","0","0"
"HM742 .G58 2015","1","0"
"K487.E3 L395 2015","0","0"
"HD5811.84.A6 C37 2015","0","0"
"JZ5665 .T53 2015","1","0"
"PN4888.T4 C73 2015","1","0"
"JN94.A979 A38 2015","1","1"
"JZ1254 .M33 2015","1","0"
"LA2317.C23 A3 2015","0","0"
"HD30.23 .E87 2013","0","0"
"BF698.95 .G65 2015","0","0"
"HD75 .R68 2015","1","0"
"HQ755.7 .S4428 2015","6","0"
"JZ6374 .N48 2015","1","0"
"K2155 .E45 2015","1","0"
"HT241 .S35 2015","1","2"
"JA75.8 .F57 2015","1","0"
"LA217.2 .A45 2015","0","0"
"HT1321 .B54 2015","2","0"
"LB1060 .C695 2014","0","1"
"LC1091 .P317 2015","0","0"
"LC311 .K645 2015","2","0"
"GT2850 .C585 2015","4","0"
"JZ1308 .T36 2015","3","1"
"HV6191 .G33 2015","0","0"
"HT185 .C758 2014","1","1"
"HV689 .O43 2015","3","0"
"LC212.9 .G3995 2014","0","0"
"LB1139.23 .E56 2015","2","0"
"HQ767.9 .G575 2015","1","0"
"JZ5588 .K39 2015","1","0"
"HC107.A14 D35 2015","1","0"
"JC571 .W55 2015","1","0"
"HM821 .D378 2015","1","0"
"P91 .K58 2015","4","0"
"LB1578 .C86 2016","0","0"
"LC2670 .L84 2015","1","0"
"HT321 .Z42 2015","0","0"
"E99.M6815 M38 2015","4","0"
"KBP526.3 .M46 2015","0","0"
"HA31.3 .K45 2015","10","0"
"PN4784.T4 C873 2015","2","0"
"PS3611.I4538 P47 2014","5","0"
"GT2885 .J33 2014","1","0"
"HF5415.1255 .L44 2015","0","0"
"LB2340.2 .S78 2015","2","0"
"LB1033 .B634 2015","0","0"
"HM585 .M34583 2015","4","0"
"P311 .H28 2015","0","0"
"HV3005 .B73 2015","0","0"
"H61 .W525 2015","0","0"
"JC11 .C26 2015","0","0"
"LC5125 .R64 2015","1","0"
"HB523 .D5 2015","1","0"
"DS51.S16 G75 2012","0","1"
"D632.5.S47 M37 2014","0","0"
"HQ19 .I2 2014","0","0"
"DS201.2 .P39 2014","0","0"
"PQ2643.A26 Z5545 2014","0","0"
"D625 .R55 2014","0","0"
"PQ2607.E834 Z867 2014","2","0"
"PG3337.L42 K43 2014","0","0"
"D157 .P76 2014","0","0"
"PG3491.7.R56 K65 2014","0","0"
"PG3482.8.U73 A84 2014","0","0"
"PG3056 .L384 2014","1","0"
"PQ2679.A948 F73 2015","0","0"
"DB2841.K75 C47 2014","0","0"
"BP75.2 .M83 2014","0","0"
"PQ2679.C43 A68 2015","1","0"
"DT295.3.A78 D46 2014","0","0"
"PQ2704.E814 L55 2014","0","0"
"D545.S7 R47 2015","0","0"
"D548 .D466 2014","0","0"
"PK2098.S482 Z58 2014","0","0"
"D548 .C86 2014","0","0"
"DD3 .M83 Bd. 69","0","0"
"HM1131 .H54 2014","0","0"
"DK3 .Q42 2014","0","0"
"DD3 .M83 Bd. 60, T. 1","0","0"
"DD3 .M83 Bd. 60, T. 2","0","0"
"BX665 .L82 2015","0","0"
"BP173.6 .W37 2012","0","0"
"PQ2701.L57 D66 2015","0","0"
"HM621 .C535 2015","0","0"
"PK2098.3.A386 Z46 2013","0","0"
"PL248.P34 K33 2014","1","0"
"PQ2605.A3734 Z72847 2014","0","0"
"D548.3 .L39 2014","0","0"
"GT2853.T3 H34 2014","0","0"
"PQ2682.U45 T75 2014","0","0"
"B833 .C67 2014","0","0"
"D804.348 .L35 2015","0","0"
"DS63.2.E8 S52125 2007","0","0"
"F3136 .O73 2012","0","0"
"F3126 .T754 2014","0","0"
"PH2740 .U3","0","0"
"JL2698.M685 P3518 2014","1","0"
"PL2289 .Q525 2014","0","0"
"PQ2701.N44 M46 2014","1","0"
"DF77 .S747 1984 v. 28","0","0"
"PM3002 .L45 2014","0","0"
"PM3002 .L45 2014","0","0"
"BV4647.H67 Y66 2008","2","0"
"F3447.P94 G37 2014","0","0"
"JQ1509.5.C6 W39 2012","2","0"
"PN2859.C93 P75955 2014","0","0"
"PS3553.A7894 W4 1989","8","0"
"HF5168.3.A3 P58 2014","0","0"
"DS558.8 .G5 1993","2","0"
"PQ147 .V37 2014","0","0"
"PQ145.8.W6 R93 2014","0","0"
"BQ739.U6 W55 2012","1","0"
"PQ2710.A25 M66 2014","0","0"
"HC85 .F54 2008","0","0"
"PN1998.3.N39 B47 2014","0","0"
"PR6056.I86 A6 2003b","2","0"
"DD290.33.M47 K6712 2014","1","0"
"DT387.92.A2 P36 2013","2","0"
"CT275.B583136 A3 2015","14","1"
"HB2123.4.A3 B78 2014","0","0"
"PQ2667.O3515 B87 2013","0","0"
"PQ2668.E657 G46 2014","0","0"
"PG5038.V18 P37 2014","0","0"
"DB2238.H38 A5 2014","0","0"
"PN2859.C96 M47 2014","0","0"
"DB2004 .R85 2014","2","0"
"BX590.M635 D46 2014","0","0"
"GR203.17 .B525 2014","0","0"
"B2430.B43 A56 2002","1","0"
"Z410 .H57 2015","0","0"
"BR1050.C9 C475 2014","0","0"
"BR1050.C9 C475 2014","0","0"
"CR1103.C94 S55 2014","0","0"
"GN480.36 .Z436 2013","0","0"
"PQ7384 .R64 2002","0","0"
"PQ3949.2.C65 Z75 2014","0","0"
"BQ7496 .W827 2014","0","0"
"HM1271 .S654 2013","0","0"
"PL1079 .C44 2014","0","0"
"PN5320.E77 E77 2013","0","0"
"DR476 .F76 2015","1","0"
"DS749.3 .Z46 2014","0","0"
"U35 .W343 2013","4","1"
"U35 .W343 2013","6","0"
"BL1920 . Y56 2014","2","0"
"G70 .T5 2014","0","0"
"PQ2649.O8 Z7863 2014","0","0"
"F216.2 .A85 2013","1","0"
"PQ2664.E45 Z775 2014","0","0"
"PM5131 .L46 2009","1","0"
"DK268.A2967 V52 2014","0","0"
"CB19 .M3323 2014","3","0"
"PQ2181 .B87 2014","0","0"
"HQ76.3.C6 D836 2013","0","0"
"HQ76.3.C6 D836 2013","0","0"
"HQ76.3.C6 D836 2013","0","0"
"BX597.S573 S56 2014","0","0"
"PQ2662.E8636 D44 2015","0","0"
"UA770 .T37 2014","0","0"
"PM5576 .Y36 2014","0","0"
"DC102.524 .W34 2015","0","0"
"PQ2603.U73 Z55 2014","0","0"
"PQ2607.U8245 Z588 2014","2","0"
"PQ2605.A3734 Z626477 2014","0","0"
"HD1333.R92 K836 2012","0","0"
"PQ7390.E835 C83 2013","1","0"
"N7345 .L8418 2011","0","1"
"JC599.R9 B86 2012","0","0"
"PQ2664.U812 O73 2014","0","0"
"PL248.S565 M37813 2014","0","1"
"B1649.R94 V44 2014","0","0"
"PQ2662.A842 E97 2015","0","0"
"PQ7390.O714 R46 2013","1","0"
"PN1998.3.K496 A5 2014","0","0"
"BQ4055 .I39127 2014","1","0"
"HA4581.5 2011 .P73 2013","0","0"
"PQ7390.L4755 D53 2013","1","0"
"DK67.5.G3 M27355 2014","0","0"
"PQ7392.V468 O46 2012","1","0"
"DK209.6.O68 B66 2014","0","0"
"PQ7390.M458 E65 2013","1","0"
"BD166 .P6258 2013","0","0"
"BD166 .P6258 2013","0","0"
"PQ7392.A56 L53 2013","1","0"
"HV6626.23.I4 D84 2014","0","0"
"PQ7392.G678 I64 2013","1","0"
"DK38.5 .T548 2014","0","0"
"PQ8550.436.A455 E87 2014","1","0"
"PQ7392.M4693 E93 2012","1","0"
"DB2198.7 .P687 2014","0","0"
"PQ7390.G5855 N38 2013","0","0"
"PQ7390.L79 M57 2003","0","0"
"DC130.S2 N65 2014","1","0"
"PG1 .S627 no. 158","0","0"
"PQ607 .N688 2014","0","0"
"PQ7389.F36 B4 2013","1","0"
"JC311 .R43 2015","0","0"
"PQ8550.423.E418 R63 2014","1","0"
"DC59.8.A4 D34 2014","0","0"
"PQ7386 .P67 2013","1","0"
"PL3031.T3 H64 2014","1","0"
"HQ1181.I4 W652 2014","0","0"
"PQ150.J4 S38 2014","0","0"
"JN6598.K55 K72 2014","1","0"
"DS95 .S23 2014","0","1"
"PL45.T885 I776 2013","0","0"
"DC131.9.R66 A4 2006","0","0"
"DC131.9.R66 A4 2006","0","0"
"PQ145.1.M36 G46 2015","0","0"
"BL1112.57 .A83 2014","0","0"
"GT4229.D65 G855 2003","0","0"
"PK3797 .J46 2014","0","0"
"DB956.6.N45 O65 2014","0","0"
"HD6190.R353 J356 2014","0","0"
"PH3194.B3 Z67 2014","0","0"
"GT4229.D65 C37 2003","0","0"
"D522.23 .L376 2014","1","0"
"BQ6450.I4 M44 2014","0","0"
"HN690.Z9 C666365 2008","0","0"
"PL1129.E5 L568 2012","1","0"
"PL1129.E5 L568 2012","1","0"
"PR111 .W657 2014","0","0"
"PL4604 .S83 2013","0","0"
"PQ2662.A35 Z46 2014","0","0"
"GN308.3.H9 H35 2014","0","0"
"PQ7409.B65 Z756 2006","0","0"
"HC435.3 .E45 2014","0","0"
"QC903 .C443 2014","1","1"
"QC903 .C443 2014","1","1"
"KKF41.F47 C36 2014","0","0"
"PQ7408 .D465 2005","0","0"
"PQ2673.I238 F4613 2013","0","0"
"JC571 .H85 2013","1","0"
"DS480.84 .S8334 2013","0","0"
"PQ2063.S3 A83 2014","0","0"
"DS481.M3522 A4 2013","0","0"
"GV848.5.K46 M353 2015","0","0"
"HD6189 .C74 2012","0","0"
"LA2383.C52 H83 2014","1","1"
"PA4368.D56 B76 2014","1","0"
"B805 .I786 2014","0","0"
"AZ675 .H67 2014","0","0"
"KNS516 .C486 2013","0","0"
"PQ8098.18.U36 F36 2014","1","0"
"UG1240 .V55 2014","0","0"
"PH3053.P64 S34 2014","0","0"
"HD9146.I43 G63 2012","0","0"
"PQ561 .M45 2015","0","0"
"N6846.D473 P38 2014","1","0"
"BL1140.4.V352 E5 2013","1","0"
"DX223 .D22 2014","0","0"
"HG230.3 .S38 2011","0","0"
"PN228.M4 P37 2012","0","0"
"DX223 .F667 2013","0","0"
"DG684.16.M87 J83 2014","1","0"
"HV8964.H9 D48 2014","0","0"
"DS450.P35 G85 2014","0","0"
"PQ8098.413.A776 B66 2012","1","0"
"PQ8098.417.O59 C68 2013","1","0"
"DB956 .C795 2014","0","0"
"PQ2664.E51726 A614 2015","0","0"
"PH3321.R27 G685 2014","0","0"
"PH3321.R27 G685 2014","0","0"
"PE1068.I4 S52 2013","0","0"
"PQ8098.416.L675 M38 2011","0","0"
"PQ8097.E2 M47 2012","1","0"
"PQ8098.429.I45 E54 2014","1","0"
"PH3281.K85 Z653 2014","2","0"
"DB950.R3 R35 2013","1","0"
"PQ2718.E955 P68 2015","0","0"
"F2817 .G54 2011","1","0"
"PR9499.4.S254 H69 2013","0","0"
"TD429 .G39 2010","0","0"
"PK2931.B44 N38 2014","0","0"
"LA1852 .B53 2012","0","0"
"B4238.B44 K823 2014","0","0"
"PQ2662.I375 A6 2015","0","0"
"PT2668.A5 U46 2015","0","0"
"PQ2662.R323 R46 2015","0","0"
"PQ2663.A137 J48 2014","0","0"
"PQ3989.2.N547 A86 2015","0","0"
"PQ305 .E375 2015","0","0"
"PQ2613.R4323 Z46 2015","0","0"
"PQ2668.A434 F37 2015","0","0"
"PQ2708.U43 E34 2015","0","0"
"PQ2670.A748 B73 2015","0","0"
"HV640 .E9 Bd. 32","0","0"
"DK511.S52734 R6755 2014","0","0"
"PG5002 .Z353 2014","0","0"
"PG3328.Z6 D62275 2012","1","0"
"PQ8179.A8255 H39 2003","1","0"
"F3126 .L645 2010","1","0"
"F3169 .C83 2014","1","0"
"GR133.C52 N66 2010","1","0"
"LB2369 .Y424 2014","0","0"
"PQ2717.U48 A6 2015","0","0"
"PN1994 .C518 2014","0","0"
"B3216 .C3 1995 Bd. 12","0","0"
"PQ2672.E25 Z735 2014","0","0"
"PL2887.N227 Z96 2014","0","1"
"PQ2667.U4612 Z67 2015","0","0"
"Z115.5.M39 L44 2012","1","0"
"PQ2682.A725 T45 2015","2","0"
"HQ76.2.I4 S465 2012","0","0"
"F2986 .K36 2010","1","0"
"DS596 .G58 2011","0","0"
"PN1994 .E8 v. 73","2","0"
"PH2631 .M56 2007","0","0"
"DS597.215.I43 F57 2012","0","0"
"PK1725 .A47 2014","0","0"
"PT2675.R748 R67 2015","0","0"
"P119.32.P6 Y37 2012","0","0"
"HQ1742 .E47 2011","0","0"
"HG1250.6 .M66 2011","0","0"
"PK3791.A7 S27 2013","1","0"
"DS481.N35 A5 2014","1","0"
"DT543.82.B37 A3 2013","0","0"
"PK2931 .B577 2013","0","0"
"JQ1062.S37 C43 2011","0","0"
"DD258.85.E85 P48 2015","1","0"
"DT298.K2 Z47 2012","1","0"
"PL4758.9.K27 R36 2013","0","0"
"DS735 .G449 2014","2","0"
"HQ1742 .R484 2014","1","0"
"PA6191.S7 M37 2013","0","0"
"PK109.A2 P38 2012","0","0"
"PQ7798.413.H39 E83 2013","1","0"
"HQ1240.5.I4 I57 2010","0","0"
"PR6102.B53 M87 2014","0","0"
"PQ8098.425.R44 I64 2012","0","0"
"HD4293 .I487 2014","0","0"
"HD9254.I4 H44 2013","0","0"
"PL2969.G86 S45 2014","0","0"
"F1787.5.S37 P37 2013","0","0"
"GE160.I4 D48 2012","0","0"
"HM628 .P46 2015","0","0"
"PL5135.E5 E7 2012","0","0"
"DS597 .S43 2013","0","0"
"F1938.4 .E817 2006","0","0"
"DS432.5 .F228 2013","0","0"
"HD2346.M4 N67 2012","0","0"
"TX910.T28 W46 2014","0","0"
"PN1993.5.A1 C645 2014","0","0"
"DS598.P5 L36 2013","1","0"
"PL5059.5.S27 N67 2011","0","0"
"GR315 .M345 2012","0","0"
"NA109.E9 M87 2014","1","0"
"DS596.3 .R47 2013","0","0"
"PL2840.S58 H83 2014","0","0"
"RC154.7.M35 T36 2012","0","0"
"PQ2702.E34 P65 2015","1","0"
"HC445.5.Z9 E587 2012","0","0"
"HD7256.M3 A54 2012","0","0"
"NK8725 .S25 2014","0","0"
"HV8519 .M324 2014","0","0"
"HT241 .E56 2014","1","1"
"QC903 .C556 2014","0","0"
"PC4410 .C66 1998","0","0"
"HQ281 .T7344 2014","1","0"
"E183.8.C5 P54 2014","0","0"
"BX4913 .H8 t. 37B, Suppl. 2","0","0"
"HD38.5 .M36173 2014","0","0"
"DS777.488.C458 F8 2014","0","0"
"JQ1063.A56 B54 2014","0","0"
"PL5076 .E25 2014","0","0"
"HD60.5.A78 I58 2014","1","0"
"HF1594.6 .A74 2009","0","0"
"DX145 .B45 2014","0","0"
"HC460.5 .T69 2014","0","0"
"LA1271 .A7449 2014","0","0"
"D128 .H64 2015","0","0"
"VA667.I53 M3513 2014","0","0"
"VA667.I53 M36 2014","0","0"
"D13 .S43 2014","0","0"
"PN6790.C384 F73 2013","0","0"
"DU744.35.D32 A73 2014","0","0"
"PL5139.R2667 R39 2011","0","0"
"PN1059.T7 B66 2013","0","0"
"PQ307.S88 Z36 2014","0","0"
"AS222 .R645 ser. 9, v. 35, fasc. 1","0","0"
"PL1201 .S68 2014","0","0"
"CS859 .K7234 2014","1","0"
"D564.A2 B84 2013","0","0"
"E78.S65 A763 2015","1","0"
"QC903.2.U6 M34 2015","2","2"
"KF220 .F75 2015","1","1"
"HE5737 .L66 2015","0","1"
"KF639 .R67 2015","4","0"
"QC903 .C5648 2015","2","0"
"GV742.3 .W354 2015","1","0"
"HG2563 .C87 2015","5","0"
"LA417 .D49 2014","1","0"
"HN57 .Y63 2015","0","0"
"HQ471 .B294 2015","12","0"
"HC427.8 .S45 2015","0","0"
"GN468.7 .M67 2015","1","1"
"JZ1308 .A4115 2015","4","0"
"HQ799.95 .M56 2015","2","0"
"E81 .O84 2015","3","0"
"LB2328 .B26 2015","6","0"
"K1447.15 .D73 2015","1","0"
"BF109.R38 S77 2015","1","0"
"JN238 .C63 2015","0","1"
"LB2822.6 .E37 2015","1","0"
"HD4903.5.U58 S27 2015","1","0"
"P90 .P3355 2015","6","0"
"JZ1318 .B894 2015","1","0"
"LA227.4 .B666 2015","3","0"
"HV6431 .S36 2014","0","0"
"HQ980 .D47 2015","1","0"
"E99.N2 M55 2015","4","1"
"P90 .O425 2015","4","0"
"HD6200 .G34 2015","1","0"
"HN670.Z9 V55 2015","0","0"
"PN1992.6 .S77 2015","3","1"
"LB2341 .M295 2015","1","0"
"LA217.2 .M398 2015","1","0"
"JN1155 .M67 2014","0","0"
"HQ800.4.P7 C94 2014","0","1"
"P93.5 .G75 2015","8","0"
"GT2907.C6 B46 2015","1","0"
"JZ5534 .M44 2015","0","0"
"HV6773.15.C97 W45 2015","2","0"
"JF1351 .T44 2014","0","0"
"JC311 .M393 2015","1","0"
"LC89 .N86 2015","0","0"
"NX180.R4 K55 2015","0","0"
"E668 .D74 2015","6","1"
"E188 .A59 2015","1","0"
"DK502.7 .N6713 2015","2","0"
"E210 .B48 2015","4","0"
"DC205 .G8413 2015","2","0"
"HQ1236.5.I8 C43 2015","1","0"
"PS3565.R7737 Z46 2015","0","0"
"F379.N59 N4 2015","1","0"
"E332.2 .B857 2015","1","0"
"JA84.F8 C45 2015","2","0"
"F544 .M875 2015","3","0"
"B802 .F4713 2015","4","0"
"BL65.H78 L56 2015","0","0"
"E855 .H833 2015","10","1"
"Z955.H632 C456 2014","1","0"
"BQ9265 .S66713 2015","0","0"
"F390.J64 J33 2015","1","0"
"HQ1735.6 .B55 2015","0","0"
"DS777.5195.K39 B57 2015","0","0"
"B382 .S53 2015","0","0"
"E876 .R423 2015","1","0"
"PN2672.W65 K47 2015","2","0"
"BX1723 .M386 2015","1","1"
"F2231.5 .S73 2015","4","0"
"DR48.6 .A34 2015","0","0"
"E185.615 .L26 2015","6","0"
"PR2007.K4 A199 2015","6","1"
"PR111 .C36 2015","2","0"
"BV599 .B85 2013","0","0"
"PS3619.E77 A6 2015","1","0"
"DT549.75 .D85 2015","2","0"
"PN1995 .G335 2015","1","0"
"F2122.W5 S7 2015","0","0"
"DK32 .E776 2014","3","0"
"PS3604.A74 A2 2015","2","0"
"PS153.N5 M2655 2015","8","0"
"PS3612.I538 A6 2015","0","0"
"PS3566.U67 I53 2015","0","1"
"HQ1438.K4 K43 2015","2","0"
"PS3616.I565 A6 2015","1","0"
"F572.O3 O565 2015","0","0"
"HQ1220.C2 N52 2015","1","0"
"PS3563.I34 M67 2015","1","0"
"PL992.415.N3 A6 2014","1","0"
"BC177 .A843 2015","1","0"
"PS3558.A46252 A6 2015","0","0"
"PN1995.9.W4 A67 2015","0","0"
"PQ9261.E3 S3613 2015","0","0"
"HQ27 .H37 2015","5","0"
"F544 .E39 2015","1","0"
"PS3561.W48 A6 2015","1","0"
"PR3727 .R325 2015","1","0"
"E185.93.H3 T47 2014","2","0"
"PS501 .S85 vol. 78","1","0"
"PS3612.A932 A6 2015","1","0"
"PC3366.E5 T78 2015","4","0"
"PR9199.3.S514 Z96 2014","0","0"
"PE1405.U6 W755 2015","1","0"
"RC553.A88 F73 2015","0","0"
"LA505.D6 A48 1972","1","0"
"PQ8180.1.R357 I7 1999","0","0"
"PL2727.S2 J61 2014","0","0"
"GE220 .W67 2015","1","1"
"D609.R8 R877 2014","0","0"
"JL3881 .D4 2013","0","0"
"GR35 .V64 2014","0","0"
"PQ8173 .A44 1999","0","0"
"PQ7263.E5 C46 2014","0","0"
"PQ9939.C68 V56387 2013","0","0"
"JV7812 .F33 2014","0","0"
"B3105 .Z54 2015","0","0"
"PG3011 .B673 2015","0","0"
"R575.C94 L45 2014","0","0"
"DD218 .B226 2015","0","0"
"VA543 .C47 2014","0","0"
"D521 .P47 2014","0","0"
"PQ287 .L3697 2014","0","0"
"PQ4569 .G67 2014","0","0"
"PQ9939.C68 Z74 2013","3","0"
"PQ9698.429.O43 D4 2012","1","0"
"DT3337 .V37 2014","1","0"
"PQ9421 .S26 2011","0","0"
"PL2887.N227 Z97 2014","0","0"
"PQ9698.12.A6815 C66 2004","1","0"
"B1297 .R46 2014","1","0"
"PQ9698.12.A6815 T74 2009","1","0"
"PR9499.4.C458 A63 2014","0","0"
"DS799.693 .T356 2014","0","0"
"DS799.693 .T356 2014","0","0"
"PQ2472.Z8 D453 2014","0","0"
"PL992.62.P58 H897 2013","0","0"
"PQ2718.O878 D53 2015","0","0"
"PL992.78.K57 W66 2013","0","0"
"DC130.S2 S25 2014","0","0"
"PA4179 .C47 2013","2","0"
"BD41 .W38 2015","0","0"
"PL992.78.S65 H96 2013","0","0"
"PL1900.M35 X53 2012","0","0"
"PN49 .I58 2013","0","0"
"PL992.62.S2 A33 2013","0","0"
"DS480.85 .R26 2014","0","0"
"PQ9698.12.A6815 K37 2012","1","0"
"DT266.94 .M34 2013","0","0"
"PQ2354 .A25 2014","1","0"
"PN49 .H37 2014","0","0"
"HF1365 .M37 2012","0","0"
"PQ9016 .D53 2005","0","0"
"DT36.7 .C353 2005","0","0"
"PL992.9.I522 T36 2013","1","0"
"PR9530.9.A22 A8 2011","0","0"
"PQ3959.D3 Z74 2014","0","0"
"PQ2661.L5755 A23 2013","0","0"
"PQ2707.U29 R66 2013","0","0"
"DS481.M3537 B37 2014","0","0"
"PS3551.D63 A6 2015","5","0"
"PS366.C74 A44 2015","1","0"
"DT636.53.T395 D87 2015","1","0"
"B765.T54 H84 2015","0","1"
"PT2681.E18 Z574 2014","1","0"
"PQ2191.Z5 G755 2015","2","0"
"D887 .S78 2015","0","0"
"DS777.8 .C447 2014","0","0"
"E183.8.C6 B73 2015","1","0"
"PN2287.E37 N45 2015","2","0"
"DC317 .R5813 2015","4","1"
"BS2651 .N48 2015","0","0"
"BD175 .D56 2015","0","0"
"CB430 .E97 2015","1","0"
"PN56.S34 A65 2015","2","0"
"DJK19 .R86 2015","2","0"
"PN1995.9.P678 F57 2015","1","0"
"PE1404 .A923 2015","0","0"
"DC396 .J46 2015","1","0"
"PJ7593 .I58 2009","2","0"
"BT180.G6 F68 2015","0","1"
"PN56.P555 F88 2015","1","0"
"PN2885.M3 K67 2015","1","0"
"DD120.I55 K8613 2014","0","0"
"BS2615.52 .V65 2015","2","0"
"BM723 .G727 2015","1","0"
"D774.L3 W85 2015","2","0"
"CR1615 .H47 2014","0","0"
"DK859.56 .I34 2015","0","0"
"B133.R3664 G36 2015","1","0"
"PS3607.E55 I57 2015","5","0"
"PS3563.O87445 J39 2015","0","0"
"DA93.A8 S28 2015","1","0"
"PR9570.L4 B39 2015","2","0"
"PN56.G48 M67 2015","0","0"
"DA587 .S36 2014","0","0"
"PQ6419.O8 E813 2014","1","0"
"BJ1451 .P64 2015","2","0"
"PS3551.N464 Z884 2015","1","0"
"E183.8.I55 C67 2015","1","0"
"BR517 .K78 2015","4","0"
"DS195.5 .B74 2015","1","0"
"BS2620.52 .L44 2015","1","0"
"B177 .P57 2015","0","0"
"BS1405.52 .H55 2015","0","0"
"BJ1409 .S43 2015","3","0"
"BX1378.7 .K3713 2015","0","0"
"PQ2665.C5 A2 2015","0","0"
"PN2287.C64 A3 2015","0","0"
"BL805 .R83 2015","0","0"
"DS143 .R47 2015","1","0"
"PR9540.4 .K36 2015","0","0"
"BJ1521 .R68 2015","3","0"
"DK510.764 .M673 2015","1","0"
"BJ57 .M685 2015","1","0"
"BS2825.52 .S755 2015","0","0"
"BS1450 24th .S86 2015","0","0"
"BQ7590 .L67 2015","4","0"
"HQ1787 .T73 2015","3","0"
"DA990.U46 W465 2015","1","0"
"PS3571.R74 A6 2015b","2","0"
"BT103 .W56 2015","2","0"
"BX1913 .F25 2015","0","0"
"PS3575.G53 W57 2015","0","0"
"DR1313.7.A85 B354 2015","0","0"
"DC241.5 .K47 2014","2","0"
"PG3484.2.T76 P7513 2015","0","0"
"DT30.5 .B73 2015","0","0"
"PS3557.A44 A6 2015","2","0"
"BR1720.T47 P3 2015","0","0"
"BL85 .M66 2015","1","0"
"PR9196.6 .A78 2014","0","0"
"PS3608.A7485 B22 2015","3","0"
"PT2703.A57 H5613 2014","0","0"
"PN2471 .B75 2015","0","0"
"PS617 .B74 2015","5","0"
"PN2595 .D55 2015","3","0"
"PN2595 .B75 2015","0","0"
"BR1287 .B85 2015","0","0"
"DG259 .L48 2015","0","0"
"BJ1191 .F37 2015","1","0"
"PN1009.A1 C498 2015","1","0"
"PR9619.4.M345 A6 2015","1","0"
"PS3563.A653 C68 2015","1","0"
"PG7172.A65 A2 2014","0","0"
"D843 .D3365 2015","7","0"
"BJ1012 .C48 2015","1","0"
"E184.A1 E887 2015","7","1"
"B5320 .A33 2015","1","0"
"PN1995.9.P6 G67 2014","1","0"
"D767.4 .Y693 2015","0","0"
"PS3569.N45 F59 2014","1","0"
"BX324.3 .M36 2015","0","0"
"PQ4863.A3894 G6813 2015","8","0"
"PN494 .G74 2015","0","0"
"PR2807 .C245 2015","2","0"
"BT30.G3 M55 2015","0","0"
"BL624 .T463 2015","4","0"
"DA332 .W64 2015","1","1"
"PR6120.E655 A6 2015b","4","0"
"D804.348 .M34 2015","1","0"
"PQ4878.O8 A2 2015","2","0"
"HQ146.S2 H45 2015","0","0"
"BP49.5 .P69 2015","1","0"
"D13 .I585 2015","0","0"
"PT2603.R397 Z85 2014","1","0"
"BQ6450.J3 P935 2015","1","0"
"PQ4861.N43 A2 2014","0","0"
"PQ2607.U8245 Z84 2014","0","0"
"PR6063.C73 N54 2014","4","0"
"BX1785 .O34 2014","0","0"
"BT83.57 .G85313 2015","5","0"
"PR9639.4.D45 A6 2015","1","0"
"PQ9929.V54 N6713 2015","0","0"
"CT21 .M34 2014","2","0"
"PT2666.A86 R6413 2014","1","0"
"PR6103.A463 R44 2015","1","0"
"DS63.18 .R45 2015","0","0"
"BS2589.6.J8 B86 2014","0","0"
"PR9199.4.F868 S25 2015","0","0"
"DT469.S457 M35 2015","0","0"
"PR3069.L58 C73 2014","1","0"
"PH665.L47 A6 2013","0","0"
"P53.8 .G374 2014","0","1"
"PS3610.O679 A6 2014","1","0"
"PR6052.U894 Z85 2015","3","0"
"PS3521.E735 Z666 2015","0","0"
"PS3521.E735 Z666 2015","2","0"
"PN1995.9.R4 S93 2015","0","1"
"PR9199.3.H394 A6 2015","0","0"
"BX4705.M542 H55 2015","0","0"
"BQ4570.S6 M45 2015","2","0"
"PN1590.T43 S63 2015","1","0"
"BR115.A8 S573 2015","0","1"
"BX9175.3 .S84 2015","0","0"
"BS2825.52 .V35 2015","0","1"
"BS2805.52 .H45 2015","0","0"
"PN865 .T69 2013","0","0"
"PL992.6.S83 H64 2013","0","0"
"JQ1062.A98 P37579 2012","1","0"
"PQ9920 .M34 2002","0","0"
"PQ2663.A2925 P76 2015","0","0"
"PQ2605.I2 Z48 2014","1","0"
"PQ4835.R37 Z922 2015","0","0"
"PL123 .E68 2014","1","1"
"HQ766.5.A78 B49 2012","0","0"
"PQ4390 .V27 2014","0","0"
"DB99 .G26 2015","0","0"
"D639.D6 R68 2014","0","0"
"PQ4715 .G475 2015","0","0"
"JZ5588 .H34 2015","0","0"
"HF1600.15.S7 G57 2015","2","0"
"KF358 .A44 2015","0","0"
"HD7338.A3 R83 2015","1","0"
"HF5415.32 .R348 2015","0","0"
"HV8699.U5 A8175 2015","3","1"
"LC5215 .B35 2015","1","0"
"HM742 .D5445 2015","0","0"
"HC106.83 .S84 2015","0","0"
"JN36 .E877 2015","0","0"
"JZ1318 .L446 2015","0","0"
"LB1028.24 .P54 2015","0","0"
"JN5185.C47 V37 2015","0","0"
"HM753 .I25 2015","2","0"
"PN5367.P6 T659 2015","1","0"
"HD30.2 .K56 2015","0","0"
"KF4530 .A43 2015","2","1"
"HT206.M83 L54 2015","0","0"
"HM851 .A88 2015","3","0"
"HC240 .N527 2015","0","0"
"PN4731 .M4875 2015","0","0"
"JZ6009.E18 N67 2015","0","0"
"HT166 .P327 2015","0","0"
"KF4635 .V46 2015","2","0"
"JZ6300 .D73 2015","0","0"
"JK2391.S6 R67 2015","2","0"
"LA1444.5 .Z45 2015","2","0"
"HN656.Z9 V587 2015","0","0"
"HV6248.P6 M66 2015","1","0"
"LC2322 .K86 2014","0","0"
"BF697.5.S65 C73 2015","10","0"
"K5575 .H35 2015","0","0"
"LC5225.L42 K56 2015","3","0"
"PN1992.77.A325 A48 2015","6","1"
"LC2781.5 .B65 2015","0","1"
"BF697.5.B63 B61853 2015","0","1"
"HQ1090 .G644 2015","2","0"
"LB3060.83 .L44 2015","4","1"
"HC462.95 .C36 2015","0","0"
"BV1536.4 .P37 2015","0","0"
"LB2805 .G448 2015","0","0"
"BF423 .J33 2015","0","0"
"JV51 .D43 2014","2","0"
"JZ1305 .D54 2015","2","0"
"GN289 .F35 2015","0","0"
"GT525 .E57 2015","5","1"
"LC41 .B365 2015","0","0"
"JZ1318 .N43 2015","1","0"
"BF175.4.R44 D45 2015","2","0"
"BF173.F85 K46 2015","1","0"
"JF1525.A8 G685 2015","1","0"
"LB2864.5 .F46 2014","0","1"
"BF151 .M55 2015","2","0"
"P61 .D44 2015","0","1"
"HB615 .M3726 2015","1","0"
"LB1027.23 .S599 2015","0","0"
"P40.5.U73 P46 2015","0","0"
"HB501 .A83 2015","1","0"
"PN4909 .N49 2014","0","0"
"HF5429.2 .H85 2015","0","0"
"PN1992.4.R56 L66 2015","1","1"
"HD205 .P55 2015","0","0"
"LB1028 .F5177 2015","0","0"
"LC1481 .W45 2015","1","0"
"JV105 .V34 2015","4","0"
"HE305 .U6965 2015","3","0"
"BF353.5.C55 S76 2015","2","0"
"HV1421 .R38 2015","3","0"
"PT5882.18.A79 H54 2014","0","0"
"DR435.A7 D5613 2014","0","0"
"B2799.F8 K85 2015","0","0"
"DR435.A7 B35413 2012","0","0"
"PQ9698.12.A6815 N36 2013","1","0"
"DS195.5 .G68 2015","0","0"
"PL994.9.K54 M5513 2014","0","1"
"F1787.5 .P457 2013","0","0"
"PL994.415.C475 Y8713 2014","1","0"
"PR9570.T873 G37 2014","0","0"
"PN5355.T84 A38 2015","1","0"
"PQ2672.E7295 M66 2015","0","0"
"PL992.415.C49587 C4613 2014","1","0"
"DS54.9 .O88 2014","0","0"
"D608.6.I8 I83 2013","0","0"
"DS54.9 .O88 2014","0","0"
"PQ3989.2.B63 H68 2011b","0","0"
"PQ2625.I58 Z86 2013","0","0"
"PQ2701.P67 E53 2015","0","0"
"DS371.412 .M28 2013","0","0"
"BX2179.T53 P58 2014","0","0"
"PQ4627.I46 Z54 2015","0","0"
"PQ2678.E965 T72 2013","0","0"
"PK6561.S294 D83 2014","0","0"
"HQ1190 .P85 2012","0","0"
"PR6112.O53 M55 2015","1","0"
"KHC2914 2009 .A6 2009b","0","0"
"PQ2625.I35 M6813 2014","0","0"
"PQ2178 .B35 2015","0","0"
"PK6561.M715 N34 2012","1","0"
"HC445.5 .A512 2012","0","0"
"PN5368.H853 H8336 2014","1","1"
"BP173.7 .R63 2015","1","0"
"PQ6065 .C43 2014","1","0"
"F1408.3 .G37 2013","1","0"
"PQ7392.G395 K83 2012","0","0"
"PR9199.3.R59 S63 2015","0","0"
"PQ8550.13.A22 P5 2014","0","0"
"GT4229.D65 T45 2003","1","0"
"F1938 .C77 2000","0","0"
"CT3990.Q26 D35 2014","0","0"
"BS2585.52 .K58 2015","0","0"
"DS597.2 .A2247 2012","0","0"
"PR9530.9.L54 D5 2013","1","0"
"PQ2639.R572 Z64 2014","0","0"
"PK2098.V34 Z48 2013","0","0"
"DS779.29.L52 X56 2014","0","0"
"PQ6619.I4 P653 2014","0","0"
"PQ3949.3.D86 C47 2015","0","0"
"PK2907.R25 L34 2014","0","0"
"ND553.S66 D38 2014","0","0"
"PQ7298.29.I47 B35 2014","0","0"
"PQ2040.D7 J43 2015","0","0"
"PQ7298.413.A72 X65 2012","1","0"
"PQ7298.17.O3425 I64 2014","2","0"
"BL410 .C64 2015","2","0"
"PT2684.A34 F48 2014","1","0"
"F3611.P84 B618 2012","0","0"
"GR825 .M55 2012","0","0"
"PT2668.U546 A6 2014","0","0"
"PQ4143 .N39 2011","0","0"
"PQ8098.432.I325 O5 2013","0","0"
"CS847 .M477 2011","0","0"
"DS134.42.D75 A4 2014","0","0"
"PT2673.E28 T35 2015","0","0"
"B2430.F724 S275 2014","0","0"
"PQ2667.A873 D38 2015","0","0"
"BR121.3 .R3 2015","0","0"
"D639.E94 M37 2014","0","0"
"Z6371.L5 L36 2015","4","0"
"DT107.87 .H245 2014","0","0"
"PG5039.12.O63 A17 2014","0","0"
"PN2727 .S862 2014","0","0"
"PQ7519.3.P44 C58 2014","0","0"
"DB2107 .H8647 2014","0","0"
"PK965 .P73 2014","0","0"
"PL2949.7.U76 C45 2011","0","0"
"LC912.D4 B83 2014","0","0"
"DS796.H74 X5366 2015","0","0"
"P92.I7 S785 2015","2","0"
"PQ1694 .B4 2014","0","0"
"GV944.U7 C57 2014","0","0"
"PL2705.I17 Z96 2014","0","0"
"PN1995.9.R49 S26 2014","0","0"
"D640.A2 D47 2014","0","0"
"PT147 .K47 2014","0","0"
"KNS2095 .B35 2014","0","0"
"PR6068.I4 A6 2014","0","0"
"PK2098.38.A42 Z46 2014","0","0"
"PL1171 .H825 2014","0","0"
"D640 .J87 2014","0","0"
"P92.I4 M85 2014","0","0"
"PK2098.R45 Z56 2014","0","0"
"DS135.E83 O75 2015","1","0"
"PK2098.M84 Z73 2014","0","0"
"HQ1236.5.C5 A4 2012","0","0"
"DS432.B454 B46 2013","0","0"
"PK2098.29.I7129 Z87 2014","0","0"
"DS779.26 .P465 2014","3","1"
"PL2767.N45 A6 2014","2","0"
"PR9387.9.A3 Z7 2014","0","0"
"PQ2712.E485 S3313 2015","0","0"
"DS779.46 .Y35 2014","2","1"
"PT2671.A447 G47 2014","0","0"
"PG3476.A514 Z6644 2015","0","0"
"PA3003 .P58 2013","0","2"
"PQ4879.A65638 S87 2015","0","0"
"PK2099.32.A533 P36 2014","0","0"
"LC1390 .F47 2014","0","0"
"DS135.L52 K385713 2014","0","0"
"PT2451.Z5 W55 2009","0","0"
"LB43 .M37 2014","2","2"
"LC71 .S234 2014","4","0"
"PK2102.B5 B37 2013","0","0"
"PK2098.D396 Z92 2014","0","0"
"PQ2702.L67 H58 2015","0","0"
"PQ2663.U64 G38 2014","0","0"
"DS779.46 .B6 2014","0","0"
"HD9016.I42 I396 2012","0","0"
"PQ3949.2 .P573 V69 2015","1","0"
"PS374.I49 S55 2013","0","0"
"DS597.38.T24 A25 2008","0","0"
"PQ2706.E764 P74 2015","2","0"
"PQ2678.O4153 E84 2015","0","0"
"HQ1742 .V64 2014","1","0"
"PS3603.A549 H43 2007","0","0"
"HQ766.5.A78 T435 2013","0","0"
"PK1800.1 .S43 2013","0","0"
"DS740.5.R8 Y33 2013","1","0"
"PK6561.M8217 T34 2014","0","0"
"E312 .K46 2015","0","0"
"PK6562.23.A37 R39 2014","0","1"
"PK6562.23.U73 R39 2013","1","0"
"Z270.F8 R7 2014","0","0"
"PK6561.M73 K43 2014","0","0"
"PK6561.T2835 I88 2014","1","0"
"D10 .M66 2012","0","0"
"D640.A2 B74 2014","1","0"
"PK6562.18.A846 Y35 2014","1","0"
"PQ1371 .R367 2014","0","0"
"PQ283 .R65 2014","0","0"
"PQ2603.A695 Z48 2014","0","0"
"D32 .E58 2014","0","0"
"PQ3988.5.N6 E38 2014","2","0"
"B105.I47 F37 2014","2","0"
"PQ2637.I547 Z55 2015","2","0"
"HV6604.E3 R45 2014","0","0"
"DS753.65 .C456 2014","0","0"
"PS3604.U7755 S47 2007","0","0"
"JC423 .D488 2014","0","1"
"Z658.C6 B36 2013","1","0"
"PL2861.A634 W46 2014","0","0"
"HT148.S6 U67 2014","2","0"
"PL4451.5 .T75 2009","0","0"
"PN56.C665 R44 2014","2","1"
"NA6181 .T35 2014","2","0"
"HG178.33.I4 M53 2015","0","0"
"PQ7298.428.I93 D56 2014","0","0"
"PR9499.4.T445 B76 2013","0","0"
"HD9975.I4 S5613 2014","1","0"
"PN5366.C435 A3 2014","0","1"
"HC435.3 .S773 2005","0","0"
"N72.S6 U53x 2014","0","0"
"PK2418.K28 J5613 2014","0","0"
"PK1859.M615 J68 2014","0","0"
"PL2936.3.O6424 S5 2014","0","0"
"PG9621.K3 Z655 2015","0","0"
"PS3553.U657 V35 1996","0","0"
"PK6436 .D87 2014","0","0"
"D629.F8 B78 2014","0","0"
"HV551.2 .M45 2015","1","1"
"HC420.5 .V35 2014","0","0"
"D680.F9 B37 2014","2","0"
"HN690.Z9 C6654 2012","0","0"
"HD3616.A3513 M63 2014","0","0"
"RC343.3 .G46 2014","1","0"
"D608 .C66 2014","1","0"
"PA6817.A5 S27 2013","0","0"
"GV648.C9 K692 2014","0","0"
"DS597.37 .T349 2009","0","0"
"PQ2372 .P56 2015","0","0"
"PQ1796 .C53 2015","0","0"
"BL1218 .C66 2014","0","0"
"PK6413.5.W65 F68 2014","1","0"
"PQ8180.23.U8 Z67 2014","0","0"
"PQ2671.R547 H67 2015","1","0"
"DP302.C619 F47 2014","1","0"
"PQ2623.O8 Z48 2015","0","0"
"BJ1456 .F45 2014","1","0"
"CT934 .N692 2014","0","0"
"PQ2625.A755 Z92 2015","0","0"
"GT4239.L5 R64 2005","0","0"
"PL3031.T32 H354 2014","0","0"
"GN296.5.R8 M428 2014","0","0"
"CT275.S5268 A3 2014","0","0"
"PQ1971.C6 Z94 2015","0","0"
"PK2099.36.U75 D4 2014","0","0"
"D810.P4 R46 2014","1","0"
"HQ1744.N67 S53 2014","1","0"
"HQ1742.5.I53 S56 2014","0","1"
"HQ670 .I5132 2014","0","0"
"HD1698.I4 R85 2014","0","0"
"HD9940.B362 S66 2015","1","0"
"F3304 .B58 2006","0","0"
"DS799.24 .Z432 2014","0","1"
"PQ1981.D65 A848 2015","0","0"
"BQ634 .L537 2014","0","0"
"TK1365.J3 T35312 2014","3","0"
"F1787.5 .F39 2013","0","0"
"D640.A2 D88 2014","0","0"
"PQ8550.17.R3 T6 2014","0","0"
"PQ8549.P446 H55 2014","0","0"
"PQ8550.413.H53 C34 2014","0","0"
"BP130.45 .A75 2014","0","0"
"DT236 .W36 2014","0","0"
"KGF3053 .C675 2009","0","0"
"DT295.3.F45 E44 2013","0","0"
"DS288.9 .N24 2014","0","0"
"R130 .W364 2014","0","0"
"CT3710 .L58 2004","1","0"
"CT3710 .L58 2004","1","0"
"CT3710 .L58 2004","1","0"
"CT3710 .L58 2004","1","0"
"F3320.1.M5 S67 2011","0","0"
"DS777.518 .R46 2014","0","0"
"PL2727.S2 J5296 2014","0","0"
"PK6481.D7 M83 2014","0","0"
"PN1721 .C37 2013","3","0"
"D548 .S97 2014","0","0"
"PN5370.2 .H83 2014","1","2"
"PR6102.A75 S43 2015","1","0"
"PR6123.A95 A68 2014","0","0"
"PR6069.H487 L37 2015","1","0"
"BP166.2 .U73 2014","0","0"
"PQ2702.A88 J48 2014","0","0"
"PN1136 .B37 2015","0","0"
"PQ2678.U357 C44 2015","0","0"
"D623.B4 V55 2014","0","0"
"DC137.5.S37 S26 2014","0","0"
"PN56.S43 C65 2013","1","0"
"P301 .C547 2013","0","0"
"DC289 .R46 2014","0","1"
"D639.N4 G3513 2015","0","0"
"TJ859 .S26 2014","0","1"
"D680.F8 M46 2014","0","0"
"PL2922.S54 F45 2014","0","0"
"DS298 .M57 2014","0","0"
"PG3327.C5 Z4 2014","0","0"
"BJ1453 .S37 2015","0","0"
"NK4399.L9 M84 2013","0","0"
"PR6053.O4865 S79 2015","0","0"
"NB80 .D33 2012","0","0"
"GN17.3.L29 S23 2008","0","0"
"F3711 .H47 2008","0","0"
"PQ8550.1.K2 L39 1987","1","0"
"PL1171 .W383 2014","0","0"
"PQ6352 .Q557 2013","0","0"
"PQ7298.31.R53 A98 2014","1","0"
"PQ8097.G6 Z463 2002","0","0"
"PK6451 .A6 2014","0","0"
"D523 .L34 2014","0","0"
"D511 .P67 2014","0","0"
"PQ2680.H48144 R37 2014","0","0"
"D548 .J298 2014","0","0"
"KGF7438.8 .M36 2013","1","0"
"D522 .D35 2014","1","0"
"PQ6664.E478 U53 2014","1","0"
"PN1899.C5 Z36 2014","0","0"
"D640 .V53 2014","1","0"
"PQ8098.413.O45 T78 2014","0","0"
"PQ8098.23.I646 P47 2013","0","1"
"HC37 .P38 2014","0","0"
"PQ8097.D48 A6 2014","0","0"
"GT2846.R66 B56 2014","0","0"
"HQ1155 .E97 2013","0","0"
"F2341.C257 R65 2014","0","0"
"PQ3979.2.B67 E76 2013","0","0"
"D767.45 .R54 2013","0","0"
"PQ8550.423.E35 P67 2014","0","0"
"HC79.E5 E2647 2013","0","0"
"TR647 .W86 2014","0","0"
"TR679 .D435 2014","2","0"
"BP131.13 .A45 2014","0","0"
"HF5429.6.N3 D63 2014","0","0"
"PR6063.A24287 J67 2014","0","0"
"F2327.52.O34 H49 2013","0","0"
"F3126 .Q545 2010","0","0"
"Z173 .T398 2014","1","0"
"PL1171 .L5839 2014","0","0"
"PQ6605.A17 A83 2014","1","0"
"BX598.A4 K674 2015","0","0"
"PQ6665.R326 B54 2014","0","0"
"N6665 .G3525 2007","0","0"
"PQ8550.13.H5 T73 2014","0","0"
"PL1171 .Y768 2014","1","0"
"JL3881 .A94 2014","0","0"
"PL992.415.N29 S6164 2014","0","0"
"PQ8098.18.A68 D8 2009","0","0"
"KHQ2202 .R849 2012","1","0"
"PL992.425.S67 S213 2014","0","0"
"PS3573.E74 J44 2015","1","0"
"PL992.415.Y547 M613 2014","1","0"
"PQ6359 .S46 2013","0","0"
"PL992.415.C44 K413 2014","0","0"
"PG3480.A5685 A3 2015","0","0"
"PL992.9.K96 M613 2014","0","0"
"BF1591 .A49 2015","0","0"
"PQ2667.U4612 G46 2014","0","0"
"PL992.19.S83 H9413 2014","0","0"
"PQ2387.R5 I4318 2014","0","0"
"PL992.19.S37 A2413 2014","0","0"
"HM636 .L36 2014","6","1"
"PS3553.L3934 P7318 2014","0","0"
"PS3623.I5564953 E64 2014","0","0"
"PS3606.O74734 G37 2015","0","0"
"F3146 .Z37 2013","0","0"
"DT154.A4 D48 2014","0","1"
"PQ3919.3.A78 F6413 2014","1","0"
"NA285.A5 F734 2013","0","0"
"BD450 .F56 2015","0","0"
"B557.D564 H265 2014","0","0"
"N6757 .S54 2014","1","0"
"PA3872.Z8 R45 1991","2","0"
"PT2291.Z5 O44 2013","1","0"
"PL992.9.T6  M8613 2014","0","0"
"F2279 .H476 2012","0","0"
"PR9510.9.B46 K55 2015","0","0"
"DS316.23 .I33 2014","0","0"
"NC1460.N82 A4 2013b","2","0"
"F3601.3 .W3518 2012","0","1"
"PL992.9.H872 K9713 2014","0","0"
"PQ9900 .S263 2003","0","0"
"DT73.A4 A38 1998","0","0"
"BL2270 .C48 2014","1","0"
"PL994.46.Y67 P5813 2014","1","0"
"DD120.P7 H25 2014","0","0"
"HX86 .H788 2013","1","0"
"HX86 .H788 2013","0","0"
"PL992.26.C46 O5813 2014","0","0"
"PQ9698.23.A833 C6 2013","0","0"
"DK511.N7 L4672 2014","0","0"
"JS50 .D36 2014","0","0"
"BP75.26 .H44 1970z","1","0"
"BS1475.53 .J4715 2014","0","0"
"PQ9900 .A63 2006","0","0"
"PQ9900 .A63 2006","0","0"
"F3341.O7 S68 2010","0","0"
"HX867.5 .B34 2015","0","0"
"KF2212 .L46 2015","1","1"
"KF3555 .W65 2015","1","0"
"P132 .C64 2015","2","2"
"HC130.P6 O22 2015","2","0"
"HB887 .D35 2015","2","1"
"HG4529 .P425 2015","4","0"
"GV850.4 .H56 2015","2","0"
"HQ691.7 .A14 2015","0","0"
"LA727 .W45 2015","5","0"
"JZ6385 .C776 2015","1","0"
"E99.P84 E55 2015","2","0"
"LC213.2 .P755 2015","2","0"
"CC135 .W37 2015","1","0"
"HF1025 .W27 2015","2","0"
"JZ1310 .W675 2015","1","0"
"LC3965 .D3813 2015","0","0"
"JC359 .P273 2015","1","0"
"HT119 .C37 2014","1","0"
"P118.75 .N67 2014","1","0"
"GV1201.34 .P87 2015","1","0"
"HQ759.9 .C53 2015","0","0"
"PN4888.E8 E45 2015","1","0"
"LB1139.5.A78 I52 2015","1","0"
"GV714.5 .G85 2015","3","1"
"P115.2 .M85 2015","0","1"
"HD7288.77 .P83 2015","1","0"
"LC191.4 .F35 2015","2","0"
"JK1759 .A58 2015","1","0"
"JC327 .G7513 2015","1","1"
"HD6073.C62 U54 2015","2","0"
"F3325 .M45 2010","1","0"
"F3429.3.P65 Z85 2012","0","0"
"PL992.19.S67 S24164 2014","0","0"
"DS773.4 .U47 2010","0","0"
"PT2671.I758 A63 2015","0","0"
"DS721 .Z54687 2013","0","0"
"K230.F52 E58 2012","0","0"
"DS298 .D36 2014","1","1"
"F3444 .R745 2006","0","0"
"DB2191.B45 Z54 2014","0","0"
"GV943.6.F36 K76 2015","0","0"
"HD5730.5.A6 N84 2009","0","0"
"PQ7798.417.U373 Z42 2014","0","0"
"PT2603.R15 K3 2014","0","0"
"PQ7386 .M36 2012","0","0"
"F3081 .Q48 2004","0","0"
"GR202 .S57 2015","0","0"
"PL1281 .Q257 2012","0","0"
"PL1281 .Q257 2012","0","0"
"PL1281 .Q257 2012","0","0"
"PL1281 .Q257 2012","0","0"
"PL1281 .Q257 2012","0","0"
"PL1281 .Q257 2012","0","0"
"HX11.I5 W35 2014","0","0"
"HX11.I5 W35 2014","0","0"
"HX11.I5 W35 2014","0","0"
"PQ6059 .M64 2012","2","0"
"PT2394.L3 Z617 2015","0","0"
"PA6716 .S87 2015","1","0"
"DK72 .K748 2014","0","0"
"DD219.R48 A4 2015","0","0"
"G630.R8 R65 2013","0","0"
"PN1995 .L423 2015","1","0"
"B805 .G863 2014","0","0"
"PG2945 .L57 2014","0","0"
"PN733 .F86 2015","0","0"
"PQ2625 .A82626 F5 2015","0","0"
"HQ1236.5.I7 A22 2014","0","0"
"Z240.A1 S75 2015","0","0"
"Z240.A1 S75 2015","0","0"
"DK551 .F677 2014","0","0"
"BX597.S6373 P735 2014","0","0"
"DD418.6.S3 A2 2002","0","0"
"HD6276.P43 L56418 2011","0","0"
"HF3465 .S3516 2006","0","0"
"HV600 2008.W46 C66 2014","0","0"
"DC373.K68 A3 2014","0","0"
"F3351.O7 M5 2006","1","0"
"HV9794.S562 K369 2013","0","0"
"F2212 .I52 1994","0","0"
"PL992.2.Y625 P88 2013","0","0"
"GV1127.V4 P47 2014","0","0"
"UG1245.I4 S473 2013","0","0"
"PL992.18.I485 N33 2013","0","0"
"PL992.9.M75 Y85 2013","0","0"
"F3429.3.P65 R365 2014","0","0"
"HB2021 .M43 2010","0","0"
"BT121.3 .C37 2012","0","0"
"PQ7298.17.L36 Z46 2014","1","0"
"PQ2105.A2 S8 2014, no. 11","0","0"
"DK68.7.J3 I26 2014","0","0"
"E356.P7 S37 2015","1","0"
"D16.14 .B49 2015","2","0"
"E476.69 .F73 2015","3","0"
"F247.U6 T37 2015","1","0"
"PN1995.9.I42 C69 2015","0","0"
"E183.8.C5 C417 2015","1","0"
"BP195.A6 K43 2015","1","0"
"PS2593.P347 Z93 2015","1","0"
"PN2656.B4 B275 2015","0","0"
"DP269.8.E2 B37 2015","2","3"
"PT8895 .S27 2015","1","0"
"F1226 .M26 2015","1","0"
"E600 .B83 2015","5","3"
"BT767.7 .B56 2015","0","0"
"DK510.763 .V85 2015","2","0"
"PN70 .N38 2015","1","0"
"D107 .D386 2015","1","0"
"BT821.3 .B76 2015","3","0"
"PT8952.29.U53 R3813 2015","0","0"
"DG338 .S35 2015","0","1"
"E185.615 .R36 2015","1","0"
"DS134.27 .R63 2015","1","0"
"PR478.S64 G73 2015","2","0"
"DB2012 .C55 2015","1","0"
"HQ1127 .W55 2015","1","0"
"B105.W65 V37 2015","1","0"
"PS3511.A86 Z965276 2015","2","0"
"D769 .A56 2015","1","0"
"DS36.88 .C36 2015","1","1"
"PS3613.A78634 C48 2015","0","0"
"PN1993.5.U6 S655 2015","3","0"
"PE1128.A2 U7 2015","1","0"
"PS3563.A39 A6 2015","0","0"
"PN1059.A9 W64 2015","0","0"
"HQ1787 .G457 2015","1","0"
"BQ418 .R6813 2015","0","1"
"B105.T54 D83 2015","1","0"
"PS3605.K78 A2 2015","1","0"
"PA3263 .L58 2015","0","0"
"PA3263 .L58 2015","0","0"
"PS3613.O666 A6 2015","0","0"
"PS3570.E6937 A6 2015","1","1"
"PS3539.E73 M53 2015","0","0"
"PS3614.E26 A6 2014","1","0"
"PN51 .Z296 2015","4","0"
"PS3613.O5666 A2 2015","0","0"
"BD450 .P472344 2015","0","0"
"PS3616.E255 Z46 2015","3","0"
"E184.A1 M78 2015","2","0"
"PS3602.E24 A6 2015","1","0"
"F116 .D43 2015","0","0"
"PC4261 .S83 2015","1","1"
"DG279 .S8413 2014","5","0"
"DG279 .S8413 2014","0","1"
"BT82.2 .E33 2015","2","0"
"PS3603.O86833 A6 2014","1","0"
"PN1995.9.H6 K44 2015","5","1"
"DK508.848 .U42 2015","1","0"
"BR115.P7 R42613 2015","1","0"
"PS3619.C285 A6 2015","2","0"
"F3722.1.H83 H55 2015","0","0"
"RC467.7 .B43 2015","2","0"
"RC455 .M55 2015","2","0"
"PG3337.O3 Z958 2014","0","0"
"BP193.13.A3 F75 1984","1","0"
"D840 .A15 2015","0","0"
"PL430.9.K5 K42 2013","1","0"
"PQ9929.P46 Z83 2009","0","0"
"DK275.A32 A636 2012","1","0"
"HD6473.T9 B73 2015","0","0"
"HB72 .C373 2015","2","0"
"HD30.255 .L56 2015","0","0"
"HF5415.32 .Q37 2015","0","0"
"HD9999.H362 L83 2015","1","0"
"BF323.C8 G73 2015","5","0"
"TL410 .B77 2013","0","0"
"HB615 .S22 2015","0","0"
"HV6401 .E585 2015","1","0"
"GN346.3 .E98 2015","2","0"
"HG3368.A6 G56 2015","0","0"
"LB1027.23 .I46 2015","4","0"
"JN36 .R475 2015","0","0"
"JZ1745 .H85 2015","0","0"
"KFT1620.85.A6 F56 2015","0","0"
"HT391 .L53 2015","0","0"
"HV6950.L7 S56 2015","1","0"
"HF1589 .E35 2015","0","0"
"LC2410.5 .A23 2014","0","0"
"HD1691 .N444 2015","1","1"
"HT352.U6 N477 2015","1","0"
"HB501 .N39822 2015","0","0"
"JC599.K7 T836 2015","4","0"
"HM665 .L84 2015","1","0"
"JN30 .B683 2015","1","0"
"JK511 .S65 2015","1","0"
"HB171 .T24 2015","1","0"
"HQ1090 .G684 2015","3","0"
"LC205.5.N45 M35 2015","0","0"
"P94.5.M552 U625 2015","2","0"
"HV2474 .R47 2015","0","0"
"HG1616.C87 O45 2015","0","0"
"HF5429 .C686 2015","0","1"
"HD2932 .R57 2015","0","0"
"HG5432 .B63 2015","0","0"
"E169.12 .C68 2015","2","0"
"H62 .S78 2015","1","0"
"JZ1570 .S83 2015","1","0"
"HD58.8 .R684 2015","0","0"
"GV403 .C43 2015","1","0"
"P119.32.E54 A38 2015","3","0"
"HD9577.A2 H53 2015","1","0"
"LC65 .R67 2015","3","1"
"PN1992.8.D48 S23 2015","2","0"
"HV6158 .C87 2015","0","0"
"LB1573 .M3178 2015","1","0"
"LB1139.3.G7 E269 2015","1","0"
"LC65 .S66 2015","1","0"
"LC2605 .E296 2015","3","0"
"PN4888.I53 S74 2015","2","1"
"GV1469.6 .B66 2015","4","0"
"LB2846 .C33 2015","0","0"
"HQ796 .L674 2015","0","0"
"HD31 .M688 2015","0","0"
"HM851 .M4255 2015","4","0"
"JA71 .L36 2015","1","0"
"HD69.P75 B493 2014","1","0"
"P99.4.M6 M68 2014","0","0"
"TL410 .S347 2012","1","0"
"HT166 .P526 2015","3","1"
"JC328.6 .F56 2015","0","0"
"JV7590 .P635 2015","0","0"
"LC149.5 .R43 2015","0","0"
"H61 .G578 2015","4","0"
"KJP5669 .T74 2014","0","0"
"HD9999.C9472 H87 2015","0","0"
"HM548 .S63 2015","3","0"
"BF511 .S63 2015","1","0"
"TX361.A8 R95 2012","0","1"
"HM1106 .N33 2015","5","0"
"HM851 .H84 2015","1","0"
"HC79.P6 N86 2015","0","2"
"HQ1061 .H576 2015","0","0"
"LB2831.8 .W654 2015","0","0"
"HV862 .B47 2015","0","0"
"BP183.3 .Q617 1962","1","0"
"K3249 .C66 2009","0","0"
"DS79.72 .H6817 1992","1","0"
"PR5087.P6 T63 2015","0","0"
"PR6045.O72 W3165 2007","0","0"
"JV8010 .T73 2014","0","0"
"PT2670.O36 Z746 2015","0","0"
"HD9506.S7432 S6318 2013","0","0"
"PQ7298.1.G838 A75 2014","0","0"
"HQ788.7.I42 V34 2011","0","0"
"Z124 .P58 2013","0","0"
"DK35 .S73 2015","0","0"
"F3430.1.C8 C4318 2006","2","0"
"PT2671.U324 Z46 2015","0","0"
"DS299 .Y6166 1990","1","0"
"F3320.2.G8 G37 2006","0","0"
"PG5038.S6 A6 2014","0","0"
"F3429.1.C25 S3518 2005","0","0"
"DS292.3 .D69 1989","0","0"
"DS292.3 .D69 1989","0","0"
"P92.C94 J49 2014","0","0"
"PQ9571 .T54 2010","0","0"
"PS3552.R836 O64 2015","1","0"
"F1219.3.R38 J25 2014","0","0"
"E184.I5 R43 2013","1","0"
"PT2712.E59 E5 2015","0","0"
"KKA5246 .A73 2015","0","0"
"PG5002 .K58 2014","0","0"
"DD97 .E47 2015","0","0"
"DD260.85 .S369 2015","0","0"
"PT2642 .A3 2003","1","0"
"PL2291 .S48 2015","0","0"
"PR6029.F3 Z598 2014","0","0"
"HB99.7 .D384 2015","1","0"
"HN49.R33 S74 2015","0","0"
"PT2635.I65 Z734 2015","0","0"
"PG3481.E53 V4 2014","0","2"
"BX4220.P4 M84 1997","1","0"
"PL2443 .Y44 2015","0","0"
"PR5820.S2 E5 2015","2","1"
"HC237 .D66 2013","0","0"
"PG3094 .K426 2012","1","0"
"JQ292 .G45 2014","0","0"
"PT2673.O744 Z46 2015","0","0"
"PQ6523.F3 C37 2014","0","0"
"PG3483.E354 N4 2014","0","0"
"PQ9939.C68 B455 2008","1","0"
"DT107.88 .R48 2014","2","0"
"TR655 .M733 2014","0","0"
"F2230.1.G68 M68 2005","2","0"
"PN2874 .Z4364 2014","0","0"
"HQ1767 .L578 2014","1","0"
"PL2357 .D464 2014","0","0"
"PN2860 .W464 2014","0","0"
"GV1692.D86 S85 2014","0","0"
"DS797.28.D864 D8625 2013","0","0"
"DS797.5.E47 E47 2014","0","0"
"PN1993.5.C6 L55 2012","0","0"
"DS797.54.H858H94 2013","0","0"
"DS797.54.H858H94 2013","0","0"
"DS797.44.H85 H846 2014","0","0"
"DS797.68.X536 S45 2014","0","0"
"DS795.15 .Y36 2014","0","0"
"DS795.15 .F46 2014","0","0"
"PN2876.B37 W8 2014","0","0"
"DS731.T35 Z57 2014","0","0"
"PN2878.T85 Z48 2014","0","0"
"PN2878.M45 X83 2014","0","0"
"BR1286 .M86125 2009","0","0"
"HB2114.F85 Z48 2013","0","0"
"DS797.28.K2 L664 2014","0","0"
"DS797.28.K2 L664 2014","0","0"
"TT504.6.C6 H68 2010","0","0"
"PL2386 .L524 2014","0","0"
"DS797.54.A463 A463 2014","0","0"
"DS797.54.B393 B393 2014","0","0"
"DS797.54.C458 C45 2014","0","0"
"DS797.5.H644 H644 2014","0","0"
"DS797.5 H858 H858 2014","0","0"
"DS797.5.T664 T664 2014","0","0"
"DS797.54.W843 W85 2014","0","0"
"DS797.54.U536 W85 2014","0","0"
"DS797.54.X565 X555 2014","0","0"
"DS797.54.X564 X553 2014","0","0"
"PN2877 .Z438 2014","0","0"
"DS751.72 .Q23 2014","0","0"
"DS731.S63 S853 2014","0","0"
"HT169.C62 Y66 2014","0","1"
"GT2110 .F8 2014","1","1"
"DS754.12 .X8 2014","0","0"
"N7346.D86 H427 2014","0","0"
"DS797.28.D864 X536 2014","0","0"
"PL2359.T36 L536 2013","0","0"
"PN2875.K7 L475 2014","0","0"
"DS730 .Z4488 2013","0","0"
"PL2357 .Z4364 2014","0","0"
"TP822 .X564 2014","0","0"
"TG101 .K65 2014","0","0"
"TP854.C6 X8 2014","0","0"
"PL2354.6 .F8165 2014","0","0"
"PN2878.Z4575 H4 2014","0","0"
"PG3482.8.U898 T766 2015","0","0"
"HD8039.F66 I43 2000z","0","0"
"PS3601.D5 E94  2014","3","0"
"PS3525.I5156 A6 2015","0","0"
"HC340.12 .K68583 2014","0","0"
"PS3525.I5156 A6 2015","2","0"
"Z1003.5.C9 T736 2014","0","0"
"BR85 .N54 2015","2","0"
"BR85 .N54 2015","2","0"
"HD2346.I5 M2645 2000","0","0"
"DP302.N267 C37 2014","0","0"
"GF668 .S68 2014","0","0"
"PS3606.O74755 F33 2014","2","0"
"DE59 .F67 2014","3","0"
"VA574.C4 G73 2014","0","0"
"PT2662.O657 K87 2015","0","0"
"HQ1236.5.C5 L37 2014","0","0"
"PA3972.E97 A15  2014","0","0"
"PN1998.3.O73 N54 2014","0","0"
"PA3161 .B35 2014","0","0"
"PA3976.G5 H57 2015","0","0"
"UH295.S4 S76 2014","0","0"
"DD866 .E69 2015","0","0"
"PT2675.S25 C65 2015","0","0"
"DB89.F7 M43 2013","0","0"
"PQ6053 .L67 2014","0","0"
"PG7158.S42 K668413 2014","0","0"
"PS3615.S275 W45 2015","1","0"
"PT2662.A216 G37 2015","0","0"
"HM1206 .C445 2015","0","0"
"PQ7798.33 .A4 2013","0","0"
"PQ7797 .V2747 2012","0","0"
"PN3491 .R48 2015","0","0"
"PG3385 .P57 2014","0","0"
"HV8964.S65 P728 2014","0","0"
"DK601.2 .S56 2013","0","0"
"DK601.2 .S56 2013","0","0"
"DK4115 .D9513 2014","0","0"
"DK4115 .D9513 2014","0","0"
"DK4115 .D9513 2014","2","0"
"PG3482.5.R3253 N46 2014","0","0"
"Z1033.U58 D22 2014","0","0"
"PL5076 .E26 2014","0","0"
"DU746.J68 A313 2014","0","0"
"DS554.46.C45 I34 2010","0","0"
"HB3644.6.A3 S28 2015","1","0"
"PN1979.S5 M3655 2014","0","0"
"PR9499.4.S56 F57 2014","1","0"
"DS135.H9 G476 2014","0","0"
"D805.H8 C73 2014","1","1"
"DK511.U7 D85 2015","0","0"
"DK268.S4877 S58 2012","0","0"
"DK49 .V4756 2015","0","0"
"PH3382.32.I97 S94 2013","0","0"
"PH3010.5.K578 E6 2013","0","0"
"KZ1161 .C37 2014","0","0"
"JZ6374 .G84 2015","1","0"
"PQ9645 .A68 2013","0","0"
"DS247.A182 A286 2014","1","0"
"PQ9645 .S66 2013","0","0"
"DK254.P48 P485 2015","0","0"
"PQ9698.412.U96 Z46 2010","1","0"
"GT3913.33.S26 G73 2013","0","0"
"DS244.526.T58 K43 2015","0","0"
"PS3622.I536 A66 2015","1","0"
"B631 .I59 2015","1","0"
"B851 .M35 2015","1","0"
"BL256 .A84 2015","0","1"
"PE1450 .N67 2015","3","0"
"PS369 .M37 2015","3","1"
"BL1812.R57 R45 2015","0","0"
"BV2835.3 .T46 2015","0","0"
"PS3613.I532243 C48 2015","1","0"
"BS2446 .B48 2015","2","0"
"F294.A5 A83 2015","3","0"
"PN1995.9.M97 C57 2015","2","0"
"DU120 .C64 2015","0","0"
"BJ1471 .V36 2015","0","0"
"BS501.T57 P67 2015","0","0"
"PS3616.E42 D37 2015","0","0"
"DJK48 .B5313 2015","0","1"
"PN1995.9.H6 G78 2015","3","0"
"BD161 .M33 2015","2","0"
"BD436 .C49 2015","2","1"
"PN1995.9.F35 F36 2015","0","0"
"BJ1395 .B47 2015","0","0"
"PS3552.L392 Z46 2015","2","0"
"BP189.26 .I2513 2015","0","0"
"PR428.I33 I34 2014","0","0"
"BJ1533.H9 I528 2015","1","0"
"D769.8.A6 R43 2015","5","0"
"BS2595.52 .B855 2015","1","1"
"F2462 .G6313 2015","0","0"
"DS935.5 .L554 2015","0","0"
"PS374.M37 M35 2015","2","1"
"E909.O24 S58 2015","1","0"
"BL535 .M98 2015","2","1"
"PS3615.H345 O74 2015","6","0"
"PS3608.A676 P37 2015","0","0"
"BP194.2 .P46 2015","1","0"
"PN2934.2 .L44 2015","1","0"
"PK6415.5 .P47 2015","1","1"
"DS799.42 .C34 2015","1","0"
"PS3603.R3975 P63 2015","0","0"
"DK503.75 .L56 2015","0","0"
"F787 .S68 2015","0","0"
"PN56.P92 C46 2015","3","0"
"DT38.9.C5 R46 2015","1","0"
"DS646.32.D9 H47 2015","0","0"
"PS3611.O74943 R87 2015","0","0"
"PN1009.A1 S69 2015","1","0"
"DS731.U4 K63 2015","2","0"
"BS1324.S9 P47 2015","0","0"
"PN49 .T44455 2015","0","0"
"PS3569.N88 A6 2015","1","1"
"PS3563.E45 T9 2014","0","0"
"PS3563.I422 A6 2015","3","0"
"BR1644.5.N7 C68 2015","0","0"
"HQ118 .B57 2015","0","0"
"DA67.1.H6 S65 2015","1","0"
"DK268.4 .J85 2015","1","0"
"F1055.N6 L68 2015","0","0"
"DT32 .O83 2015","2","0"
"PS3559.R95 A54 2015","0","0"
"Z699 .A63 2015","0","0"
"PS3519.O2625 A95 2015","4","0"
"PR478.I54 D85 2015","1","0"
"PS3609.R474 B49 2015","0","0"
"E185.86 .C586 2015","0","0"
"PS3618.I67 A6 2015","0","0"
"PQ1675.E5 C3713 2015","0","0"
"BX1751.3 .K37 2015","1","0"
"DS87 .H33913 2015","1","0"
"PR1272.2 .C66 2015","1","0"
"PR8965 .C66 2015","0","0"
"BV600.3 .D25 2015","0","0"
"PR6052.A485 Z56 2015","0","0"
"PQ2637.I53 D36 2014","2","0"
"BV4839.D8 P53 2014","0","0"
"PR6113.A327 A6 2014","1","0"
"PQ9698.17.U53 P613 2015","2","0"
"PN1660.5 .T84 2015","0","0"
"PS3211.A2 K83 2015","2","0"
"BR333.3 .H3613 2014","0","0"
"PR1215 .E53 2015","0","0"
"PS3619.T6857 E86 2015","1","0"
"BV4635 .R38 2015","0","0"
"PS3601.R56 A6 2015","0","0"
"BR115.G59 G56 2014","0","0"
"PG3237.E5 G67 2014","2","0"
"PS3569.H39395 A6 2015","0","0"
"PE1129.S8 K28 2015","0","0"
"PS3605.S72 A6 2015","0","0"
"PQ8520.26.E74 D3913 2014","0","0"
"E184.S75 L3686 2015","6","0"
"E457.2 .B674 2015","2","0"
"PR9199.4.M33 L65 2014","0","0"
"PQ2637.I53 T4813 2014","2","0"
"BX159.S564 S6 2014","2","0"
"HF5473.M62 M593 2015","0","0"
"E184.M5 N333 2015","1","0"
"BX8.3 .C86 2015","0","0"
"BR166 .O78 2015","3","0"
"BT75.3 .H3613 2015","0","0"
"PR9199.3.O323 Z46 2015","1","0"
"BT431.3 .P36 2015","0","0"
"BS2651 .H28 2015","0","0"
"PR6113.E47 P43 2015","2","0"
"PK6423 .A93 2014","1","0"
"PS3623.I682 A6 2014","1","0"
"BX1378.7 .F3413 2015","0","0"
"PS3601.V53 Q44 2014","1","0"
"BX4827.B3 H865 2015","0","1"
"PR6103.H34 R43 2014","2","0"
"BL1060 .R453 2015","2","0"
"BS511.3 .R4685 2015","0","0"
"PQ2682.I44 V4313 2015","5","0"
"PN2287.H75 M47 2015","0","0"
"BT755 .C66 2015","0","0"
"PS3569.T122 S36 2014","1","0"
"PS3620.A778 A6 2015","0","0"
"PR2976 .R93 2015","0","0"
"DS557.7 .K47 2015","7","0"
"BT603 .B83 2014","0","0"
"PS3620.H664 A6 2015","1","0"
"DA915.C66 A3 2014","0","0"
"BV4647.F7 H55 2015","4","0"
"PG1595.E3 S87 2014","0","0"
"PR421 .T4 2015","2","0"
"PS3563.A31864 T45 2014","1","0"
"BT40 .M23 2015","0","0"
"PQ4880.A24 T4613 2015","3","0"
"PS153.A84 S96 2015","0","0"
"PR5907 .L37 2015","2","0"
"PR9199.4.D6855 W45 2015","0","0"
"BT103 .S54 2014","0","0"
"KSK4855 .M38 2015","0","0"
"HV9712.5.S94 A3 2014","0","0"
"PT2603.R397 Z75 2015","0","0"
"DB775 .F87 2014","0","0"
"PS3625.E34445 H38 2014","1","0"
"BL820.N95 W55 2015","0","0"
"BL820.N95 W55 2015","0","0"
"PL838.A422 A2 2015","2","0"
"JV8757 .K555 2015","1","0"
"PH3042 .P653 2014","0","0"
"DS917.25 .T585 2015","1","0"
"PH3382.21.A65 A76 2014","0","0"
"DC611.B78 B47 2014","0","0"
"PH3241.H4 Z62 2014","0","0"
"PS3570.U84 P35 2014","1","0"
"PS3623.O45 A44 2014","1","0"
"GN473 .L54 2014","0","0"
"PT187 .E37 2014","0","0"
"PQ6702.U374 N56 2014","1","0"
"PS3557.L294 O53 2015","1","0"
"DT1972.A44 A3 2015","0","0"
"JL1283 .L66 2011","1","0"
"DB920.5 .G96 2014","0","0"
"R630.A1 H34 2015","0","0"
"R630.A1 H34 2015","0","0"
"PL992.2.H48 P56 2007","2","0"
"PQ7298.16.E7 V43 2014","1","0"
"PQ2720.U73 H4513 2015","0","0"
"JN34.5 .L39 2014","0","0"
"B5074.N374 A3 2015","0","0"
"HM1266 .G725 2015","3","0"
"HD8730.5 .K53423 2015","0","0"
"GV558 .C68 2008","0","0"
"GT738 .S866 2015","1","0"
"PH3321.P46 C76 2013","0","0"
"PG3356 .B586 2014","1","0"
"DS797.68.X536 E24 2014","1","0"
"PG3283 .D48 2015","0","0"
"PG3479.4.Y29 N29 2015","0","0"
"DS316.9.A946 A3 2015","0","0"
"PQ7297.H84 A6 2014","1","0"
"HV6433.G7 P36 2015","0","0"
"PG3479.5.H245 M26 2015","0","0"
"PG3328.Z7 P6635 2013","0","0"
"PR9639.3.J644 P35 2014","0","0"
"PQ7298.428.O343 N63 2010","0","0"
"PG3549.I66 A58 2013","0","0"
"PG3491.8.I49 Z23 2015","0","0"
"DS316.9.H86 A3 2015","1","0"
"HE6985 .D45 2014","0","0"
"PQ7298.412.A7324 P35 2010","0","0"
"PQ7298.41.V546 E43 2010","0","0"
"PQ6647.A514 Z6625 2010","0","0"
"PG3492.56.C44 N44 2015","0","0"
"DS316.9.A43 A3 2015","0","0"
"PG3479.R747 Z34 2014","1","0"
"HQ801.5 .A46 2014","0","0"
"B4377 .K512 2013","0","0"
"HX545 .C48 2014","0","0"
"PL2447 .D36 2011","0","0"
"PQ2722.E7536 A92513 2015","0","0"
"ND259.C45 C43 2013","0","0"
"PG3491.6.R38 S45 2015","0","0"
"BQ986.E54 S54 2010","0","0"
"BF692.2 .M46 2014","0","0"
"D524.7.E85 P76 2013","1","0"
"PF5329.S34 S77 2015","0","0"
"PG3491.5.H59 P37 2013","1","0"
"B831.2 .K8913 2015","2","0"
"D523 .V32 2014","0","0"
"D521 .P747 2014","0","0"
"F3611.C515 P47 2014","0","0"
"DG575.M36 A25 2013","0","0"
"LC89 .J38 2015","1","0"
"D640 .R727 2014","0","0"
"PG5439.26.I77 R8512 2014","1","0"
"BX597.Z574 C532 2014","0","0"
"PH3281.K7144 A76 2014","0","0"
"PG5039.22.I522 S55 2014","0","0"
"PG3337.G7 G633 2015","1","0"
"D640 .C745 2014","0","0"
"PG3492.54.L587 R49 2015","0","0"
"NC1670.N4 N45 2014","0","0"
"D809.H8 K65 2008","1","0"
"PG3479.3.R373 R43 2014","0","0"
"PG3443.2 .K65 2013","0","0"
"PG5040.29.I527 S47 2014","0","0"
"D640 .C447 2014","0","0"
"BX597.F4234 K67 2015","0","0"
"PG3492.56.Z542 Z24 2014","0","0"
"PG3492.56.Z562 K28 2015","0","0"
"D550 .G625 2014","0","0"
"D757 .H626 2015","0","0"
"PQ4903.A65366 B75 2013","0","0"
"DA208 .C48 2015","1","0"
"GR825 .S56 2015","2","0"
"JV6003 .H65 no 1308","0","0"
"PH2131 .T258 1988","1","0"
"CT968.K372 A3 2000","0","0"
"PQ7296.J6 Z5654 2014","0","0"
"BF1598.V265 M55 2002","0","0"
"TR29.M67 C43 2013","0","0"
"PC3942.42.O74 M57 2014","0","0"
"PQ7298.428.I93717 D47 2010","0","0"
"PQ7298.436.A38 P47 2010","1","0"
"D640 .C32 2014","0","0"
"PL2881.J8 L5 2014","1","1"
"HQ759.913 .A96 2013","2","0"
"PQ7269.2 .C66 2008","0","0"
"PN2878.F3 A57 2014","0","0"
"PR6054.U72 D39 2015","0","0"
"HC445.8 .N36 2014","0","0"
"PR6058.O92 S55 2014","0","0"
"PQ2661.R3446 F56 2014","0","0"
"PH3382.16.E28 I73 2013","0","0"
"HX914.7.K7 B474 2014","0","0"
"F2239.J5 G66 2014","0","0"
"PN228.C45 N35 2013","0","0"
"LC196 .E37 2014","2","0"
"PQ2662.A7284 M36 2015","0","0"
"PR8876 .D38 2014","0","0"
"PN56.M3 P64 2015","0","1"
"PG7158.T338 A6 2015","0","0"
"JN5452 .I837 2013","0","0"
"PN479 .D47 2015","0","0"
"PR6058.E546 B687 2015","0","0"
"DR914 .K35 2014","0","0"
"PG5002.5.G4 F58 2014","0","0"
"Z3112.8 .A155 2015","0","0"
"PR1259.T75 T75 2014","3","0"
"PS3503.O837 Z65 2015","0","0"
"E185 .T476 2014","2","0"
"BS1475.52 .D678 2014","1","0"
"PQ2706.O47 H66 2014","0","0"
"PH3404.V6 F54 2012","0","0"
"BX4931.3 .R45 2014","0","0"
"D548.9.H37 E47 2014","1","0"
"HV6433.N6 S65 2015","4","0"
"F294.S2 B76 2014","1","0"
"HG930.5 .G35 2014","0","0"
"PT134.I34 F73 2015","0","0"
"PG7053.H63 A35 2014","2","0"
"PL4074.9.P353 H827 2012","0","0"
"PQ2613.A34 F57 2014","0","0"
"HT384.C62 S456 2014","0","0"
"D539.5.C8 V33 2015","0","0"
"HN523 .H63 2015","0","0"
"D640 .H3848 2014","0","0"
"DT57.T44 T56 2014","1","0"
"PQ1193.W37 C46 2014","0","0"
"B5072 .A48 1999","0","1"
"PR9639.3.M195 T45 2015","0","1"
"PH3042 .B37 2014","0","0"
"HQ755.5.U5 R35 2015","1","0"
"LB1570 .D695 2012","0","0"
"CN1161.Y859 H423 2014","0","0"
"LC3731 .O96 2012","1","0"
"PL503 .J36 1990","0","0"
"DP532.5 .S45 2015","4","0"
"PR6113.C34 S64 2014","1","0"
"HM821 .S7 2014","1","0"
"PS283.N3 R56 2014","0","0"
"PQ4866.R8 D633 2014","1","0"
"PL2947.5.X536 L8 2013","0","0"
"PQ8180.17.A73 Z94 2014","0","0"
"PQ9469.2.M87 E73 2014","0","0"
"TC501 .L55 2014","1","0"
"PR9499.4.R693 S644 2015","3","0"
"PQ4916.A6975 A6 2014","0","0"
"PS3523.O833 .Z715 2015","3","0"
"PS3573.E355 B53 2015","0","0"
"PC3929 .A618 2014","0","0"
"DB2628 .F824 2014","0","0"
"PH3042 .P483 2014","0","0"
"HT169.M62 X633 2013","0","0"
"PQ9469.2.D48 R47 2013","0","0"
"PQ6623.A83 A6 2014","0","0"
"PN1992.655 .F47 2014","0","0"
"DD187 .B89 2015","0","0"
"PQ7409.3.G66 P76 2014","0","0"
"GE320.P4 A44 2014","0","0"
"PG5040.18.A25 R94 2015","0","0"
"PG5040.12.A94 S82 2015","0","0"
"PG5040.22.I85 C45 2015","0","0"
"BM675.D3 G597 2014b","3","0"
"BS1225.6.R39 P78 2014","0","0"
"BP166.9 .P36 2013","1","0"
"PQ7498 .C85 2015","0","0"
"BV4501.3 .D882 2003","0","1"
"PH3241.E85 E35 2014","1","0"
"DB2217.5 .K37 2015","0","0"
"PG5039.16.I83 S47 2015","1","0"
"PG5038.M5 D782 2015","0","0"
"PG5040.18.A668 N48 2014","0","0"
"PG5040.22.A64 P66 2015","1","0"
"PG5039.22.I522 V54 2014","0","0"
"PG5040.21.O52 M88 2015","0","0"
"PQ7292.M49 Q567 2011","0","0"
"PQ7269.2 .C66 2007","0","0"
"F3446 .R467 2014","0","0"
"HX110.5.A6 H3636 2014","0","0"
"GR1 .F55 no. 251","0","0"
"PL907 .H96 2011","1","0"
"CT558.G35 A3 2013","0","0"
"HQ1462.5.A3 E874 2013","0","0"
"JZ5584.E18 Y86 2010","0","0"
"D810.C698 A28 2014","0","0"
"PQ4902.A737 M37 2013","0","0"
"PH2064.V37 A2 2006","0","0"
"PL913 .T355 2012","1","0"
"HB3636.4.A3 S56 1993","1","0"
"HN730.6.A8 C57 2015","0","0"
"PG4271 .K47 2014","0","0"
"PG5038.H663 Z684 2015","0","0"
"DS925.W35 K563 2014","0","0"
"N7360 .Y83 2010","2","0"
"BX597.K488 M92 2014","0","0"
"PG34.D725 A3 2014","0","0"
"DC611.T6 E58 2014","0","0"
"PQ3989.2.H85 D47 2015","1","0"
"PN2314 .P365 2010","0","0"
"P99 .S142 2014","0","0"
"PL2842.Y824 Z46 2014","0","0"
"BF447 .Q54 2015","0","0"
"PL2925.L54 H465 2014","0","0"
"PQ7298.418.A78 R48 2009","0","0"
"PQ6713.O93 I56 2914","0","0"
"PQ7389.L49 Z46 2014","0","0"
"BP128.3 .P87 2014","0","0"
"JL2698.U5 F54 2014","0","0"
"JV8020 .H43 2015","0","0"
"PQ2619.A65 Z557 2014","0","0"
"PQ9469.C3 Z875 2014","1","0"
"DK33 .S6645 2014","0","0"
"PQ2662.E45455 P76 2015","0","0"
"PK6416 .S448 2014","1","0"
"PC2460 .A63 2015","0","0"
"P211 .Z389 2015","0","0"
"GV944.85 .M44 2014","0","0"
"F1435.1.Y89 P84 2014","0","0"
"PQ6066 .T456 2013","1","1"
"D548 .T74 2014","0","0"
"PK6481.M9 P87 2014","0","0"
"PT2668.E7514 K86 2015","0","0"
"PC4112 .D45 2014","0","0"
"CC82.3 .B34 2005","0","0"
"DS715 .C524 1985","0","0"
"JN3971.5.A979 W86 2014","0","0"
"F3447 .L34 2003","0","0"
"HJ2535 .T75 2014","0","0"
"HQ1210 .K47 2015","0","0"
"PK6549.S52 Z74 2014","0","1"
"JZ1584 .N48 2015","2","0"
"PN6710 .C67 2014","4","1"
"PR4146 .G5 1863a","1","0"
"PT2621.A26 Z7729 2015","0","0"
"F3083.5.B5 C83 2014","0","0"
"NA1061 .T76 2014","1","0"
"PC3942.26.U44 V53 2014","0","0"
"PC3942.29.I46 T68 2014","0","0"
"DS266 .D54 2014","0","0"
"B765.T54 P44 2014","0","0"
"BP330 .C53 2014","0","0"
"D511 .R855 2014","1","0"
"B3279 .H45 1976 Bd. 97","0","1"
"HQ1735.2 .M57 2014","0","0"
"HM1106 .H45 2014","0","0"
"PQ2679.A92 A8 2014","0","0"
"PQ2235.D93 Z48 2015","1","0"
"HB95 .B57 2015","2","0"
"PL2641 .W354 2014","0","0"
"D640 .V48 2014","0","0"
"HB171 .M32413 2015","2","0"
"JV6225 .K85 2014","0","0"
"PR6054.O95 D425 2015","1","0"
"PT2673.O56 N53 2014","0","0"
"N5660 .M56 2012","2","0"
"TT504.6.S65 Z35 2011","4","0"
"JC571 .K8 2015","0","0"
"PL2877.A6 Z735 2005","0","0"
"PR6114.I92 A6 2014","0","0"
"PL2919.H7825 J4 1995","1","0"
"BL2470.A4 S23 2015","0","0"
"BS1939 .E43 2015","1","0"
"D569.A2 C383 2014","0","0"
"PN2688.D8 A4 2014","0","0"
"PT2506.S85 I6 2014","0","0"
"PL2877.A6 L44 1999 v. 10","0","0"
"PQ4815 .O74 2014","1","0"
"BL65.S4 C74 2009","0","1"
"GT4829.D65 T45 2000","0","0"
"PN2075 .R48 2015","0","0"
"F3069.3.S45 C65 2010","0","0"
"F2936 .U73 2014","0","0"
"DS595.2.C5 N66 2015","3","0"
"RC883 .H58 2013","1","0"
"PQ8098.29.I57 J37 2014","0","1"
"DD419 .H27 2015","2","0"
"RC271.R3 M37 2015","1","0"
"KGF6338.8 .T46 2013","0","0"
"PL2854.C3 Z466 1998","1","0"
"PL2854.C3 Z466 1998","1","0"
"PC3942.13.A25 V535 2014","0","0"
"R644.T284 T73 1996","0","0"
"GV697.A1 F462 2014","0","0"
"PN1995.9.M5 S56 2013","0","0"
"PQ7298.424.E76 D47 2014","1","1"
"PQ4863.A354 D5413 2014","0","0"
"DS799.82.Y34 A3 1996","1","0"
"PN2598.T4 A4 2010","0","1"
"PR4034.E53 M67 2015","1","0"
"RC339.52.C46 A3 2010","1","0"
"PQ9469.3.Q57 Z37 2014","0","0"
"TL781.85.T836 C4912 1996","0","0"
"PR9199.3.R548 A69 2014","0","0"
"PQ2664.I315 Z46 2013","0","0"
"HD8039.L82 U695 2015","1","0"
"PQ7409.B65 Z743 2005","0","0"
"HV8073 .L38 1998","1","0"
"PN6149.P3 M23 2013","0","0"
"BH301.L4 B47 2013","0","0"
"PL2920.E54S528 2001","1","1"
"D792.S65 V56 2015","2","0"
"PQ8497.R47 Z627 2014","0","0"
"PQ2605.O15 Z68613 2013","0","0"
"HD8537.N783 E537 2010","0","0"
"DK771.K2 S53 2010","0","0"
"F1219.3.C65 C87 2012","0","0"
"PL2914.N63 D8 1979","0","0"
"DR2253 .G62 2010","0","0"
"F1219.3.R38 S84 2013","0","0"
"D639.D4 K34 2011","1","0"
"BR510 .M674 2014","0","0"
"DR1313.7.P73 G37 2013","0","0"
"PS3563.O8749 G63 2015","6","1"
"CT3295 .C66 2013","0","0"
"F2151.B68 A3 2015","0","0"
"PM6303 .I88 2014","1","1"
"D522.42 .V47 2014","1","0"
"F3429.1.L7 C37 2014","0","0"
"PG7207.R44 A6 2014","1","0"
"DS37.8 .P529 2015","0","0"
"D621.C6 S44 2014","0","0"
"NX650.D4 F47 2012","0","0"
"BX5199.W655 S57 2014","2","1"
"HQ1952.3 .S437 2012","1","0"
"F1435.3.R3 C668 2013","0","0"
"F1221.T3 M37 2013","0","0"
"PA8275.B4 L46 2014","0","0"
"DS518.9.R8 P874 2014","2","0"
"JF2051 .M85 2014","0","0"
"HV4989 .M46 2014","0","0"
"BP80.T245 B37 2014","1","0"
"D843 .G779 2014","1","0"
"D568.3 .L53 2015","1","0"
"DC373.L49 D45 2014","0","0"
"NB955.M273 S472172 2012","0","0"
"D541 .U353 2014","0","0"
"PQ4570 .R58 2014","3","0"
"DS271.5 .A28 2012","0","0"
"HQ782 .A4 2014","0","0"
"PG1400.6.J35 U185 2010","0","0"
"PR6063.U57 S2 2015","1","0"
"D639.M35 V53 2014","1","0"
"PA6537 .G47 2015","3","0"
"DR2012.5.D38 P45 2009","0","0"
"B105.W3 B78 2014","0","0"
"PN2859.P6 B226 2012","1","0"
"PG1620.17.I55 T35 2011","1","0"
"DS271.7.B37 Z56 2014","0","0"
"PL2878.N163 N5 1993","0","0"
"DT295 .G84 2015","1","0"
"GR1 .F55 no. 248","0","1"
"PK6405.2.A45 Z56 2014","0","0"
"LA985 .U75 2011","0","0"
"PG5039.25.H55 M44 2015","1","0"
"F1359 .R47 2013","0","0"
"BD360 .S55 2014","1","0"
"PL2905.N46 F38 1986","0","0"
"PT2721.T78 S82 2015","1","0"
"PQ6142 .G37 2015","2","0"
"HF1590.15.S644 S56 2013","0","0"
"PL4451.5 .S96 2001","0","0"
"PH1108.9.V47 Z67 2004","0","0"
"ND953.S565 A4 2012","1","0"
"PQ6544 .H475 2015","0","0"
"HQ799.I5 K86 2012","0","0"
"DR2214 .L37 2010","0","0"
"PG1419.29.I36 A2 2015","0","0"
"P51 .S886 2013","0","0"
"AE1 .S86 2013","0","0"
"KGF6338.8 .D47 2012","0","0"
"KGF7638.8 .D47 2011","0","0"
"PR6119.T473 S74 2015","0","0"
"PL2921.N4 R52 1974","0","0"
"DK219.6.L45 B35 2012","0","0"
"DT295.3.K45 A3 2014","0","0"
"BP595 .M49 2014","1","0"
"E184.S5 L66 2003","0","0"
"P121 .S85 2013","0","0"
"PQ4880.A517 S76 2014","0","0"
"HQ792.G4 A15 2013","0","0"
"PQ4904.E146 I5 2014","0","0"
"DS517.1 .C67 2015","1","0"
"HQ1064.G4 A15 2013","0","0"
"BR65.G53 D5314 2013","2","1"
"BR65.G53 D5314 2013","1","4"
"PG7158.M5532 M558 2015","0","0"
"DS98.6 .S97 2015","2","1"
"DR359.T5 S77213 2007","0","0"
"PR4037 .J288 2015","5","0"
"DB927 .H64 1997","1","0"
"PQ4809.A57 Z46 2014","0","0"
"PR1143 .H27 2015","3","0"
"D610 .R87 2014","0","0"
"HC427.95 .W4684 2014","0","0"
"PG1419.2.E74 H57 2000","0","0"
"QC100.T28 C45 2014","0","0"
"F2845 .G735 2015","0","0"
"HN460.R3 E65 2015","0","0"
"DS119.8.G4 D56 2015","0","0"
"DS731.A87 S65 2015","1","0"
"PR9619.3.P2777 W44 2014","0","0"
"PH3042 .V3424 2014","0","0"
"PH3042 .I443 2014","0","0"
"HD30.29 .C65 2014","0","0"
"N7660 .S54 2014","0","0"
"PK1718.A8 Z65 2009","0","0"
"HV7936.C83 S46 2012","1","0"
"DB2236 .Z568 2014","0","0"
"LB1779 .H86 2014","0","0"
"DB2233 .H76 2014","1","0"
"DS485.G875 K63 2014","0","2"
"PK1974 .S87 2012","0","0"
"PR9488 .P44 2013","0","1"
"HV8248 .P36 2012","0","0"
"PN1009.A1 L77 1998","0","0"
"DS779.47 .I53 2010","0","0"
"DS779.47 .I53 2010","0","0"
"HQ743 .S5 1989","1","0"
"PG1919.16.L5 N3913 2013","0","0"
"E169.12 .D579 2009","0","0"
"DS849.R7 T53164 2014","0","0"
"HN690.Z9 C62754 2014","0","0"
"F3447 .C66 2013","0","0"
"RS67.M6 S35 2014","0","0"
"PN1993.5.I8 C66 2014","0","0"
"DS318.825 .R59 2013","1","0"
"F3126 .D87 2014","0","0"
"PL960.8.B57 C48 2014","1","0"
"PQ7085 .L34 2014","0","0"
"DS461.8 .A636 2013","0","0"
"PL4656.5.E5 V32 2012","0","0"
"PK875 .G312 2013","0","0"
"PL992.78.S65 T85 2014","3","0"
"GR305.5.W47 R49 2014","0","0"
"HX385.2.A6 K48 2014","0","0"
"PN6519.K6 I38 2015","1","0"
"DB2086 .Z4635 2014","0","0"
"LC2717 .A45 2015","0","0"
"JZ1773 .H46 2015","1","0"
"HM1266 .H373 2015","0","0"
"P91.3 .K49 2015","0","0"
"HB501 .K5966 2015","1","0"
"JZ1312 .D66 2015","0","0"
"JZ5675 .D69 2015","0","0"
"JQ2947.A92 B35 2015","0","0"
"LC212.43.I4 O85 2015","0","0"
"GV1469.15 .K57 2015","0","0"
"LC1051 .F76 2015","1","0"
"GV880 .P47 2015","2","0"
"HM881 .O45 2015","2","0"
"TL400 .A43 2013","0","0"
"JF2011 .C62 2015","2","0"
"LC196 .I68 2015","4","0"
"HC462.95 .W3435 2015","1","0"
"LC1011 .L467 2015","0","0"
"HV6441 .D35 2015","3","1"
"GA793.5 .P47 2015","1","0"
"P94 .H658 2015","1","0"
"KF4749 .G65 2015","0","0"
"LB2395.35 .P35 2015","1","2"
"JC599.E3 Y44 2015","0","0"
"LB2331 .N94 2013","0","0"
"LB2331.62 .H39 2015","1","0"
"LB1027.9 .L86 2015","0","0"
"LA622 .S53 2015","0","0"
"KF229.H654 Y67 2015","1","0"
"JC327 .T48 2015","0","0"
"LB1060 .T734 2015","0","0"
"P106 .S94 2015","0","0"
"LB1139.23 .U67 2015","2","1"
"LB1027.23 .W75 2015","1","1"
"P95.45 .A38 2015","0","0"
"LC213.52 .A34 2015","4","0"
"BF724.55.C63 R33 2015","1","0"
"GN470 .B488 2015","1","0"
"LC153.N48 B57 2015","0","0"
"E99.P9 L44 2015","1","1"
"JZ5675 .B86 2015","4","1"
"LB1139.23 .C75 2015","0","0"
"LC1099.3 .D394 2014","1","0"
"LC2343 .D33 2015","3","0"
"LC213 .D45 2015","1","1"
"LB1060.2 .E44 2014","0","0"
"HC59.3 .F56 2015","0","0"
"GR780 .D84 2015","1","1"
"LB2341 .I537 2015","0","0"
"LB1590.3 .B6945 2015","0","0"
"LC5225.S64 L43 2015","0","0"
"LB1139.25 .K38 2015","1","0"
"LB1068 .L66 2015","2","0"
"LB2342.82 .M37 2014","1","0"
"LB1028.24 .I83 2015","1","0"
"JF1351 .D4495 2015","1","0"
"LB3051 .B268 2015","0","0"
"JF1351 .P81876 2015","0","0"
"LB1573 .P72 2015","2","0"
"JA71 .R444 2015","0","0"
"HC333 .B89 2014","0","0"
"PN1992.94 .A77 2014","8","0"
"HN373.5 .A618 2015","1","1"
"LC3731 .V346 2015","0","0"
"LB2806.4 .T66 2015","0","0"
"GN345.7 .G36 2016","2","0"
"HD257 .C57 2015","1","0"
"LC41 .N45 2015","1","0"
"TL430 .Z557 2013","2","0"
"BP80.Z24 A3 2014","0","0"
"DK508.833 .W97 2014","1","0"
"PS3613.C357745 O44 2015","0","0"
"HD9975.I43 T36 2014","0","0"
"BP173.4 .S255 2014","1","0"
"PL992.613.S56 P34 2015","1","0"
"PR6003.R4 B435 2015","0","0"
"P235 .B46 2015","0","0"
"LD6223 .F66 2015","0","0"
"E99.C37 C349 2015","3","0"
"HV6433.G32 R655 2015","3","0"
"HD9107.H3 J65 2015","0","0"
"E99.P8 W45 2015","0","1"
"HG5160.5.A3 C35 2015","0","0"
"LB2342 .D674 2015","3","0"
"HM821 .K38 2015","0","0"
"GN365.9 .M37 2015","0","0"
"GV571 .S573 2015","1","0"
"HC107.H33 E585 2015","1","0"
"HD9502.U52 A47 2014","0","0"
"HN638.Z9 R373 2015","1","0"
"HQ784.W3 H89 2015","2","0"
"L13.J64 T36 2015","0","0"
"KF8972 .A76 2015","0","0"
"QC861.3 .S76 2015","1","0"
"HX45 .L3713 2015","2","0"
"JK1021 .H365 2015","1","0"
"HG181 .M3153 2015","2","0"
"HD9725 .N38 2015","0","0"
"PN4784.W7 S65 2015","0","0"
"HT178.N42 A456 2015","0","0"
"LC212.2 .M55 2015","4","0"
"HG3939 .P34 2014","1","0"
"E99.P22 R58 2015","0","0"
"HC255 .R35 2015","0","1"
"PH3241.S965 Z46 2014","0","0"
"PQ7296.J6 Z86 2013","0","0"
"GR351.42.F65 A242 2014","0","0"
"JL966 .R38318 2014","2","0"
"DS436 .I57 2013","0","0"
"NX549.A1 A15 2014","1","0"
"Z106.5.A355 B56 2013","1","0"
"D640 .R45 2014","0","0"
"GN345 .H37 2015","5","0"
"HD875 .S46 2013","0","0"
"B804 .T23 2007","1","0"
"B804 .T23 2007","0","0"
"HV6433.S644 S26 2012","0","0"
"PA5390 .A6313 2015","0","0"
"F1221.Z3 L55 2015","0","0"
"DA965.L48 B75 2014","0","0"
"DG215.E3 S83 2015","3","0"
"E312.5 .E73 2015","0","0"
"F358.2.C5 H78 2015","1","0"
"E184.36.P64 G87 2015","0","0"
"D743 .O25 2015","5","0"
"BJ1286.R47 M58 2015","0","0"
"BM610 .S385 2015","1","1"
"E468.7 .L46 2015","1","0"
"PS169.E25 B55 2015","2","1"
"F391 .A28 2015","0","0"
"E476.7 .J45 2015","0","0"
"F392.B842 A75 2015","0","0"
"PR6045.O72 Z63513 2015","0","0"
"PQ3897 .N65 2015","4","0"
"PN1161 .A28 2015","1","0"
"PQ7111 .T66 2015","1","0"
"E263.N5 A45 2015","0","0"
"F1219.1.T27 C69 2015","0","0"
"PE1405.U6 A77 2015","0","0"
"PS2848 .B2 2015","1","0"
"PS3573.E194 B73 2015","0","1"
"PR6045.O72 T665 2015","4","0"
"PS2848 .C6 2015","1","0"
"PS3613.I555 C48 2015","0","0"
"PS3573.I45535 C65 2015","0","0"
"BQ6377.S382 W383 2015","1","0"
"PS3602.E75949 A6 2015","0","0"
"E625 .M55 2015","2","0"
"PS3551.B2 Z84 2015","1","0"
"BJ1461 .F757 2015","0","0"
"PS341 .D38 2015","0","0"
"PS3603.O3415 A6 2015","0","0"
"DT516.45.K85 J29 2015","0","1"
"PS3563.C3586 I5 2015","0","0"
"BJ1248 .K53 2015","0","0"
"BX4705.M97 M55 2015","0","0"
"PN1995.9.A77 O53 2015","0","0"
"BT1319 .A46 2015","1","0"
"PN1995.9.M49 G86 2015","1","0"
"PR55.W55 A3 2015","6","0"
"DS935 .S57 2015","1","0"
"CT275.L5586 A3 2015","0","1"
"E184.A75 K55 2015","1","0"
"PS627.P76 S49 2015","1","0"
"PS3605.A856 A2 2015","2","0"
"PS3563.I37156 T53 2015","0","0"
"PE1405.U6 R76 2015","0","0"
"PS153.A84 T78 2015","0","1"
"PN1993.5.G3 R43 2015","2","0"
"PA6067 .W66 2015","3","0"
"BL1900.C576 K66 2014","5","0"
"BL1571 .F34 1989","2","0"
"PL913 .K648 2014","0","0"
"DS917.37 .T34 2010","1","0"
"DS917.37 .T34 2010","1","0"
"DS917.37 .T34 2010","1","0"
"D805.5.A96 D73 2014","0","0"
"PR9499.3.D37 A6 2014","0","0"
"HF1418.3.J3 P45 2015","1","0"
"PR9499.4.H367 P678 2014","0","0"
"BP134.S3 H36 2014","0","0"
"BP134.S3 H36 2014","0","0"
"DS922.42.K556 K54 2015","1","0"
"RC438 .S39483 2015","4","0"
"RC178.C872 D82 2015","0","0"
"PG3478.N41336 P74 2014","0","0"
"PL4659.K283 Z865 2013","0","0"
"RA518 .H43 2014","2","0"
"RA644.V4 W35 2015","1","0"
"PK6561.K479 A97 1993","0","0"
"PG3491.6.I22 V2 2014","0","0"
"DK855.5.K67 K56 2015","0","0"
"JZ5584.S65 C54 2011","0","0"
"HV7095.B6 Z35 2014","0","0"
"HQ755.83 .M46 2012","0","0"
"R147.P55 L54 2014","0","0"
"DS266 .T32 2008","0","0"
"D811 .N56 2012","0","0"
"BP80.M848 S54 2002","1","0"
"DD256.5 .V545 2014","0","0"
"PR9499.4.K485 T73 2014","0","0"
"HD7288.78.S55 F54 2012","0","0"
"DS449 .R68 2013","1","0"
"GE199.I5 I58 2011","0","0"
"HF5721 .K54 2010","3","0"
"BD255 .M35 2014","2","0"
"HD1492.C95 D82 2014","0","0"
"PT289 .H462 2015","0","0"
"DG70.M66 M67 v. 6","1","0"
"KBP442 .A93 2008","0","0"
"DT571.B34 B48 2014","0","0"
"DK169.K8 R68 2013","0","0"
"DS721 .P84125 2014","1","0"
"BX500.C6 D38 2010","0","0"
"PN4980.F46 F46 2014","0","0"
"PK6393.C48 A566 2014","1","0"
"PJ5120 .M294 2014","1","0"
"DK290.3.R65 V655 2013","0","0"
"D802.I8 S47 2014","0","0"
"PQ6664 .A865 2014","0","0"
"LC3950 .A36 v. 29","0","0"
"PQ6720.R45 M36 2014","0","0"
"BM487 .C767 2015","0","0"
"DK215.7 .M35 2008","1","0"
"F2216 .M7418 2005","0","0"
"BP43.M4 I85 2013","0","0"
"BL55 .D54 2008","0","0"
"PQ4835.A3 Z737 2014","0","0"
"DS777.518 .E2612 2014","0","0"
"DK38 .M446 2014","0","0"
"DS721 .G3912 2014","0","0"
"R128.3 .B34213 2013","1","0"
"DK219.6.K34 V67 2014","0","0"
"DK254.T6 L43 2015","0","0"
"PG3321.A45 Z648 2014","0","0"
"DS735 .W79125 2014","2","0"
"DK190.6.E4 T55 2013","0","0"
"DK604.3.P87 M45 2013","0","0"
"PQ4088 .C859 2014","1","0"
"D548 .D87 2014","0","0"
"B824 .R65 2015","1","0"
"E185.63 .S47 2015","2","0"
"E628 .R629 2015","1","0"
"PS3554.O9346 C48 2015","0","0"
"PN1995.9.I34 G37 2015","1","0"
"PR6068.I58 A6 2014","0","0"
"PS3616.E72 D43 2015","3","0"
"BL325.D35 D42 2015","2","0"
"DS63.2.B9 I3613 2015","3","0"
"PR408.M37 H43 2015","0","0"
"BH301.N48 B37 2015","1","0"
"E183.8.C2 H256 2015","0","0"
"G630.S33 S3413 2014","1","0"
"PQ4088 .C2894 2015","1","0"
"PN2287.B434 A3 2015","1","0"
"D640.A2 W43 2014","0","0"
"D769.25 .B49 2015","1","0"
"PR275.G65 E45 2015","0","0"
"PL2470.Z6 G66 2015","3","0"
"PL1279 .Y367 2015","0","0"
"PR6102.R44 H47 2015","1","0"
"PR658.H5 H57 2015","1","1"
"PN1995.9.E96 G33 2015","0","0"
"LC212.522.N8 G75 2015","5","0"
"BS511.3 .C76 2015","3","0"
"BS511.3 .C695 2015","2","1"
"DS119.76 .K634 2015","0","0"
"HQ18.I8 B33 2015","0","0"
"B2799.E5 W85 2015","0","0"
"PS3552.E373 K55 2015","1","0"
"D445 .R595 2015","2","0"
"PS3569.I4725 A6 2015b","3","0"
"BD331 .L785 2015","0","0"
"DA685.A1 K56 2015","2","0"
"PR6045.O53 L83 2015","0","0"
"HQ77.8.F43 A3 2015","2","0"
"PG7178.Z9 A2 2015","1","0"
"PR6108.A538 M57 2014","0","0"
"E184.A75 M63 2015","6","0"
"PR1749.M5 A21 2015","1","0"
"DS54.8 .H66 2015","0","0"
"PL2303 .S4855 2015","0","0"
"E902 .N34 2015","0","0"
"PS3604.E7575 S37 2015","0","0"
"PS3562.E4934 S58 2015","0","0"
"E456 .G47 2014","0","0"
"DK855.8 .B88 2015","1","0"
"E183.8.C5 T425 2015","0","0"
"D16.9 .U83 2015","1","1"
"TX723.2.V46 Z38 2014","1","0"
"PS3566.E245 Z46 2015","1","1"
"PR9199.4.J32 W56 2015","1","0"
"BJ1521 .A53 2015","0","0"
"PS374.S445 G38 2015","0","0"
"PR6061.I38 Z55 2007","0","0"
"PS3602.R329 A6 2015","1","0"
"BT265.3 .W66 2015","0","0"
"E183.8.A9 A87 2014","0","0"
"PS283.M6 B57 2015","0","0"
"PR6023.E926 Z5996 2015","1","0"
"DU122.C5 C42 2015","0","0"
"BR1615 .W43 2015","1","0"
"BT121.3 .B6513 2015","2","0"
"DS371.412 .K46 2014","1","0"
"PE1404 .C724 2015","1","0"
"PS3616.O56836 D43 2015","0","0"
"E457.5 .F33 2015","0","0"
"PS3605.M759 D66 2014","1","0"
"PS3607.R4297 A6 2014","1","0"
"PT2647.A64 A2 2015","4","0"
"E185.5.N276 W35 2015","0","0"
"BS2675.53 .P76 2015","0","0"
"PS3572.I354 A6 2015","0","0"
"PS3523.A972 A6 2015","1","0"
"BC175 .P573 2015","4","0"
"PS3614.I572 A6 2015","1","0"
"BS2589 .K85 2015","1","0"
"PG3479.7.L528 B53 2015","1","0"
"BS2615.53 .B97 2014","1","0"
"PS3553.A947 A6 2014","0","0"
"PS3616.E529 M36 2015","0","0"
"PS3616.H46 A6 2015","0","0"
"DA722.1.B68 A3 2014","0","0"
"PS3601.S45 A6 2015","0","0"
"PN2055 .R42 2015","1","0"
"PS3552.A7727 A6 2015","0","0"
"PS3561.W447 A6 2015","0","0"
"BL619.P5 P5195 2014","0","0"
"PR6113.C3797 P66 2015","2","0"
"PN1995.9.M29 G733 2015","1","0"
"BS2361.3 .M66 2015","0","0"
"BX1753 .R53 2015","1","0"
"PS3554.O4673 A6 2014","0","0"
"PR6112.O845 A6 2015","0","0"
"HN110.5.A8 M38413 2015","0","0"
"DK264.8 .R87 2014","2","1"
"PS3552.R748 A6 2015","1","0"
"BL60 .C5613 2015","0","0"
"PQ2667.A7737 S6513 2015","5","0"
"PS3553.O4753 S88 2015","0","0"
"PS3612.A397 A6 2014","0","0"
"PT9877.36.A53 S5613 2015","0","0"
"PS3602.A6665 T45 2015","0","0"
"PG3492.56.Z66 U8713 2014","0","0"
"PS3623.O647 V45 2014","0","0"
"PS3620.H772 W43 2014","1","0"
"PR9197.6 .W44 2015","0","0"
"PL853.T56 K313 2014","1","0"
"D377.3 .D32613 2015","0","0"
"PC2498 .W75 2014","0","0"
"PS3622.O665 S86 2015","0","0"
"DK236.M35 A3 2014","0","0"
"N7483.G588 A3 2015","0","1"
"HC340.12.Z7 S5398 2013","0","0"
"BR133.R83 M6 2009","0","0"
"DK510.763 .V5124 2013","0","0"
"D720 .B56 2015","2","0"
"D422 .Z85 2014","0","0"
"DS149.5.S95 H37154 2015","0","0"
"DK510.35.B45 B45 2013","0","0"
"DK511.U7 P65 2012","0","0"
"BX664.A25 D676 2012","0","0"
"DK509.9.D58 K69 2015","0","0"
"GT2853.R8 S583 2014","1","0"
"D811 .C55755 2013","0","0"
"TS533.62.K42 K42 2014","0","0"
"BP130.7 .F56 2014","0","0"
"AC127 .T36 2008","0","0"
"B753.F33 T35 2014","0","0"
"PR6039.O242 Z64 2015","0","0"
"PK6495.M775 R39 2014","0","0"
"DK51 .A442 2014","0","0"
"PG3489.4.Z6 Z884 2015","0","0"
"DS61.7.W35 D6513 2014","0","0"
"CT1213 .R382 2012","0","0"
"DS735 .F27125 2014","3","0"
"DS706.5 .L3125 2014","0","0"
"JL1219 .J87 2013","0","0"
"PT187 .D86 2014","0","0"
"DS255 .Z34 2014","0","0"
"PS3606.A8665 F57 2015","1","0"
"JZ5584.A33 H37 2014","0","0"
"B722.B97 C55 2014","0","0"
"N6715 .E68 2005","1","0"
"PG3321.A45 Z884 2015","0","0"
"BP173.6 .P87 2012","0","0"
"PQ6672.A92 Z64 2014","0","0"
"HC240 .P596512 2014","0","0"
"GT2774.A3 F37 2014","0","0"
"UG626.2.L393 A3 2013","0","0"
"HB2022.L68 C6718 2004","0","0"
"DS755 .M6312 2014","0","0"
"B126 .S34512 2014","0","0"
"DK201 .B33 2014","0","0"
"LB1051 .Q19 2010","1","0"
"PQ7081.A1 C84 2014","3","0"
"BX495.R6 R68 2012","0","0"
"BH39 .A745 2015","0","0"
"B48.R9 S68 2015","0","0"
"BX597.P38 A3 2013","0","0"
"GT4874.A2 Q24 2013","0","0"
"UG1242.F5 M445 2013","0","0"
"HN293.5 .R33 2014","0","0"
"DK254.A4957 T78 2014","0","0"
"PQ7297.R386 Z85 2013","0","0"
"PQ8497.S22 Z68 2005","0","0"
"BL96 .Q23 2013","0","0"
"F3320.2.C37 C66 2005","0","0"
"F3341.O6 G37 2001","0","0"
"DS754.14 .S3812 2014","0","0"
"PQ7291.M5 L37 2013","0","0"
"DK510.762 .K9478 2014","0","0"
"HD9696.S43 U598 1998","1","0"
"DK510.763 .I44248 2013","0","0"
"PK6561.C45 A6 2004","0","0"
"JV4260 .H385 2015","0","0"
"PK6561.R296 K39 2011","2","0"
"PL2892.I5335 H75 1995","0","0"
"BX597.L395 A3 2012","0","0"
"BX597.V284 D88 2014","0","0"
"PL2877.L5 C46 1996","0","0"
"F3429 .R5518 2000","1","0"
"DK72 .F66 2013","0","0"
"Z1003.5.F8 V65 2015","0","0"
"JL2681 .H862 2014","0","0"
"HQ1147.E85 M32 2015","0","0"
"PQ8097.N4 Z766 2014","0","0"
"BV1470.R9 E545 2013","0","0"
"JZ5584.B28 Y94 2014","0","0"
"BX920.M67 R83 2013","0","0"
"DC119.8 .G45 2014","1","0"
"HD9999.C9473 M66 2013","1","0"
"PQ315 .G74 2014","0","0"
"PL2868.I255 Q25 2003","0","1"
"PQ8098.413.A772 G65 2014","0","0"
"BL2566.D65 R88 2004","1","0"
"PC3941.S6 A6 2013","0","0"
"BL2532.S3 J83 2014","0","0"
"F1935 .V435 2006","0","0"
"PQ7798.1 .D77 2014","0","0"
"NX514.M49 C65 2010","0","0"
"B3279.H24 B67 2015","0","0"
"PC3942.23.A86 A13 2014","0","0"
"U35 .V4518 2014","0","0"
"PN1998.R45 A5 2015","0","0"
"PM3015 .H466 2014","2","0"
"PC4831 .M37 2014","2","1"
"DK99.8 .K43 2014","0","0"
"PG3491.6.O52 T64 2014","1","0"
"NX562.A1 A53 2014","0","0"
"HB179 .K37 2014","0","0"
"DS923.284.P36 I45 2015","1","0"
"HQ1075.5.S65 L435 2014","1","0"
"DT14 .P647 2014","0","0"
"DR46.97 .S456 2014","0","0"
"G420.R38 A3 2015","0","0"
"DK272.5 .S466 2014","0","0"
"ND699.R315 E678 2015","0","0"
"PG3476.P27 Z842 2015","0","0"
"DK43 .G76 2013","0","0"
"BX605.Z35 A3 2015","0","0"
"DK67.5.G3 K475 2014","0","0"
"PQ4864.E432655 Z46 2014","0","0"
"PL913 .C435 2014","1","0"
"DS905.82.Y86 A3 2015","0","0"
"PN6765 .P68 2014","0","0"
"HQ1742.5.S27 A6 2013","0","0"
"PQ7820.A72 P63 1993","1","0"
"DS515 .C53 2014","0","0"
"PK6562.23.A846 N37 2012","0","0"
"PQ7822.A63 I6 2004","1","0"
"PQ8220.41.A34 P64 2002","1","0"
"HF5415.332.Y66 A15 2014","0","0"
"GN400 .S269","1","0"
"HV8964.T55 G853 2014","0","0"
"B745.P655 Z57 2014","0","0"
"PQ2605.A3734 Z73466 2013","0","0"
"HC433 .M393 2012","1","0"
"DS923.25 .Y549 2015","0","0"
"HQ1744.J35 R36 2012","0","0"
"PQ2637.I547 Z778 2013","1","0"
"D523 .R53 2014","0","0"
"UA840 .V46 2014","0","0"
"GR335 .W2785 2014","1","0"
"PQ3989.S468 Z75 2013","0","1"
"PR9499.3.M85 C52 2014","0","0"
"PQ2704.J39 B54 2015","0","0"
"JV8509.K47 I54 2012","0","0"
"RA564.85 .A54 2002","1","0"
"JC573.2.R8 R474 2014","0","0"
"BH301.I53 D93 2012","0","0"
"PQ2305 .W85 2015","0","0"
"DS135.N6 J3354 2015","1","0"
"PN1993.5.N55 A98 2014","0","0"
"PR9387.9.A67 B56 2014","1","0"
"G1834.D8 1847 .D83","0","0"
"PR9387.9.I73 Z555 2014","1","0"
"PR9387.9.S6 Z53 2014","0","0"
"F574.D457 M37 2015","3","0"
"PR9387.9.Y47 O65 2014","1","0"
"PR9387.9.A2666 T67 2014","1","0"
"UA840 .B436 2014","0","0"
"PQ2227 .R35 2014","0","0"
"DK267 .P93 2013","0","0"
"UA853.T28 T348 2014","0","1"
"UA853.T28 T348 2014","0","0"
"D548 .Y48 2014","0","0"
"TT922 .Y38 2014","1","0"
"PQ7820.A72 A8 2003","1","0"
"PN1942 .F37 2014","0","0"
"DK268.S8 G675 2012","0","0"
"HQ1090 .C658 2015","1","1"
"DK606.U83 K67 2013","0","0"
"DS799.63.U6 Z654 2013","0","1"
"UA853.I7 T37 2014","1","0"
"PQ2605.O15 Z6855 2014","0","0"
"DK268.S8 L6223 2013","0","0"
"PQ2625.A9222 Z65 2014","0","0"
"PJ7711 .A2 2014","0","1"
"PJ7711 .A2 2014","0","1"
"HQ1240.5.I4 G47 2012","0","0"
"DK191 .D46 2012","0","0"
"DK510.36 .B66 2012","0","0"
"PN1995.9.S6 F55 2013","1","0"
"PN2919.8.G45 A3 2015","0","0"
"DK697.3 .I835 2015","0","0"
"PQ2601.N67 Z546 2014","0","0"
"D640 .C533 2014","0","0"
"PQ2387.R5 Z544 2014","3","0"
"BX4705.J3 D66 2014","3","0"
"PL1709 .W83  2014","0","0"
"PL1709 .W83  2014","0","0"
"PQ6292.A1 M58 2003","2","0"
"GV697.A1 D392 2014","0","0"
"PQ2191.Z5 P38 2014","0","0"
"D764 .P9528 2012","0","0"
"DS485.N27 L68 2013","0","0"
"F865 .M37 2013","0","0"
"PN1998.3.B292 K88 2015","0","0"
"B2017 .K68 2015","0","0"
"PQ2663.O6 Z57 2014","0","0"
"PQ2220.D67 Z8 2015","0","0"
"BP188.8.I552 G55 2014","0","0"
"P40.5.D53 E38 2014","0","0"
"HC336.26 .G729 2015","0","0"
"PJ6696.Z5 S965 2014","0","0"
"DS778.C58 J536 2014","0","0"
"PQ8180.1.N54 T63 1999","0","0"
"PQ8180.24.I5 P37 1993","1","0"
"D764.3.S7 B27 2012","0","0"
"PT2667.N54 G47 2014","1","0"
"DK511.Y2 R298 2014","0","0"
"D629.F8 M37 2014","1","0"
"PN2658.I5 P67 2014","0","0"
"JS6057 .N372 2014","1","0"
"PQ8180.1.G815 D47 1993","0","0"
"DK651.T9 M26 2015","0","0"
"PQ8220.1.L93 C3 1984","1","0"
"PT2671.R3725 W54 2015","0","0"
"PQ7822.A48 C8 2001","1","0"
"D524.7.F8 G68 2015","1","0"
"D523 .M24 2014","0","0"
"PQ2663.H257 Z46 2015","0","0"
"E910 .T84 2014","1","0"
"PQ8098.43.O775 C54 2009","0","0"
"DC801.R87 B68 2014","0","0"
"DK215.7 .N55 2014","0","0"
"PN56.M376 P64 2015","0","0"
"Z8079.3 .S34 2015","0","0"
"BX342.5 .F678 2014","0","0"
"BR1050.B45 Z34 2012","1","0"
"BR1050.B45 Z34 2012","0","0"
"PC2199 .R65 2015","0","0"
"HT325 .P34 2015","0","0"
"PQ2631.R63 Z4582 2015","0","0"
"D626.G3 L46 2014","0","0"
"PQ4873.O6676 I537 2015","0","0"
"BP194.5.T4 R35 2014","0","0"
"D804.3 .G69 2014","0","0"
"DC611.S345 M48 2014","0","0"
"PK6416 .M267 2014","0","0"
"JS7439.2.A2 C454 2007","0","0"
"PN1993.5.C9 C373 2014","0","0"
"F3101.3 .M68 2010","1","0"
"F3091 .L46 2010","1","0"
"BH91 .P55 2013","0","0"
"PQ8220.1.N46 H84 1989","1","0"
"PQ4088 .C2893 2013","0","0"
"DS316.9.K58 A3 2014","0","0"
"BX2613 .P35 2014","0","0"
"PQ2672.E9488 E44 2015","2","0"
"BF575.H27 K5512 2014","0","1"
"DK268 .S8 2013","0","0"
"D511 .C2185 2014","0","0"
"PG7011.J365 A3 2012","1","0"
"PQ2631.R63 T433 2014","0","0"
"PL2921.M57 S36 2014","0","0"
"D802.I82 V535 2014","0","0"
"D639.D4 G38 2014","0","0"
"KNQ42.L825 Y68 2014","0","0"
"PQ4880.A24 Z95 2015","0","0"
"PQ241 .G84 2013","1","0"
"PS3566.E15 A67 2014","1","0"
"DC367 .V53 2015","0","0"
"PN56.5.C48 E54 2015","0","0"
"DC314 .F68 2014","0","1"
"PL2931.A43 W825 2014","0","0"
"PQ2193.B163 M4 2013","0","0"
"HD9560.1.O66 T35 2014","0","0"
"GB1356.52.Z48 Z43 2014","1","0"
"PH1108 .D873 2013","0","0"
"DS799.5 .Q247 2014","0","0"
"PQ145.6.S32 D53 2015","0","0"
"D627.A2 M66 2013","0","0"
"PL2924.T43 X72 1985","0","0"
"PQ2663.I97 Z58 2015","0","0"
"PQ2362.Z5 O99 2014","0","0"
"HQ513 .S773 2013","0","0"
"PQ2625.O67 Z48 2013","0","0"
"PL2854.M4 H36 1966","1","0"
"PQ3989.2 .T35 2013","0","0"
"D627.G3 C677 2013","0","0"
"PN56.P58 S87 2015","0","0"
"DC203 .I364 2014","0","0"
"DK510.765 .D67 2015","0","0"
"D548.9.F74 G89 2014","0","0"
"PQ2615.A85 Z63 2015","0","0"
"PQ2249 .D46 2015","0","0"
"DC342.8.J6 F73 2014","0","0"
"DS795.2 .X77 1983","0","0"
"DS799.63.C6 Y826 2009","0","0"
"BX597.N48747 Z55 2014","0","0"
"PQ4336 .L53 2014","3","0"
"DC34.5.R8 K748 2014","1","0"
"PQ8098.413.A79 T56 2008","1","0"
"PG3337.G6 O13644 2012","0","0"
"F3126.V46 A7 2010","1","0"
"D507 .R46 2014","0","0"
"D640 .S34322 2014","0","0"
"PQ8091 .A68 2002","1","0"
"PQ8491.P862 A5 1987","1","0"
"PQ8220.1.N4 C3 1991","1","0"
"PQ8098.1.M24 D4 1998","1","0"
"PQ8220.41.G7656 M4 2005","1","0"
"PQ8220.1.N397 D47 1994","1","0"
"PQ2380.P47 Z46 2015","0","0"
"PQ2635.I38 Z811 2015","0","0"
"DS799.82.C438 W35 1996","1","0"
"HV6430.L55 R33 2012","1","0"
"PQ8220.1.G84 T72 1984","1","0"
"PQ8220.1.N375 S6 1986","1","0"
"PQ2678.O7677 Z46 2015","0","0"
"DG847.14 .A5314 2015","0","0"
"PN770.5 .C85 2015","1","0"
"HQ1075 .S279 2015","1","0"
"PR4381 .B87 2014","0","0"
"BL625.7 .E474 2015","1","0"
"HN49.C6 I34 2015","2","0"
"DG637.5 .L49 2014","1","0"
"N6494.F55 N37 2014","0","0"
"DK511.M43 P76 2014","1","0"
"B77 .M37 2015","0","0"
"GT2884 .B54 2015","0","0"
"PQ8180.1.G812 R47 1995","1","0"
"D819.F8 D74 2015","0","0"
"PQ6662.O614 V43 2014","0","0"
"PQ2625.A628 O34 2013","0","0"
"PQ7297.P285 Z46 2014","0","0"
"B2137 .G58 2013","0","0"
"DS356 .K33 2014","0","0"
"DS356 .K33 2014","0","0"
"DS356 .K33 2014","0","0"
"HN300.S3 A73 2014","0","0"
"PQ2664.U6887 E24 2015","0","0"
"PK6549.S534 A6 2014","0","0"
"PK6549.S534 A6 2014","0","0"
"DS774 .M56 2014","0","0"
"PQ2702.E84 V58 2014","0","0"
"PL2973.G39 A6 2014","0","0"
"BR1288 .L5524 2014","0","0"
"PT8951.21.N38 M5613 2013","7","0"
"PQ8098.412.A74 B68 2014","1","0"
"GR291.N34 R87 2014","0","0"
"GR291.N34 R87 2014","0","0"
"F1928.2 .T445 2012","0","0"
"PL2929.7.U285 A6 2014","0","0"
"PL2929.7.U285 A6 2014","0","0"
"PT8951.21.N38 M5613 2015b","5","0"
"PS3552.U75 Z697 2014","0","0"
"PQ8098.416.R47 P35 2014","0","0"
"PQ4903.A4745 S63 2013","0","0"
"PQ3949.L5 Z574 2014","0","1"
"PQ6720.U64 C67 2014","0","0"
"PQ7798.12.I98 E5 2013","0","0"
"AC150 .S8384 2014","0","0"
"BR195.W6 M38 2014","0","0"
"D802.F8 F554 2015","0","0"
"PN53 .B36 2015","1","0"
"HQ1155 .F76 2015","0","0"
"PQ2625.A716 C5943 2015","0","0"
"B485 .L369 2013","0","0"
"DS96.2 .S27 2015","0","0"
"DS751.6.W28 L858 2014","0","0"
"GC1018 .O238 2015","1","1"
"D569.B45 S57 2013","0","0"
"PQ7798.41.L54 R44 2013","0","0"
"PQ7798.1.I7 T74 2013","1","0"
"D522.23 .R65 2013","0","0"
"PH3202.A35 Z886 2014","0","0"
"Z678.8.C7 B67 2014","1","0"
"PQ6641.A47 Z635 2014","1","0"
"D617 .Z46 2014","0","0"
"PL2977.5.E75 Z85 2014","0","0"
"PG1802 .S86 2014","0","0"
"DB2231.M33 A3 2014","0","0"
"PJ7820.U92 M3813 2014","0","1"
"PR2870.A2 P6 2015","6","0"
"PQ4055.W6 R67 2015","0","0"
"PL2949.7.U76 D87 2011","0","0"
"PN56.C55 P87 2013","0","0"
"HD5749 .G73 2013","0","0"
"PR6066.I53 Z785 2015","0","0"
"PQ7798.25.T415 V54 2014","0","0"
"GT3415.R8 K322 2015","0","0"
"PQ9698.423.E518 C45 2012","0","0"
"HX866.Z65 G89 2014","0","0"
"PQ7386 .M35 2014","0","0"
"NX620 .S55 2014","0","0"
"Z305 .B35 2015","0","0"
"BP595.S894 L4313 2014","0","0"
"DK508.848 .A54 2015","0","0"
"HT147.C48 Z438 2014","0","0"
"PA8245 .V49 2013","0","0"
"BP595.S895 G78 2014","0","0"
"PN1993.5.C8 A34 2011","0","0"
"DC113 .F73 2015","0","0"
"PS3553.I78 L56 1995","3","0"
"DB2228.7 .K62 2014","0","0"
"PJ2344 .C37 2015","1","0"
"DS799.849.C46 W35 1997","1","0"
"LC40 .I585 2015","2","2"
"PQ7703 .V397 2013","0","0"
"PS3553.I78 H618 2009","7","2"
"PQ2649.O8 Z65 2015","0","0"
"LC196.5.F8 V47 2014","0","0"
"PQ8098.412.E354 R54 2014","0","0"
"HQ1236.5.A7 V34 2013","0","0"
"PL2914.N63 F8 1994","0","0"
"HD5660.A7 R84 2014","0","0"
"PG4689 .R23 2015","0","0"
"HD5660.L29 E53 2013b","0","0"
"E18.82 .D57 2014","1","0"
"PN99.H9 V45 2014","0","0"
"PK9169.P3 Z75 2013","1","0"
"PQ6072 .P35 2014","1","0"
"D414 .P766 2014","0","0"
"DS107.3 .P35 2013","0","0"
"PQ2671.A32 F55 2015","0","0"
"PQ4809.A52 C36 2014","1","0"
"PR8755 .M37 2015","1","0"
"DR229.S65 D73 2015","1","0"
"P147 .P7298 2014","0","0"
"PQ4874.A475 B36 2014","2","0"
"PJ64.S5 S55 2014","0","0"
"DB205.8.R8 N45 2014","0","0"
"PQ2649.O8 M4633 2014","0","0"
"JC143.M4 K37 2015","0","0"
"PR6073.E47 D43 2015","3","0"
"PR6123.I57 S86 2015","1","0"
"PR474 .E84 2013","2","0"
"PN56.5.E96 F45 2014","0","0"
"PS3551.L22 N6 1993","1","0"
"PQ7797.B635 Z66362 2013","0","0"
"PQ8220.14.E23 A8 1984","1","0"
"PQ2191.S63 H82 2014","0","0"
"BF482 .H355 2012","3","0"
"F2849 .B37 2013","0","0"
"PQ1345.A2 F7 2014","1","0"
"HM661 .H36164 2013","2","0"
"PN1892 .K693 2015","1","0"
"D550 .V435 2015","0","0"
"BF789.E94 B44161 2013","1","0"
"LB2822.82 .B79 2015","7","0"
"PR6053.O6649 S4 2015","0","0"
"PG3479.5.H748 S672 2014","0","0"
"PN56.C69 M874 2015","0","0"
"PN2287.M69 M37 2015","0","0"
"DC719 .P374 2014","0","0"
"HC275 .N38 2014","0","0"
"B3313.A44 K67 2003","2","0"
"DB2055 .T72 2014","0","0"
"B4259.S384 A4 2014","0","0"
"PQ6652.A654 E52 2014","0","0"
"PS3568.U8116 M43 2015","1","0"
"HN300.Z9 V52 2014","1","0"
"PQ2664.U288 Z48 2014","0","0"
"HC153 .F736 2014","0","0"
"PR8966 .N49 2015","0","0"
"B2430.D454 C53 2015","1","0"
"BL65.P7 V38 2014","0","0"
"DC123.5 .B37 2014","0","0"
"Z1003.5.K6 K53 2012","0","0"
"TX773 .K53 2015","0","0"
"PQ1752 .D84 2014","0","0"
"PQ6102 .C654 2013","0","0"
"PQ7298.23.O724 I35 2014","0","0"
"PJ5014 .I87 2013","0","0"
"PG3479.3.L5524 V84 2015","0","0"
"PS3507.O73277 A6 2015","0","0"
"PS153.M4 C76 2014","1","0"
"D638.F8 P66 2014","0","0"
"B5800 .S39 2014","0","0"
"PT7279.M5 A7613 2014","2","0"
"PR6052.A6485 A6 2014","3","0"
"PQ6144 .T46 2015","0","0"
"PR8804 .W75 2015","1","0"
"DB2209 .V25 2014","0","0"
"PQ6657.O65 C66 2014","0","0"
"PR6116.I47 R5 2014","1","0"
"PS3623.O6769 S37 2014","1","0"
"PL992.14.Y625 S27 2009","0","0"
"PR9199.3.T485 H68 2014","0","0"
"BX1378.6 .A5 2014","0","0"
"PL1064.Z46 A3 2014","1","0"
"DG68 .S74 2015","0","0"
"DB2500.P59 S86 2013","0","0"
"PN5355.E852 J68 2014","0","0"
"BX9225.V37 B67 2014","1","0"
"DS799.24 .L8243 2014","0","0"
"PQ2668.A314 P3513 2014","0","0"
"KBP494.74.K48 A34 2011","0","0"
"KBP494.74.K48 A34 2011","0","0"
"KBP494.74.K48 A34 2011","0","0"
"PS351 .O43 2015","0","0"
"PR6111.A68 L55 2014","1","0"
"B67 .A58 2015","0","0"
"PS589 .A12 2014","0","0"
"DS799.63.C6 L53 2014","0","0"
"PG3015.5.S9 L5813 2014","0","0"
"PQ4866.I41485 Q45 2014","0","0"
"BP188.9 .N55 2013","1","0"
"BP188.9 .N55 2013","0","0"
"PL2908.N515 Z353 2014","0","0"
"DS75.G43 G43 2014","0","0"
"DS75.G43 G43 2014","0","0"
"JN6695 .Z35 2012","0","0"
"PG3501.U35 S47 2014","1","0"
"PN56.P49 L58 2015","1","0"
"DS796.H757 X5245 2014","0","0"
"PR6063.O613 A6 2014","1","0"
"HV875.26 .S75 2014","1","0"
"B3317 .N4445 2013","0","0"
"BF441 .T45 2015","0","0"
"PR4365 .C63 2015","2","0"
"PS3501.N56959 A6 2015","0","0"
"PQ6655.S65 D53 2013","0","0"
"LB1715 .G57 2014","1","0"
"PN1993.5.A65 A76 2015","3","0"
"DT545.77.T76 B477 2014","0","0"
"BX4827.B3 K33 2014","0","0"
"PN1263 .P63 2014","0","0"
"PN1993.5.S7 F53 2014","0","0"
"PQ8097.N4 Z61577 2014","0","0"
"HF1025 .C46 2014","0","0"
"HD38.5 .L684 2010","0","0"
"PG3479.4.I8 P62 2005","0","0"
"BX385.A8 R2517 2010","0","0"
"B1338.P5 G79 2011","0","0"
"PR6054.A363 F67 2015","0","0"
"F3285.B7 F678 2014","0","0"
"PQ9698.21.U545 K213 2013","0","0"
"PQ3989.2.B534 E8613 2013","0","0"
"PQ7297.P285 Z765 2014","0","0"
"PQ6611.L612 T73 2014","0","0"
"PT2611.E85 Z48 1991","0","0"
"PR6102.A773 S86 2015","1","0"
"PQ2664.E497 Z46 2015","0","0"
"D764 .B28976 2013","0","0"
"NC1878.7.A9 F67 2014","3","0"
"HC340.12 .P5885 2009","1","0"
"BP168 .A66 2012","1","0"
"PQ4266.A3 N63 2014","0","0"
"CS569.M37 M374 2014","0","0"
"PL2925.L54 A6 2014","0","0"
"BX1665 .Z35 2014","0","0"
"DC138 .P35 2014","0","0"
"PN1993.5.A1 Y47 2014","1","0"
"JC179.M753 P66 2014","0","0"
"PS3602.R623 V65 2014","0","0"
"DR533 .W37 2015","0","0"
"PS3557.O475 S87 2014","1","0"
"PR5341 .M26 2015","0","0"
"PL2749.M8 Z8 M66 2014","1","0"
"PL2749.M8 Z8 M66 2014","1","0"
"HB501.M37 P58 2013","0","0"
"DC71.5 .B53 2015","0","0"
"DS917.4 .T348 2013","0","0"
"LB3011.5 .H37 2015","7","0"
"LB3011.5 .H37 2015","5","0"
"PQ2613.I2 Z66378 2014","0","0"
"HV553 .H36 2005","0","0"
"DD247.H5 P96 2015","1","0"
"DK90 .O227 2014","0","0"
"DR565 .M89 2015","0","0"
"BP167.3 .T65 2015","0","0"
"NE892.F8 B66 2014","0","0"
"PQ4864.A96 U23 2014","0","0"
"B835 .B3455 2015","0","0"
"DR571.5 .K37 2015","0","0"
"LC149 .K563 2014","0","0"
"PL2743.K78 A6 2015","0","0"
"BM645.R45 J37 2015","1","0"
"HC445.8.H82 S44 2013","0","0"
"DR592.S3 A87 2015","0","0"
"PL853.K33 A2 2015","0","0"
"DD247.H5 M354 2015","0","0"
"DS195.5 .P335 2015","1","0"
"PT2611.R657 S3613 2014","0","0"
"HE3290.5 .H425 2014","0","0"
"BV5075 .I54 2014","0","0"
"BP10.J68 J687 2012","1","0"
"PG5040.29.K746 P75 2015","0","0"
"PG3482.6.L358 S86 2015","0","0"
"PG3482.5.R5835 V28 2014","0","0"
"BP80.G8 U64 2011","0","1"
"D521 .R6257 2013","0","0"
"PE1139 .C79 2014","3","0"
"F152 .M48 1999","0","0"
"PJ7553 .P45 2014","1","0"
"PJ7553 .P45 2014","0","0"
"PQ3984 .A267 2015","0","0"
"D757.1 .E88 2015","3","0"
"PR9199.4.B5334 W54 2014","1","0"
"BS2615.52 .F55 2014","0","0"
"HD1761 .H87 2015","0","0"
"H62 .I537 2015","6","0"
"E99.H69 S76 2015","0","0"
"E78.I3 L36 2015","1","0"
"BF442 .I54 2015","1","0"
"JK2071 .A58 2015","1","0"
"P306.8.G7 C65 2015","6","3"
"HQ767.5.U5 S769 2015","1","1"
"JV6342 .A43 2015","9","0"
"P306 .T73 2014","2","1"
"F1577.B55 A54 2015","9","0"
"PN1992.77.K583 S25 2015","0","0"
"HT243.F72 P377 2015","1","0"
"QC903 .H185 2015","1","0"
"HD6488.2.U6 L46 2015","3","1"
"JK516 .C52995 2015","1","0"
"HB849.49 .R43 2015","0","0"
"GN345 .U65 2015","0","0"
"JZ6385 .T36 2015","1","2"
"GR351.42.F65 M35 2014","0","0"
"PK531 .S9","0","0"
"PK531 .S9","0","0"
"PK531 .S9","0","0"
"Z3366.A2 V377 2014","0","0"
"PQ3988.5.A5 P74 2014","0","0"
"PR9199.3.F5325 I16 2014","0","0"
"JQ1850.A58 A98 2015","1","0"
"LA2383.C52 C42494 2015","0","0"
"HD9518.P57 K63 2015","0","0"
"HG665 .R77 2015","0","0"
"HV6322.7 .M87 2015","2","0"
"JV7048 .D58 2015","1","0"
"HC412 .D37 2015","0","0"
"HG6046 .Z37 2015","0","0"
"JA76 .R515 2015","1","0"
"GT2853.U5 G74 2015","1","0"
"P116 .H36 2015","1","1"
"LA1131 .Z48 2015","0","0"
"GT3405 .I34 2015","1","0"
"LC1011 .Z34 2015","8","0"
"GN449.3 .I53 2015","4","1"
"LB2805 .I57 2015","1","0"
"BF723.S43 J85 2015","0","0"
"KD671 .L39 2015","2","0"
"LC171 .L43 2015","2","0"
"JA79 .F56 2015","0","0"
"JV6483 .C4573 2015","0","0"
"HD5717.5.E85 R43 2015","0","0"
"BF1429 .B73 2015","5","0"
"LC4601 .V28 2015","2","0"
"HD9685.A2 H284 2015","0","0"
"HV9471 .L38 2015","1","0"
"HV9304 .H324 2015","0","2"
"HV8080.S64 M543 2015","0","0"
"JF1525.O73 S83 2015","0","0"
"PN4874.M492 A3 2015","1","0"
"HG172.B84 C45 2015","2","0"
"HM435 .W43 2015","2","0"
"HD9370.5 .M365 2015","0","0"
"LC1568 .W665 2015","0","0"
"K4460 .A935 2015","1","0"
"HC905.I55 M87 2015","1","0"
"HM621 .H393 2015","0","0"
"JK1899.P38 C35 2015","1","0"
"LC2781 .B69 2015","1","0"
"HG173 .D337 2015","0","0"
"HV418 .L482 2015","1","0"
"JK521 .S74 2015","2","0"
"JC328.3 .B458 2015","0","0"
"LB3605 .C67 2015","2","0"
"GN805 .C57 2015","0","0"
"LB2822.75 .C666 2015","3","0"
"LC5215 .S7425 2015","3","1"
"BF242 .E36 2015","2","0"
"LB1738.5 .F76 2014","0","0"
"HM1281 .M395 2015","0","0"
"HV6025 .R84 2015","0","0"
"JF130 .S73 2014","0","0"
"BF637.S4 B745 2015","1","0"
"LB1707 .R48 2015","0","0"
"P99.4.S62 A53 2015","3","0"
"LB1140.3 .T46 2015","0","0"
"HE311.G3 H65 2015","0","0"
"LB1025.3 .A55 2015","0","0"
"D511 .B85 2015","0","0"
"PR9199.3.D2 G63 2014","0","0"
"DG231 .B56 2015","0","0"
"B751.N33 I84 2014","2","0"
"PQ3988.5.N6 A435 2014","0","0"
"PR6104.U5287 A6 2014","1","0"
"UA840 .B24 2014","0","0"
"RC489.G4 G56 2015","0","0"
"DS116 .J868 1958","1","0"
"PR6113.C2 A6 2014","1","0"
"KNS2468 .L64 2012","0","0"
"PL1858 W959 2014","1","0"
"E184.R9 R87 2012","0","0"
"DK651.K4454 P4717 2007","2","0"
"DS799.82.W79 L58 2014","0","0"
"BV652.95 .C367 2015","0","0"
"N5899.T5 M37 2010","0","0"
"DR2120 .O36 2011","0","0"
"PG3948.F72 H858 2006","0","0"
"PL2949.7.U76 Y83 2011","0","0"
"Z997.L83 K38 2011","0","0"
"PG1196.1.N36 V475175 2013","0","0"
"PG3326 .I3125 2014","2","0"
"BL458 .A64 2010","1","0"
"E184.B8 S86 2013","1","0"
"DK508.95.I82 H738 2007","1","0"
"PS3566.A647 Z65 2015","0","0"
"HC1055.Z9 E44 2015","0","0"
"PG9621.M432 H57 2011","1","0"
"PN1995.25 .R66 2015","0","0"
"D804.3 .G578 2012","0","0"
"PG1619.26.A895 S85 2011","0","0"
"B2949.E8 C36 2015","0","0"
"DR2064 .V83 2010","0","0"
"PQ2667.A76395 C3713 2015","0","0"
"PG1419.32.E576 R37 2001","0","0"
"PR6058.A6989 O98 2014","0","0"
"PG3491.3.N37 G73 2007","0","0"
"DR244 .M58 2008","1","0"
"DD287.7.M38 A3 2015","0","0"
"HM1241 .F36 2015","4","1"
"B105.H36 B33 2015","0","0"
"G156 .L435 2015","0","0"
"DK510.33 .N356 2011","0","0"
"PQ3980.5 .L37 2014","0","0"
"PG3948.S51 R69 2012","0","0"
"NA5955.P62 W3756 2011","0","0"
"PG3016 .K466 2013","0","0"
"DK508.851.I89 A3 2005","0","0"
"HD6059.F8 T68 2015","1","0"
"PG1419.21.O76 P74 2003","0","0"
"PQ2294 .A4 2015","0","0"
"DR2087.6.D54 B989 2015","4","2"
"PQ2712.O43 A24 2015","0","0"
"PA4167 .B66 2012","0","0"
"PA27 .H56 2014","0","0"
"PN56.T37 F47 2014","0","0"
"PQ2605.O28 Z66216 2014","0","0"
"PG3489.4.L688 A6 2013","0","0"
"PJ5129.C447 S5717 2013","0","0"
"DS761.2 .C353 2014","0","0"
"PG3481.2.R445 U87 2014","0","0"
"PG3314.Z8 K3782 2014","0","0"
"PS3619.W57 H38 2015","1","0"
"PG3481.A4556 B65 2013","0","0"
"PG3482.8.R375 K65 2014","0","0"
"K4610 .H355 2014","0","0"
"KBP365 .T37 2014","0","0"
"F787 .T47 2015","6","0"
"BX1407.I8 S38 2015","4","0"
"F1221.C57 C56 2015","0","0"
"BT203 .L3513 2015","1","0"
"E806 .A44 2015","1","0"
"E745.M42 C45 2015","1","0"
"F1219.8.H83 H83 2015","0","0"
"DS154.9.M3 M336 2014","0","0"
"B105.N4 I54 2015","0","0"
"E183.8.C5 G635 2015","3","0"
"PR658.T7 G74 2015","0","0"
"B3317 .M89 2015","2","0"
"PS3614.U8657 Z46 2015","0","0"
"PA8275.B25 A2 2015","3","1"
"PR478.M6 H56 2015","0","1"
"PN56.3.M4 R47 2015","4","1"
"TR820 .C364 2015","1","0"
"PS325 .L44 2015","3","1"
"PR448.S87 M55 2015","1","0"
"PN212 .R49 2015","4","0"
"BL51 .B69 2015","0","0"
"PR5888 .W455 2015","0","0"
"PS169.P35 H84 2015","1","0"
"PS3602.I285 A6 2015","1","0"
"PN1995.2 .L36 2015","2","0"
"E183.8.R9 C74 2014","1","0"
"PJ7862.A2834 A2 2015","0","0"
"PS3603.U65557 D66 2015","1","0"
"PN1031 .R47 2015","1","0"
"PN1995 .F4573 2015","1","0"
"PS3619.C4693 H39 2015","0","0"
"PE1404 .K498 2015","2","0"
"PS3603.R37 K57 2015","1","0"
"BJ1251 .J374 2015","0","1"
"DL442.L3 M34 2015","0","0"
"DS134.72.T344 E53 2015","0","0"
"DS134.72.H36 B57 2015","0","0"
"BR115.P7 G79 2015","0","0"
"BX1406.3 .S37 2015","0","0"
"B128.H493 H613 2013","2","0"
"PS153.A84 S36 2015","1","0"
"DC707 .M55 2015","1","0"
"PR4147 .M34 2015","4","0"
"PS3616.A74344 A6 2015","2","0"
"DB2751 .B34 2015","1","0"
"PN3433.6 .T43 2015","5","0"
"PE1404 .W484 2015","1","0"
"PQ4876.I337 I56 2014","0","1"
"BS1225.53 .W4613 2015","0","0"
"BP80.H237 N37 2014","0","0"
"PG3488.O4 Z729 2013","0","0"
"DS779.26 .D535 2014","0","0"
"PQ4876.E7624 P66 2014","0","1"
"PG3492.6.O849 B34 2013","0","0"
"HD9199.A352 C64 2015","0","0"
"PG3481.2.R615 S44 2013","0","0"
"DC235 .K594 2012","0","0"
"BS2825.52 .P47 2014","0","0"
"DS779.28 .Z46 2014","0","0"
"PQ1275 .E83 2015","0","0"
"DR1525 .H76 2013","0","0"
"PQ2683.A23 Z53 2014","0","0"
"PQ4863.A7198 B36 2015","0","0"
"B749.Z7 I273 2006","0","0"
"PN2111 .S54 2015","0","0"
"DS895 .R97 2014","0","0"
"F1035.S47 M56 2005","0","0"
"HD3616.C64 H8562 2014","1","0"
"PQ4916.A539 S64 2013","0","0"
"BP166.2 .A94 2014","1","0"
"PQ7627 .M67 2014","0","0"
"DP677 .M37 2014","0","0"
"D549.5.P8 R58 2013","0","0"
"PQ4916.A539 S65 2015","0","0"
"PN5355.S57 N49 2012","0","0"
"D640.G39 G3918 2013","0","0"
"DR1645.R54 S35 2013","0","0"
"BP80.A5124 T6 2013","0","0"
"DS755 .R668 2014","0","0"
"PQ4866.A825 T47 2014","0","0"
"D640 .D5218 2013","0","0"
"PS3537.H913 Z85 2015","0","1"
"PN56.W3 B43 2013","0","0"
"BP88.V37 Q38 1989","0","0"
"D639.W7 T443 2014","2","0"
"D569.A2 S748 2013","0","0"
"D569.A2 O76 2013","0","0"
"D521 .S34 2013","0","0"
"PQ4903.O76 Q45 2014","0","0"
"PQ4902.R676 N47 2014","0","0"
"PQ4876.E765 M37 2014","0","0"
"PR9199.3.T434 T45 2014","2","0"
"PG3356 .G878 2015","0","0"
"U35 .E455 2014","2","0"
"PQ4901.N47 B45 2014","0","0"
"PN1998.A2 B626 2012","0","0"
"DK771.I63 M49 2010","0","0"
"PQ4907.U64 P87 2014","0","0"
"PK6978 .B43 1977","4","0"
"PR6069.I413 H46 2015","0","0"
"PQ4907.U64 P37 2014","0","0"
"PG1388 .C455 2010","0","0"
"PQ4807.O38 F56 2014","0","0"
"PQ151 .I43 2014","0","0"
"PQ4913.O35 C45 2014","0","0"
"PQ4903.O883 G67 2014","0","0"
"BP80.N3645 N38 2013","0","0"
"PL2307 .Z47763 2013","1","0"
"PT401 .S53 2014","0","0"
"F2235 .C176 2014","0","0"
"PG1419.13.U69 K85 2006","0","0"
"DF222 .S74 2015","0","0"
"B745.K53 I42 2014","0","0"
"PN2053 .R37 2015","0","0"
"B824.4 .H64 2015","0","0"
"PG1636 .B36 2011","0","0"
"HD58.9 .Q28127 2010","0","0"
"PQ443 .P37 2014","0","0"
"BX4852 .R88 2015","0","0"
"RG510.S4 D86 2015","0","0"
"D639.C4 P38 2012","0","0"
"PL2949.7.U76 M85 2011","2","0"
"PR6116.E87 C75 2014","0","0"
"PT2674.I9 A6 2015","0","0"
"DB292.G76 O25 2012","0","0"
"PR9272.9.S36 L43 2015","0","0"
"PR6057.E615 M37 2001","0","0"
"DK33 .N2726 2014","0","0"
"B753.M84 A783 2012","0","0"
"LA858.6 .M59 2000","0","0"
"PR6069.T6 H38 2015","4","0"
"CJ969 .D47 2014","0","0"
"PS3556.I8143 S64 1979","0","0"
"PN1998.3.D715 J48 2004","0","1"
"PQ7798.16.O43 N84 2014","0","0"
"PR6118.E586 O647 2014","0","0"
"NA5955.U472 K5459 2002","0","0"
"PR9199.4.C395 H69 2014","0","0"
"JC328.6 .C53 2015","1","0"
"BX601 .S2245 2014","1","0"
"PR6107.O44 G67 2015","0","0"
"LC1099 .C45 2014","0","1"
"PQ4863.A3976 S54 2014","0","0"
"DK4139.25.L42 S99 2012","1","0"
"PR6052.I7965 S77 2015","1","0"
"PQ4862.U213 S36 2014","0","0"
"PN59 .N86 2014","0","0"
"PR6112.I24 C74 2015","0","0"
"PG3969.C5 Z48 2012","0","0"
"B3216.C74 I24 2015","0","0"
"PQ4913.A47 S64 2014","0","0"
"F2329.22.C54 A5 2014","0","0"
"E744 .A64 2015","5","0"
"DA90 .H46 2015","0","0"
"PS3623.R54 A73 2015","0","0"
"PS3619.H328 A89 2015","3","0"
"DT38.9.B6 S76 2015","0","0"
"PR1933.F23 C43 2015","0","0"
"DS779.46 .C434 2015","0","0"
"PN2287.S358 C45 2015","2","0"
"PN98.E36 E38 2015","1","0"
"F1787.5.C515 E47 2015","2","0"
"PR6015.U9 B6795 2015","3","0"
"D1065.A35 E53 2015","3","0"
"BJ1725 .W56 2015","0","0"
"PN98.E36 L56 2015","1","2"
"PN98.E36 G57 2015","6","0"
"DS135.C95 W49 2015","4","0"
"BL65.V55 R63 2015","0","0"
"BJ214.S4 E73 2014","2","0"
"PS3551.L3494 Z46 2015","4","0"
"PS3616.A8668 A6 2015","1","1"
"PR6000.A1 L68 2015","1","0"
"DA448.9 .S55 2015","1","0"
"PS3613.C67 M56 2015","1","0"
"DS785 .R44 2015","1","0"
"DS518.8 .O75 2015","1","0"
"PN1997.O755 K37 2015","1","0"
"PS3557.I139167 P37 2015","2","0"
"PN1979.K3 M383 2015","0","0"
"BL65.P7 P64234 2015","2","0"
"DR1321.P36 A3 2015","0","0"
"DK510.33 .Z25 2015","2","0"
"PR8471 .P67 2015","0","0"
"PS3602.A77758 Z46 2015","0","0"
"BL980.G7 C56 2015","0","0"
"DS891.2 .M37 2015","0","0"
"PQ2344.C6 E5 2015","1","0"
"PE1130.A2 S43 2015","2","0"
"HQ66 .B76 2015","0","0"
"D764.3.S7 H4513 2015","3","0"
"PC4395 .V55 2015","1","0"
"PR9387.9.O856 T55 2015","0","0"
"PR2802 .Z35 2015","0","0"
"PS3562.I78276 Z46 2015","0","0"
"BS2675.52 .G88 2015","1","0"
"BX1751.3 .J645 2015","5","1"
"PS3573.I456523 A6 2015","0","0"
"PR6113.O64 A76 2014","2","0"
"PQ3919.3.B63 A9213 2015","0","0"
"B63 .Z87 2015","0","0"
"DS649.7 .P43 2013","0","1"
"PS3571.S38 A6 2015","0","0"
"PR9199.4.T3865 B67 2015","0","0"
"BX4705.L42475 A3 2014","0","0"
"PQ3919.3.A78 B8713 2014","1","0"
"PS3608.O49435624 A6 2014","1","0"
"DS923.25 .C66 2015","0","0"
"BX1795.C67 Z78 2014","0","0"
"PR9450.9.W65 A6 2015","1","0"
"PS3619.T23265 C87 2014","0","0"
"F68 .P69 2015","0","0"
"PR9570.T873 O744 2014","0","0"
"PQ7798.24.E456 M8913 2015","1","0"
"BT1103 .M34 2015","3","0"
"PR9199.4.O64 A6 2015","0","0"
"PR9199.3.C8 A6 2015","0","0"
"PS3613.A78355 A6 2014","0","0"
"D359.7 .H7513 2015","3","0"
"PS3606.A55 F35 2015","0","0"
"PS3620.E4265 A6 2015","3","0"
"PR6063.I34 G63 2015","0","0"
"BJ1535.A8 S88 2014","1","0"
"PR9199.4.N66 G86 2015","0","0"
"PS3601.L8575 A6 2015","0","0"
"PS310.P6 R33 2015","2","0"
"PN1661 .H64 2015","2","0"
"BX1970 .B38 2014","0","0"
"PS3612.A36 A6 2015","1","0"
"PE1066 .I67 2015","0","0"
"PJ5054.C477 J49 2015","0","0"
"PR9199.3.T468 A17 1995","0","0"
"BQ9449.L527 L45 2015","1","0"
"PR6120.A94 K66 2013","0","0"
"PT2662.U68 E5613 2015","0","0"
"F1412 .B818 2015","1","0"
"B105.T52 B5813 2015","4","0"
"BX3003 .M285 2014","0","0"
"BX4102.3 .P5313 2014","0","0"
"PS3608.A378 M35 2015","1","0"
"F869.S12 B868 2014","1","0"
"PR6123.A78 M7 2014","8","1"
"PS3622.I285 N285 2014","0","0"
"PS3619.U433 A6 2015","1","0"
"BX4705.R669 C53 2014","2","0"
"HV4086.L66 L66 2014","0","0"
"PR6068.I292 R33 2015","3","0"
"BT83.593 .E97 2013","0","0"
"BS2825.53 .W555 2015","0","0"
"PS3561.E3773 A6 2015","0","0"
"PS3607.A3593 R63 2015","1","0"
"BX2203 .S24 2014","0","0"
"PR9199.4.L38 A6 2015","0","0"
"PS3565.B665 A6 2014","2","0"
"PQ9942.9.F67 A2 2015","0","0"
"HQ60 .J44 2015","0","0"
"PS3558.O34752 A6 2015","0","0"
"BX808 .F33513 2014","0","0"
"BV4501.3 .C6623 2015","2","0"
"PS3620.O53 Z87 2015","0","0"
"PS3568.O524 A6 2015","1","0"
"PS3560.A32 T34 2014","0","0"
"PE1128.A2 T389 2015","1","0"
"PR9199.3.A165 A6 2015","0","0"
"BV4501 .L67 2015","0","0"
"PR2987 .W56 2015","0","0"
"PS3553.O2446 A6 2015","1","0"
"PS3612.A54755 A6 2015","3","0"
"PS3611.A694 A6 2015","0","0"
"BX1795.H82 C56 2014","0","0"
"PQ2678.O67535 O613 2015","0","0"
"D802.P52 M564 2015","0","0"
"E184.65 .D35 2015","0","0"
"BS600.2 .B754 2015","0","0"
"PR9199.3.C714 W76 2015","0","0"
"PS3613.E42585 Y43 2015","1","0"
"F1027 .C62 2014","0","1"
"HQ21 .S327 2015","3","0"
"PQ7390.A346 I57 2014","0","0"
"PQ6623.A89 D46 2014","1","0"
"PQ4913.O5445 Q45 2014","0","0"
"PQ6666.A713 V53 2014","0","0"
"PG5039.26.A338 P695 2014","0","0"
"B398.S7 M58 2005","2","0"
"Z412 .C78 2014","0","0"
"HT145.R9 O895 2011","1","0"
"HE9846.R9 C74 2004","0","0"
"BX2349 .T35 2014","2","0"
"PG1419.26.A78 H336 2012","0","0"
"PQ4879.A65639 C66 2015","0","0"
"CB245 .S5653 2007","1","0"
"PK9051.5 .I9442 2013","0","0"
"PQ4253.2 .S77 2013","0","0"
"DS779.49.X53 F466 2014","1","1"
"PE1405.K4 M33 2009","0","0"
"JQ1879.A2 G46 2014","1","0"
"PR9199.4.E3265 G46 2013","0","0"
"PR9387.9.A344 H4 2009","0","0"
"LA1503 .K56 2015","1","0"
"PR9387.9.C665 M39 2013","0","0"
"P35.5.K4 S26 2011","0","0"
"LB2336 .C39 2013","1","0"
"DT14 .S53 2014","0","0"
"DT157.675 .P67 2014","0","0"
"HF3876.5 .T74 2014","0","0"
"PN1992.934.N6 A925 2014","1","0"
"PR9405.9.B86 W58 2015","1","0"
"PR9387.9.E312 Z424 2011","0","0"
"NB955.C763 P48 2011","1","0"
"PG1619.18.I7 S76 2010","0","0"
"BX1462.2 .M67 2014","0","0"
"GT4869.5.A2 P65 2013","0","0"
"PT2603.E455 Z67834 2011","0","0"
"TR140.B864 A4 2012","1","0"
"LC3986.C94 K354 2012","1","2"
"DR2160 .L39 1993","0","0"
"F2986 .C37 2013","0","0"
"DR1776.8.A2 K67 2001","1","0"
"GR98 .D66 2013","0","0"
"PG1619.23.I523 O44 2011","0","0"
"LC179.5 .E75 2015","0","0"
"LA962 .I55 2012","1","0"
"BV2280 .D355 2014","0","0"
"E183.8.R9 Z48 2012","0","0"
"HC177.S3 D45 2012","0","0"
"PG3366 .V7125 2014","0","1"
"HC79.E5 H544 2015","0","0"
"PQ7797.C7145 Z5725 2014","0","0"
"PQ6352 .A73 2014","0","0"
"BX2349 .L44 2014","5","0"
"LA412 .R48 2015","0","0"
"PL5711 .M5 2014","0","0"
"PL6053 .T7 2014","0","0"
"LA1385.2 .L36 2015","2","0"
"LA505.D6 N5 1952","1","0"
"HV6773.15.O58 O56 2015","0","0"
"BX8067.A1 J64 2015","0","0"
"BX9715 .M87 2015","0","0"
"PN1995.9.F34 P735 2014","0","0"
"PR9199.3.Z53 Z45 2015","0","0"
"PN56.C686 C47 2014","2","0"
"GR72.3 .M47 2015","0","0"
"DS796.S257 W76 2014","0","0"
"PL2862.I2548 A2 2014","0","0"
"DD256.5 .R59 2015","0","0"
"PT2681.U7 A67 2015","0","0"
"PN1995.9.H55 T74 2015","0","0"
"DD866 .O87 2014","0","0"
"JZ1587 .L34 2013","0","0"
"BP189 .S4465 2014","0","0"
"HQ1075 .F713 2014","0","0"
"PK6465 .Z8435 2014","0","0"
"PG5038.H372 Z85 2014","0","0"
"DD801.B95 R44 2014","0","0"
"DS779.49.X53 S47 2014","1","0"
"DS778.M3 L55 2014","2","0"
"PQ8180.25.S73 L33 1995","0","0"
"B175 .C46 2015","1","0"
"BL1590.G67 B87 2014","1","0"
"PN56.E59 R43 2014","0","0"
"DS779.49.X53 M86 2014","1","0"
"JA84.F8 T45 2015","0","0"
"PQ2605.A3734 Z862 2014","0","0"
"DS754 .W76 2014","0","0"
"PQ2683.A23 D58 2015","0","0"
"HQ801 .G33 2015","0","0"
"PJ7760.I15 Z62 2014","1","0"
"PQ6623.A767 Z69 2014","0","0"
"DS779.46 .L86 2014","1","0"
"PQ4817.A33 Z898 2014","0","0"
"BL626.4 .I57 2014","0","0"
"PQ6116 .G33 2014","0","0"
"F1927 .L83 2013","1","0"
"PQ9511 .M38 2014","0","0"
"PR9499.3.S38 A6 2015","0","0"
"PQ6607.E45 C36 2014","0","1"
"DD126 .H36 2015","0","0"
"PQ4329 .D4 2014","1","0"
"PS3619.M58957 S53 2014","1","0"
"BT123 .C58 2014","0","0"
"PR6003.E282 Z59 2015","1","0"
"PQ8220.1.N4 T4 1993","1","0"
"PM6309 .A53 2014","0","0"
"D15.L36 A5 2014","0","0"
"PQ8519.O59 Z796 2013","0","0"
"PQ4053.L36 S44 2015","3","0"
"PS3553.U2867 K56 2015","1","0"
"BT50 .R53 2013","0","0"
"PS507 .A625 2014","0","0"
"DS134.36.A454 R46 2014","0","0"
"DS247.O62 M3713 2010","1","0"
"DS247.O68 Q244 2010","1","0"
"DS135.C97 S5755 2014","0","0"
"PG3483.E265 D85 2013","0","0"
"PG3483.E265 D85 2013","0","0"
"DK510.763 .K3575 2015","0","1"
"BP166.72 .H35 2010","0","0"
"BV630.3 .C43 2012","0","0"
"TR140.S737 J67 2014","0","0"
"BP173.5 .H87213 2014","0","1"
"PL1237 .Q58 2013","0","0"
"BQ4165 .F69 2014","0","0"
"BQ4165 .F69 2014","0","0"
"BQ4165 .F69 2014","0","0"
"DT266.7 .D367 2013","0","0"
"PJ6151 .A224 2015","0","0"
"PH2073 .K5764 2014","0","1"
"DT266.4 .T39514 2013","0","0"
"PQ7633 .V63 2013","0","0"
"PJ7942.I53 Q2214 2013","0","0"
"BJ1535.F3 F56 2015","0","0"
"PN1655 .T36 2013","0","0"
"PT2685.A48 A6 2015","0","0"
"BL60 .S563 2014","1","0"
"PE1128 .L56 2007","2","0"
"PS3551.N27 B58 2013","6","0"
"PQ7655 .B37 2013","0","0"
"PR9570.O53 J39 2014","0","0"
"PS3551.L845 I518 2005","2","1"
"PN56.M27 E9 2013","0","0"
"D17.I133 I236213 2012","0","0"
"PQ8497.A65 Z523 2014","0","0"
"B3998 .G66 2015","0","0"
"HD6072.6.P4 B2318 2008","2","0"
"PQ8519.H34 Z73 2014","1","0"
"PL2740.N3 Z48 2014","0","0"
"PS3551.L845 I45 2001","0","0"
"HM1111 .W35 2015","0","0"
"B1647.M73 P7424 2015","0","0"
"B1674.W354 B475 2015","0","0"
"B3279.H48 G45 2014","0","0"
"PQ3919.2.L1436 B673 2003","1","0"
"BJ1114 .S346 2015","1","0"
"B3279.H94 M393 2015","0","0"
"PQ6605.E7 Z763 2014","2","0"
"PT67.R44 A4 2015","0","0"
"F1922.9 .G46 2014","0","0"
"PQ3949.2.V455 H57 2013","0","0"
"F1928 .A78 2014","1","0"
"B67 .M558 2015","0","0"
"BR1650.3 .G454 2015","1","0"
"PL2321 .Q45 2013","0","0"
"D640 .M445 2013","0","0"
"PN1993.5.M4 R36 1981","2","0"
"ND553.D4725 A3 2013","0","0"
"D521 .E538 2013","0","0"
"PQ6279 .C3 2014","0","0"
"PL2921.C37 A6 2014","0","0"
"PT2503.S7 B447 2015","1","1"
"PQ4390 .M397 2014","0","0"
"DA667 .B375 2015","2","1"
"PQ4620 .M37 2014","0","0"
"PQ7390.K68 A6 2014","0","0"
"PS509.F44 T5 2015","13","1"
"PT5881.14.U89 D5 2014","0","0"
"PT2615.A238 H64 2014","0","0"
"D521 .V39 2014","0","0"
"PL861.H48 H3 1979","1","0"
"F1410 .U55 2014","0","0"
"F2991 .M324 2014","0","0"
"D13 .C36 2014","0","0"
"LA2383.T282 Y825 2014","1","0"
"LA2383.T282 Y825 2014","1","0"
"HT129.A2 C582 2014","0","0"
"PN2875.M36 L824 2014","0","0"
"DG51 .S46 2014","0","0"
"F1926.F52 C65 2011","0","0"
"HT119 .S62 2010","0","0"
"BL820.M2 G35 2014","0","0"
"PR6112.Y67 W58 2015","0","0"
"PL2277 .G835 2014","0","0"
"PN5010.S87 V56 2014","0","0"
"PN5010.S87 E57 2014","0","0"
"PN2087.S7 C74 2014","2","0"
"Z1001 .L578 2014","0","0"
"D13.5.E85 C634 2014","0","0"
"PL2694.5 .L54 2014","0","0"
"HN283.5 .E38 2012","1","0"
"PN1993.43.M363 N48 2013","1","0"
"PL2278 .H772 2014","0","0"
"F3011.M45 P36 2013","0","0"
"LA93 .N47 2014","0","0"
"DG55.A27 A33 2014","0","0"
"DS111.1 .K63 2014","0","0"
"HV6080 .M43 2014","0","0"
"DP217 .E873 2014","0","0"
"PQ6424.Z5 M69 2014","0","0"
"P96.I84 I85 2015","0","0"
"PQ4873.A9532 M3713 2015","0","0"
"PQ6073.E94 E83 2014","0","0"
"Z529 .L58 2007","0","0"
"PQ4862.A7428 A6 2013","0","0"
"PQ2670.O89 D36 2013","0","0"
"D511 .D45 2014","0","0"
"PQ4903.A418 C56 2015","0","0"
"PQ4113 .G38 2014","0","0"
"JZ1318 .M55 2015","0","0"
"F2821.3.G65 C88 2013","0","0"
"BP190.5.H44 B67 2014","1","0"
"B2430.B33974 E84 2014","0","0"
"PQ7081 .M3672 2013","0","0"
"HC79.E5 G74 2015","0","0"
"PN56.A69 A66 2015","5","0"
"PG3476.P4145 Z385 2015","0","0"
"BQ970.I526 W628 2014","0","0"
"HA155 .P63 2014","1","1"
"D923 .G873 2014","0","0"
"BX4827.H65 R65 2014","0","0"
"BF175.5.S48 T725 2013","0","0"
"PQ7082.P76 M66 2013","0","0"
"PQ7655 .P47 2014","0","0"
"PQ6657.A64653 I54 2014","0","0"
"PQ6601.T4 F88 2014","0","0"
"PQ6639.N3 A6 2014","1","0"
"JN1155 .C65 2015","0","0"
"HE8689.7.E26 L38 2014","0","0"
"HD9130.6 .J37 2015","1","0"
"DS890.K2857 K78 2015","0","0"
"PN6519.B365 M38 2015","0","0"
"BL2450.A83 V653 2014","1","0"
"HV8227.2.M67 G87 2014","1","0"
"LC1666.I4 T37 2014","0","0"
"DB2238.7 .G56 2014","1","0"
"GA865.A45 D86 2015","4","0"
"PK1718.M79136 A6 2014","0","0"
"GV1693 .W353 2014","0","0"
"JQ379.5.A38 R43 2013","0","0"
"HD6812 .S554 2013","1","1"
"HQ1237.5.I4 N38 2014","1","1"
"TX724.5.K65 H35 2014","1","0"
"PQ6619.A7 Z795 2015","0","0"
"PQ6657.A723 C37 2014","0","0"
"PQ6666.E78 D42 2014","0","0"
"PK2166 .Q53 2014","0","0"
"PN1995 .W57 2014","0","0"
"HD1375 .K57 2005","0","0"
"PL961.8 .P375 2015","0","0"
"PL913 .K9655 2014","1","0"
"RA776.75 .K64 2015","0","0"
"PN1995.9.W4 K58 2015","0","0"
"PR9499.3.M598 P64 2014","1","0"
"PR9499.3.M598 M64 2015","0","1"
"PR2981.5 .C44 2015","0","0"
"BX601 .U78 2015","0","0"
"HQ1508 .C365 1995","2","0"
"PQ307.O84 M67 2015","0","0"
"LB1555 .C44 2015","0","0"
"PR6110.O96 A6 2015","0","0"
"PL994.415.C47 H34 2015","0","0"
"PN5416.P297 Y66 2015","0","0"
"PL994.62.H955 S83 2014","2","0"
"JC585 .W55 2015","2","0"
"F1529.M9 D69 2012","1","0"
"GN484 .P76 2011","1","0"
"PS3561.E4252 M33 2015","2","0"
"PS3561.E4252 S54 2015","1","0"
"P253 .B35 2015","4","1"
"PQ2716.A379 O76 2014","0","0"
"PQ2718.E89 N64 2015","0","0"
"PS3525.I486 A6 2015","1","0"
"PS3525.I486 A6 2015","4","0"
"PN2656.B4 B24 2014","0","1"
"DK601.2 .M4954 2015","0","0"
"PQ2601.R2 T432 2015","0","0"
"PQ2679.O4 E27 2015","0","0"
"PQ2673.O3 D57 2015","1","0"
"BL1035 .R47 2015","1","0"
"PQ1714.B27 R45 2015","0","0"
"DS779.49.Z468 C86 2014","1","0"
"BV4501.3 .G345 2012","0","0"
"PQ8098.429.A56 T74 2014","0","0"
"PQ6713.A742 O87 2014","1","0"
"PN1083.E95 M86 1999","1","0"
"L797 .B49 2015","0","0"
"PA4245.P47 F87 2015","1","0"
"BM195.2 .B7518 2006","0","0"
"PN56.G7 B67 2015","0","0"
"BX4923 .L353 2014","1","0"
"NX180.S6 S684 2013","0","0"
"PA74 .C53 2015","0","0"
"DK275.A1 T322 2014","0","0"
"PL2665.L8 Z86 2014","0","0"
"PQ7081.3 .M44 2013","0","0"
"PA3015.E46 E56 2015","1","1"
"TS171.8 .W465 2015","6","0"
"BP63.M27 M632613 2011","0","0"
"DS371.413 .S745 2014","0","0"
"BL1112.26 .W675 2012","0","0"
"HD9865.C93 B6778 2014","0","0"
"DF261.M43 R63 2014","0","0"
"D15.C48 V69 2013","0","0"
"PK1730.29.I719 A6 2013","0","0"
"DG70.L35 G37 2014","0","0"
"DG70.L35 G37 2014","0","0"
"F1928.2 .T4455 2012","0","0"
"D511 .M2695 2013","0","0"
"RJ506.D68 N43 2012","0","0"
"PR9530.9.A22 F58 2013","0","0"
"PL2877.C94 J52 2014","0","0"
"PR9499.4.D374 W44 2014","0","0"
"DS449 .S57 2009","0","0"
"PL2877.P47 B825 2014","1","0"
"F2279 .S2154 2014","0","0"
"D550 .R6844 2014","0","0"
"JC143 .M3945 2013","0","0"
"PF3143 .K37 2015","0","0"
"PT2668.A7395 A84 2015","0","0"
"PT2678.U363 Z57 2014","0","0"
"DF543 .L4614 2014","0","0"
"PT55 .L58 2015","0","0"
"DC36.9 .F874 2015","0","0"
"PQ4416 .G25 2013","0","0"
"PQ4904.E146 R47 2015","0","0"
"D569.A2 G35 2014","0","0"
"DC202.5 .G78 2015","1","0"
"KNR47.9 .X53 2014","0","0"
"PQ4863.A6635 M52 2015","0","0"
"B434 .F39 2014","0","0"
"PR6123.A46 T8 2015","1","1"
"PQ4155 .C655 2015","0","0"
"PQ4390 .B585 2015","0","0"
"F3722.1.O8 M35 2004","1","0"
"PR6058.O4535 B74 2015","3","0"
"GT4836.A53 M66 2014","0","0"
"JA74.5 .B633 2013","1","0"
"PN5082 .M67 2014","0","0"
"PQ2722.I35 D47 2015","0","0"
"D629.F8 H55 2013","0","0"
"PQ8498.428.O45 P63 2014","0","0"
"B4201 .S464 2014","0","0"
"JQ3198.A58 A374 2014","0","0"
"PN49 .K467 2014","1","0"
"PQ2667.R493 R83 2015","2","0"
"HQ1075 .D4665 2015","0","0"
"PQ3989.D28 Z55 2012","1","0"
"PN2778.B43 H35 2015","0","0"
"PR6057.O274 L68 2014","2","0"
"NA9365 .P64 2015","0","0"
"PS3556.R5186 A6 2015","0","0"
"PS3616.A966 B57 2015","1","0"
"PS3560.A3765 W45 2015","0","0"
"LB3060.83 .C43 2015","2","0"
"PQ8497.P76 L56 2014","0","0"
"HD6072.2.P42 L5624 2014","0","0"
"F2279.22.P48 A5 2014","0","0"
"F2278.L45 C387 2012","0","0"
"HV6250.4.W65 A37 2014","0","0"
"PQ7822.C338 R44 2014","0","0"
"PQ4903.A4459 M48 2014","0","0"
"DG233 .L44 2006","1","0"
"DG233 .L44 2006","0","0"
"PQ4902.O6262 B35 2014","0","0"
"PQ7519.2.M27 I57 2006","0","0"
"PQ3949.2.V455 D68 2012","0","0"
"HD9787.C944 B38685 2014","2","0"
"D70 .E97 2015","0","0"
"HQ1236.5.E85 A93 2015","0","0"
"PR1875.D47 S33 2015","0","0"
"PT741 .B97 2015","0","0"
"BR750 .R46 2015","2","0"
"PS217.A35 J37 2015","0","0"
"F1465.2.Q5 R66 2015","0","0"
"PA8485.C53 Z46 2015","0","1"
"F2230.1.M6 L58 2015","0","1"
"PA6029.M66 L69 2015","3","0"
"PN56.T7 M55 2015","2","0"
"PG5039.18.A9 Z53 2015","0","0"
"DF77 .O24 2015","7","0"
"PR2937 .K56 2015","0","0"
"F1435.3.S68 A73 2015","1","0"
"D570 .L46 2015","0","0"
"DJ216 .R6413 2015","0","0"
"F1029 .U57 2015","0","0"
"F2329 .V36 2015","1","1"
"DR435.K87 A917 2015","1","1"
"NA5492 .B878 2015","1","0"
"DS523.2 .A53 2011","2","0"
"PR448.W65 C36 2015","1","0"
"F158.68.C47 W55 2015","0","0"
"PN1995.9.I457 I54 2015","0","0"
"E184.A75 K49 2015","2","0"
"PR9372.9.A88 L378 2015","0","0"
"B2430.L483 T466 2015","0","0"
"PS3557.O758 A6 2015","0","0"
"PS3563.A96384 M34 2015","1","0"
"PR878 .M454 2015","2","0"
"PJ7832.I445 M8313 2015","0","0"
"BX1407.M48 S26 2015","0","0"
"PS3623.I599 A6 2015","0","0"
"BR115.A8 P55 2014","0","0"
"B398.A64 P53 2015","0","0"
"E169.12 .K764 2015","0","0"
"BL65.P7 N45 2015","0","0"
"PN1995.9.T67 N47 2015","2","0"
"PQ3949.C44 T713 2015","0","0"
"PS3553.O5198 Z86 2015","0","0"
"PS3611.U89 A6 2015","0","0"
"PS3203 .N68 2014","2","0"
"BX3713.5 .G85 2014","0","0"
"PN2042 .P535 2014","0","0"
"PN2042 .P535 2014","0","0"
"F2279.22.N55 B67 2014","0","0"
"PN1993.5.S7 C65 2013","0","0"
"BP80.S256 A83 2013","0","0"
"BP130.4 .N35 2013","1","0"
"F3321 .P37 2014","0","0"
"BP188.8.I55 Z32 2009","0","1"
"PQ2637.I547 G433 2013","1","0"
"KNR7.3.B36 H866 2014","0","0"
"PQ4213.A5 C65 2014","0","0"
"BP189 .Z35 2013","1","0"
"DC35.5 .C65 2013","0","0"
"PL2837.J38 S56 2014","0","0"
"PC3747.S7 D45 2013","0","0"
"PQ2719.C433 F46 2014","0","0"
"PL4641 .E96 2007","0","0"
"PQ2674.D53 Z75 2015","0","0"
"JN137 .G68 2015","0","0"
"DS797.28.D864 F48 2013","0","0"
"DC158.8 .M67 2015","0","0"
"BX8080.F66 F67 2014","0","0"
"HG187.I4 E37 2013","1","0"
"PQ3949.2.C65 Z46 2015","1","0"
"BP192 .H38 2014","0","0"
"PN1993.5.I8 A86 2014","0","0"
"PL994.17.W36 P53 2014","1","0"
"PL4780.9.R33162 B3713 2013","0","0"
"DA16.8 .P47 2015","2","0"
"HC285 .L47 2015","2","0"
"P301 .E37 2015","0","0"
"HV6433.I74 G36 2015","2","0"
"JF60 .T48 2015","7","0"
"G525 .G65 2015","3","0"
"JC421 .A74 2015","2","0"
"GF49 .P75 2015","2","0"
"HV6534.N5 G35 2015","0","1"
"GT511 .S447 2015","2","0"
"LB1585.3 .N386 2015","0","0"
"PN1992.77.H35 S88 2015","3","0"
"PN4906 .E26 2015","0","0"
"PN4888.U5 P76 2015","1","0"
"JC574 .R39 2015","2","0"
"HQ1001 .B87 2015","3","0"
"CC75 .S787 2015","0","0"
"LC1091 .W39 2015","3","0"
"PQ2679.E244 F55 2014","0","0"
"PQ2663.A8325 P37 2015","1","0"
"PQ2716.O74 A92 2015","0","0"
"LC58.5.T2 P48 2015","0","0"
"JN6739.A8 K5732 2015","1","0"
"HF1379 .B496 2015","2","0"
"JZ1548 .B74 2015","0","0"
"PN1991.77.W3 S48 2015","2","0"
"HD2963 .S74 2015","2","0"
"HD30.23 .L3748 2015","0","0"
"HV7936.C85 S697 2015","2","0"
"LB1590.5 .R64 2015","8","0"
"JV6342 .D57 2015","0","0"
"LC71 .E2885 2015","0","0"
"HQ789 .E55 2015","0","0"
"HN380.Z9 C6426 2015","0","0"
"JV6347 .K64 2015","1","0"
"HD6270 .V64 2015","0","0"
"BF636.6 .H35 2015","0","0"
"LB3430 .F67 2015","0","0"
"HC79.T4 I56 2015","1","0"
"PN4784.E78 J68 2015","0","0"
"LB2805 .A434 v. 22","0","0"
"LB1044.9.P49 L43 2015","0","0"
"PN1992.8.M38 A64 2015","0","0"
"GT732 .M43 2005","1","0"
"HM1121 .H39 2015","2","0"
"P299.C59 P47 2015","0","0"
"HC240 .P3824 2014","0","0"
"JN945 .O77 2015","0","1"
"LC4091 .S44 2015","0","0"
"PN5124.T4 B46 2015","3","0"
"HE1031 .S87 2015","0","0"
"HD6060.5.U5 F74 2015","2","0"
"LC67.6 .G4813 2015","0","0"
"HD5164 .O33 2015","0","0"
"P53.475 .W56 2015","0","0"
"AZ191 .A23 2015","0","0"
"LC213.2 .K86 2015","1","0"
"LB1715 .B34 2015","0","0"
"RA566.7 .U733 2015","2","0"
"HD2961 .C6534 2015","1","0"
"BF637.C45 C6373 2015","0","0"
"JS5963.A2 L38 2015","2","0"
"LB2341 .C54549 2015","1","0"
"JC423 .B767 2015","1","0"
"LC225 .Z33 2015","0","0"
"P96.T42 L63 2015","1","0"
"P119.3 .L36 2014","3","0"
"JZ4841 .N347 2015","0","0"
"HD211.N5 G73 2014","0","0"
"LB1137 .P5545 2015","2","0"
"GV713 .P63 2015","0","1"
"LC213 .I587 2015","1","1"
"G530.T6 G745 2015","0","1"
"LC220.5 .S47 2014","0","0"
"GN799.A8 S54 2015","0","0"
"LB3051 .G28 2015","1","0"
"LB1576 .C5764 2015","0","0"
"LC5131 .J26 2015","0","0"
"LC1567 .W664 2014","0","0"
"LB1028.3 .F575 2015","3","0"
"BP190.5.L36 K43 2014","0","0"
"JQ1062.A792 S657 2012","0","0"
"PL248.I55 S8713 2015","0","0"
"PR6056.E38 P67 2015","1","0"
"DT61 .L55 2014","0","0"
"D10 .C79 2015","0","1"
"D613 .S68 2015","0","0"
"CE11 .Q73 2013","0","0"
"DS195.5 .C483 2015","0","0"
"PQ2676.I274 C75 2015","0","0"
"PQ67.P53 M355 2015","0","0"
"HD5325.T4 1929 M33a","0","0"
"DS371.2 .H36 2015","1","0"
"PR8658.2 .L55 2015","0","0"
"BP134.A38 S53 2014","0","1"
"PN4121 .C56 2000","0","0"
"R627 .K56 2014","0","0"
"RA566.4.N7 H37 2015","0","0"
"DS325.M4 F39 2014","0","0"
"PQ1545.W4 Z94 2015","0","0"
"PN1995.9.D6 R63 2011","0","0"
"PQ8098.36.A43 F33 2014","1","0"
"PQ2718.I3443 A65 2015","0","0"
"PM7316 .S25 2012","0","0"
"F2299.B55 M665 2014","0","0"
"DD260.4 .M66 2014","0","0"
"PQ8172 .O797 2014","0","0"
"PQ4862.O36 T74 2014","0","0"
"BP192.2 .A43 2014","0","0"
"PQ6073.E54 A37 2015","0","0"
"PS3570.H38 C65 2015","1","0"
"PS374.S5 A447 2015","1","1"
"PS3564.E4687 Z46 2015","18","1"
"PR113 .B57 2015","0","1"
"PA6698 .B75 2015","3","0"
"BV2623.A1 S6513 2014","0","0"
"DS796.H757 C75 2015","1","0"
"DS796.H757 C75 2015","2","0"
"DS796.H757 C75 2015","0","0"
"DS796.H757 C75 2015","2","0"
"BS2685.52 .H83 2015","0","0"
"PS3573.A425635 Z55 2015","3","2"
"BR128.H5 B37 2015","0","0"
"PM7849.C37 R44 2015","1","0"
"PS3623.A3595595 D54 2015","4","0"
"BM538.I58 D54 2015","1","0"
"PS3607.R38883 D57 2015","0","0"
"PR428.A8 S56 2015","3","0"
"DS63.18 .E37 2015","0","0"
"PS374.D4 Z55 2015","0","0"
"BJ45 .F66 2015","2","0"
"BF327 .L46 2015","3","0"
"PS3505.R272 Z754 2015","0","0"
"PS3612.U897 H69 2015","4","0"
"PG3493.48.T369 A2 2014","2","0"
"D561 .D485 2015","3","0"
"PS3565.A8 J332 2015","1","0"
"PN1995.9.M97 O58 2015","2","0"
"PR9639.3.M258 Z7323 2015","0","0"
"PR6059.S5 Z746 2015","2","0"
"BJ1533.S55 W55 2015","4","0"
"PS3616.E25 L367 2015b","2","0"
"BX9323 .B26 2015","1","0"
"PS3569.I4725 A6 2015","1","0"
"PS3608.E48 M35 2015","1","0"
"PQ6102 .A76 2015","0","1"
"D16.9 .M2248 2015","0","0"
"PN1031 .N57 2015","1","0"
"PQ2680.O86 Z64 2015","0","0"
"PN185 .P65 2015","1","0"
"HQ1155 .E925 2015","1","1"
"PR9381.9.N45 Z765 2015","1","0"
"E176 .K58 2015","2","0"
"BD232 .B383 2015","0","0"
"DS318.81 .C64 2015","0","0"
"E206 .H34 2015","0","0"
"BL550 .R58 2015","0","0"
"PT170.R63 F75 2015","2","0"
"PR4349.B7 Z775 2015","0","0"
"DA125.I68 G46 2015","2","0"
"PR878.P78 D45 2015","2","0"
"BS1475.6.W735 A85 2015","5","0"
"BL820.A4 P48 2015","2","0"
"DS371.4125 .S77 2015","2","0"
"D763.N4 K477 2014","0","0"
"BP189.2 .S785 2015","3","2"
"CJ2482 .S9","0","0"
"PR605.S33 A49 2015","0","1"
"DS518.1 .T745 2015","1","0"
"D767.7 .B35 2015","0","1"
"E208 .F43 2015","4","0"
"PR881 .A17 2015","1","0"
"E621 .B88 2014","1","0"
"PR9619.3.S246 A65 2015","0","0"
"BX4705.M542 P72 2015","0","0"
"BX2169 .A8 2014","0","0"
"PR9199.3.G845 B35 2015","0","0"
"E477.65 .W35 2014","0","0"
"PR6052.R24 A6 2015","0","0"
"PQ6722.A4313 A2 2014","0","0"
"PS617 .C53 2015","1","0"
"PT9767.C5 E54 2014","0","0"
"DS33.4.C5 H65 2015","2","0"
"BR856 .C48 2015","2","0"
"E472.6 .G73 2014","0","0"
"PG3485.7.U23 C65 2014","0","0"
"PS3611.O74315 A6 2014","0","0"
"PL248.D3 A2 2014","0","0"
"PQ2309.H4 D5513 2015","0","0"
"BQ9449.L524 W8833 2014","0","0"
"PN1995.9.F54 E27 2015","0","0"
"PR9199.3.M42356 A6 2014","0","0"
"PN6120.2 .F63 2015","5","0"
"PS3612.I863 F73 2015","3","0"
"PS3610.O396 G44 2015","1","0"
"D804.3 .H6478 2015","4","0"
"PS3608.E543 H67 2014","6","0"
"PS3603.A7475 H68 2014","0","0"
"PS3621.N47 A6 2015","0","0"
"BX4705.M542 A73 2015","0","0"
"PR9199.3.C526 I69 2015","2","0"
"BS480 .C3813 2014","0","0"
"BS1545.52 .L965 2015","0","0"
"BS2361.3 .J48 2015","0","0"
"BX1378.2 .F27 2014","0","0"
"BX1795.H82 J87 2015","0","0"
"F159.K25 H66 2014","0","0"
"PS3602.U7668 L53 2014","1","0"
"BX2350.3 .M2555 2014","0","0"
"BJ1231 .L36 2015","0","0"
"PS3603.H35755 L93 2015","0","0"
"BR1608.I6 M37 2014","0","1"
"BM488.T5 H38 2015","0","0"
"PS3623.A35229 A6 2015","1","0"
"PS3626.E46 A6 2015","0","0"
"PS3619.L36 M67 2014","1","0"
"PS3507.A6659 A6 2015","1","0"
"PR9619.3.A4 N48 2015","0","0"
"F311 .W956 2014","0","0"
"PS3622.A58573 O97 2015","2","0"
"BT121.3 .C365 2015","0","0"
"BR115.P7 J26 2015","0","0"
"PB1399.O41242 S4413 2014","0","0"
"BL980.G7 D38 2015","1","0"
"PR9199.4.F56 R87 2015","0","0"
"BS670 .B64 2015","3","0"
"BL65.P7 J67 2015","1","0"
"PS3619.W438 S44 2015","1","0"
"PR9199.3.C62 A6 2015","0","0"
"PS3602.E2894 A6 2015","1","0"
"PT2621.R135 Z67 2015","1","0"
"PS3503.R167 S66 2014","1","0"
"E470.95 .S54 2014","0","0"
"E185.615 .D664 2015","6","1"
"E415.9.D73 A83 2015","0","0"
"PS3552.L548 S95 2015","0","0"
"PS3603.U7795 A6 2015","1","0"
"CT3262.T4 M35 2015","0","0"
"PS3602.R344415 W38 2015","1","0"
"JF1525.W45 A87 2014","0","0"
"PR9199.3.C6893 W54 2015","0","0"
"PR2947.S73 R65 2015","0","0"
"PS3619.C3677 A6 2014","0","0"
"BS680.E38 H68 2015","0","0"
"PS3603.L36467 A6 2015","1","0"
"PQ4712.L4 A73744 2014","0","0"
"RC550 .C76 2014","0","0"
"PQ2674.O27 M66 2015","0","0"
"DS117 .K245 2010","0","0"
"DG676 .D68 2012","0","0"
"BP195.Z22 A2 2014","0","0"
"PR9369.4.D4756 C43 2015","0","0"
"KBP440.3 .S23 2002","0","0"
"F3319.1.T55 C67 2009","1","0"
"B3124 .S36 2015","0","0"
"PQ8497.A65 Z5536 2014","0","0"
"D21 .Y58 2006","0","0"
"D21 .Y58 2006","0","0"
"D21 .Y58 2006","0","0"
"D21 .Y58 2006","0","0"
"PN1993.5.C7 F73 2013","0","0"
"DP53.L38 R65 2014","0","0"
"HN303.5 .R628 2012","2","0"
"B3279.H94 F677 2015","0","0"
"F2279 .M428 2014","0","0"
"PQ3949.2.M33 B73 2014","1","0"
"PT1338 .W57 2015","0","0"
"P40.45.P4 Z38 2014","0","0"
"PQ4872.A546 I86 2015","0","0"
"PQ4907.E58 T57 2014","0","0"
"F3791.C36 V37 2014","0","0"
"D651.I6 C36 2013","0","0"
"HQ799.C7 C67 2014","0","0"
"PS3606.A2655 L64 2015","0","0"
"Z1003 .I93 2014","0","0"
"PT2661.L552 A4813 2015","2","0"
"PR6118.I33 S5 2015","0","0"
"PQ2719.O46 H66 2015","0","0"
"DC729 .F375 2015","0","0"
"PG3012 .B44 2015","1","0"
"PQ6623.O626 Z58 2015","0","0"
"PS3565.L84 Z46 2015","1","0"
"PA6281 .P8 2015","1","0"
"PQ4862.E816 Z65 2014","0","0"
"PN2037 .S27 2000","0","0"
"D548 .S74 2014","0","0"
"PQ7797.B635 Z824 2015","0","0"
"PQ7081 .B94 2014","1","0"
"BS2589.6.H62 K54 2015","1","1"
"BP173.63 .M33 2015","0","0"
"PL994.2.A28 C43 2015","1","0"
"PQ3989.2.M217 Z83 2015","0","0"
"DC59 .P37 2015","0","0"
"PQ2722.I5515 F54 2014","0","0"
"PQ671 .R63 2015","0","0"
"PC2611 .D54 2015","0","0"
"PQ2701.Z94 B55 2015","0","1"
"PC2948 .J697 2012","0","0"
"DC158.2 .J38 2015","0","0"
"DC611.I75 A43 2014","0","0"
"PQ2663.O17 F66 2015","0","0"
"P85.B45 E45 2015","2","0"
"PQ2680.E848 T48 2015","0","0"
"PQ2672.E5638 T55 2015","1","0"
"DS38.4.A2 J34125 2014","0","0"
"DS38.4.A2 J34125 2014","0","0"
"D639.R4 F65 2014","0","0"
"DG70.L6 T44 2014","0","0"
"D640 .B5839 2014","0","0"
"PQ7298.41.R4 C36 2012","0","0"
"F3410 .T45 2014","0","0"
"N9155.F8 C74 2014","0","0"
"JL3492 .C45 2014","0","0"
"PQ8180.16.R28 M86 2014","0","0"
"HC197 .R587 2012","0","0"
"Z462.86.H85 J53 2014","0","0"
"PQ2503 .F7 2015","0","0"
"PQ2605.O15 Z72 2015","0","0"
"PQ3919.3.Q58 S5 2015","0","0"
"PS3603.H37978 G73 2015","0","0"
"PN1993.5.H2 A57 2013","0","0"
"PQ441 .V456 2015","0","0"
"PQ2613.I57 Z614 2015","0","0"
"F1928.2 .T4452 2012","0","0"
"PN6429.5 .P76 2013","0","0"
"PQ2702.E775 C67 2015","0","0"
"PN56.P547 P35 2013","0","0"
"BP193.1.A2 S5323165 2010","0","0"
"BP193.1.A2 S5323165 2010","0","0"
"BP193.1.A2 S5323165 2010","0","0"
"BP193.1.A2 S5323165 2010","0","0"
"BP193.1.A2 S5323165 2010","2","0"
"BP193.1.A2 S5323165 2010","0","0"
"BP193.1.A2 S5323165 2010","0","0"
"BP193.1.A2 S5323165 2010","0","0"
"PQ2250 .V55 2015","0","0"
"PN863 .L58 2015","0","0"
"PQ2605.A3734 Z7336 2012","0","0"
"PQ2663.O34 H66 2014","0","0"
"PQ1927 .S67 2015","0","0"
"PR9272.9.B33 A6 2015","1","0"
"PN1993.5.I2 S37 2015","1","0"
"DG618.48 .D47 2014","0","0"
"PS3619.T685 M54 2015","2","0"
"PS3573.E416 A8 2015","0","0"
"PQ635 .A28 2013","0","0"
"PR6060.O96 Z57 2015","0","0"
"G96 .E58 2015","0","0"
"D507 .B37 2014","0","0"
"PQ2414 .R39 2015","0","0"
"BP193.25.M353 Q86 2009","0","0"
"BP193.25.M353 Q86 2009","4","0"
"BP193.25.M353 Q86 2009","0","0"
"BP193.25.M353 Q86 2009","0","0"
"LC1422 .M275 2014","0","0"
"PR6070.H9 G656 2015","1","0"
"PQ2380.P5 Z64 2015","0","0"
"D744.7.E8 C66 2015","0","0"
"BP130.4 .I267165 2013","0","0"
"BP130.4 .I267165 2013","0","0"
"BP130.4 .I267165 2013","0","0"
"BP130.4 .I267165 2013","0","0"
"PQ2639.R57 Z71 2015","1","0"
"D640 .L416 2014","0","0"
"PR6103.A7735 I54 2015","3","0"
"PR6120.E68 M34 2015","0","0"
"PQ2623.O8 Z48 2015","0","0"
"GT4835.C37 S26 2012","0","0"
"PQ2601.U18 Z59 2015","0","0"
"PR6113.A2635 L38 2015","0","0"
"BP193.5 .K43 2014","0","0"
"BP193.5 .K43 2014","1","0"
"LB2844.53.A7 A375 2013","0","0"
"PQ7406 .M6 1963","1","0"
"PQ7298.23.U49 B87 2008","0","0"
"F3741.N3 S56 2014","0","1"
"PQ2678.O8537 L33 2015","0","0"
"PT2671.L84 Z4582 Bd. 1","0","0"
"G1037 .B8 2014","0","0"
"BP192.8 .S56 2013","0","0"
"BP192.8 .S56 2013","0","0"
"BP192.8 .S56 2013","0","0"
"BP192.8 .S56 2013","1","0"
"BP192.8 .S56 2013","0","0"
"BP192.8 .S56 2013","0","0"
"BP192.8 .S56 2013","0","0"
"PR6062.E9155 A6 2014","0","0"
"JC143.M4 M357 2014","0","0"
"PQ2676.I23 A6 2015","0","0"
"DT324.92.M6 J63 2015","0","0"
"PQ2664.E5946 T66 2015","0","0"
"PQ2662.E8618 A6 2015","0","0"
"PQ6660.I638 A6 2014","0","0"
"DC801.N72 T49 2014","0","0"
"PQ7082.P7 P25 2014","0","0"
"JL2231 .S67 2014","1","0"
"PQ558 .H67 2014","0","0"
"F1983.A1 B34 2015","3","0"
"PQ2707.R26 F67 2015","0","1"
"PQ4861.R28 D53 2015","0","0"
"F3446 .I53 2014","0","0"
"BR158 .P645 2015","2","0"
"DS135.L53 R44 2015","0","0"
"RA410.55.A35 E34 2013","1","0"
"TE301 .G85 2012","3","0"
"PR9387.9.Y53 H43 2013","0","0"
"DT433.584 .M865 2012","1","1"
"PS3606.A38 I6 2011","0","0"
"PR9387.9.O3473 M37 2013","0","0"
"GR356.42.K53 R85 2010","0","0"
"RG106.4.A35 R47 2010","0","0"
"PR9387.9.R25 S45 2013","0","0"
"HD5848.A6 O23 1999","0","0"
"KSK516 .K33 2012","0","0"
"JZ1394 .O36 2010","0","0"
"HN793.Z9 C689 2011","0","0"
"PR1228 .D68 2014","0","0"
"PT2685.A4444 A2 2015","0","0"
"D639.A65 S25 2014","0","0"
"PQ6147.A87 Y6 2014","0","0"
"HX203.5 .F357 2013","0","0"
"JS2567.A2 E54 2011","1","0"
"D545.R4 T45 2014","0","0"
"PN5124.T33 B56 2015","2","0"
"P217 .C37 2015","1","0"
"GT2853.C6 L56 2015","2","0"
"PR2823.A2 C53 2015","6","0"
"D623.F8 J36 2014","0","0"
"D623.F8 J37 2014","0","0"
"D522.27 .P39 2014","0","0"
"PQ3989.2.L65 M43 2015","0","0"
"PS3552.A73647 C66 2015","0","0"
"K235 .E325 2014","0","0"
"PN1993.5.L3 E88 2015","1","0"
"DS135.M6 C86 2011","0","0"
"DC187.8 .R57 2014","0","0"
"PQ6282 .A7 2015","0","0"
"F2279 .C374 2013","1","1"
"HQ1237.5.C27 C45 2015","0","0"
"JV7590 .M54 2014","0","0"
"HX224 .L477 2014","0","0"
"PQ6144 .E984 2014","1","0"
"JA71 .A2 2013","2","0"
"PR4387.4.E85 C63 2015","0","0"
"D521 .A688 2014","0","0"
"PR6104.A856 J83 2015","0","2"
"KBP453 .Q73 2014","1","0"
"D639.P88 S76 2014","0","0"
"PQ6063.U7297 M87 2015","1","0"
"D639.S7 G66 2014","0","0"
"PR6113.U89 G86 2014","0","0"
"PL2924.Z7 J53 2014","0","0"
"PL2868.I98 Z685 2014","0","0"
"PL2947.M56 J53 2014","0","0"
"PL2969.K35 G83 2014","0","0"
"PL2264 .D86 2014","0","0"
"PL2951.5.Y364 D3 2014","0","0"
"PL2302 .W364 2014","0","0"
"GV1692.D68 S85 2014","0","0"
"PL3031.D862 R46 2014","0","0"
"PL3031.D862 R46 2014","0","0"
"PL3031.D862 R46 2014","0","0"
"DS774.5 .J536 2014","0","1"
"PL2441 .Z446 2014","0","0"
"PL2932.A44 W364 2014","1","0"
"PL2932.A44 W364 2014","0","0"
"BL1803 .Z438 2014","0","0"
"PL2291 .L57 2014","0","0"
"PL2685.Z5 C446 2014","0","0"
"TR886.7 .S86 2014","0","0"
"PL2354.4 .L58 2014","0","0"
"PL2623 .D56 2014","0","0"
"PL2754.S5 Z9684 2014","0","0"
"PL2670 .A6 2014","0","0"
"PL2938.5.A465 H83 2013","0","0"
"PL54.69.I27 H8312 2013","0","0"
"PL2670 .H369 2014","0","0"
"PL2343 .Z436 2014","0","0"
"PL2442 .S86 2014","0","0"
"PL2875.O163 M46 2014","0","0"
"PL2815.A8 Z83 2014","0","0"
"PL2954.M56 H45 2014","0","0"
"PL2303 .L579 2014","0","0"
"PL2886.O1684 Z973 2014","0","0"
"PL2919.Z464 Z748 2014","0","0"
"PN5370.W46 W46 2014","0","0"
"PN5370.W46 W46 2014","0","0"
"HC427.95 .A57 2014","0","0"
"BL2370.M7 L56 2013","0","0"
"PL2754.S5 Z975 2014","0","0"
"PL2303 .W3649 2014","0","0"
"PL2843.P5 L36 2014","3","0"
"PL2886.O1684 Z735 2014","0","0"
"PL2437 .P36 2014","0","0"
"KNQ2020 .Z465 2014","1","0"
"JQ1519.A5 Z4666 2014","1","0"
"KNQ2020 .Z466 2014","0","0"
"PL2622 .Z68 2014","1","0"
"JA84.C6 X537 2014","0","0"
"DS764.23.W39 X53 2014","0","0"
"JQ1508 .H78 2014","0","0"
"JA84.C6 X536 2014","0","0"
"CT3990.X53 X53 2014","0","0"
"PL2765.I373 X53 2014","0","0"
"DS764.23.K36 X53 2014","0","0"
"PL2857.A6352 S585 2014","0","0"
"PL2291 .L555 2014","0","0"
"PN1119.C6 C446 2014","0","0"
"PL2278.5.M55 T86 2014","0","0"
"PL3031.G825 L53 2014","0","0"
"PR2982 .L593 2014","0","0"
"PL2973.N8 H836 2014","0","0"
"DS731.M5 L856 2014","0","0"
"PL2879.C55 D664 2014","1","0"
"PL2972.5.I336 C486 2014","0","1"
"PL2886.O1684 Z668 2014","0","1"
"PL2437 .J53 2014","0","0"
"PL2302 .W855 2014","1","0"
"PL2302 .L548 2014","0","0"
"DS731.N39 Z436 2014","0","0"
"PL2921.J53 B6 2014","1","0"
"HE9878.A35 Z436 2014","0","0"
"DS731.M87 Y36 2014","0","0"
"PL2754.S5 Z974 2014","0","0"
"DS785 .Y36 2014","1","0"
"DS793.L6 Y42 2014","0","0"
"PL2921.3.M87 P36 2013","0","0"
"HM479.A79 R63 2014","0","0"
"PL2947.M46 L36 2014","0","0"
"HD7368.A3 W365 2014","0","0"
"PL2868.I968 F46 2014","1","0"
"PL2936.3.O634 F8 2014","0","0"
"PL2877.G855 D66 2014","0","0"
"PL2954.3.A546 D5 2014","0","0"
"PL2972.5.O967 A66 2014","0","0"
"PL2682.Z5 L86 2014","0","0"
"PL2942.5.U484 B35 2014","0","1"
"PL2969.D435 B3 2014","0","1"
"HC427.95 .W855 2014","0","0"
"PL2932.E247 B45 2014","0","0"
"B128.W364 X83 2014","0","0"
"HQ799.C6 N84 2014","0","1"
"PL2949.5.A59 N664 2014","0","0"
"PL2868.I268 L58 2014","0","0"
"PL2912.A5 L53 2014","2","0"
"PL2548 .H664 2014","0","0"
"PL54.69.J53 F8 2013","0","0"
"PL54.69.J53 F8 2013","0","0"
"PL2919.X535 S536 2014","0","0"
"PL2925.L54 N53 2014","2","0"
"PL2847.T98 Q25 2014","0","0"
"PL2855.A37 N8 2014","1","0"
"PL2652 .L56 2014","1","0"
"PL1241 .W24 2014","0","0"
"PL2922.J548 M56 2014","0","0"
"PL2961.A549 M46 2014","0","0"
"PL54.69.T668 M3612 2013","0","0"
"PL2952.A374 M3412 2013","0","0"
"PL2938.5.O65 D664 2014","0","0"
"PL2930.5.B838 L36 2013","0","0"
"PL2972.E47 T53 2013","0","1"
"PL2926.N436 S85 2014","1","0"
"PL2948.3.J56 C436 2014","0","0"
"PL2914.N494 Y56 2014","0","0"
"PL2914.N494 Y56 2014","0","0"
"PL2914.N494 Y56 2014","0","0"
"PL2914.N494 Y56 2014","0","0"
"PL2914.N494 Y56 2014","0","0"
"PL2914.N494 Y56 2014","0","0"
"PL2934.3.I98 L364 2014","0","0"
"PL2934.3.I98 L364 2014","0","0"
"PL2857.E534 D357 2014","1","0"
"PL2955.E959 C446 2013","0","0"
"PL2977.D43 Q256 2014","0","0"
"PL2336 .L866 2014","0","0"
"JQ1519.A5 Z4667 2014","1","0"
"JA84.C6 X534 2014","0","0"
"JC273 .H72127 2014","0","0"
"PL2780.F4 Z636 2014","1","0"
"PL2954.3.U953 T53 2014","0","1"
"PL2877.P56 T53 2014","0","0"
"PL2966.U434 T53 2013","0","0"
"PL2948.5.I435 B45 2013","0","0"
"PL2962.I269 D46 2014","0","1"
"LG51.P28 F46 2014","0","0"
"PL2840.S55 M46 2014","1","0"
"PL2880.U946 B45 2014","0","0"
"PL2929.7.O944 L3 2014","0","0"
"HQ799.C6 D84 2014","1","0"
"PL2841.G36 F46 2014","0","0"
"PL856.I5 Z878 2014","0","0"
"PL2946.M56 F46 2014","0","0"
"PL2892.5.A598 C446 2014","1","0"
"PN56.G48 Z68 2014","0","0"
"PL2801.N2 H83 2014","1","0"
"PL2966.U23 D58 2014","0","0"
"PS152 .J56 2014","0","0"
"PL2833.7.A553 D3 2014","1","0"
"DS753.2 .H827 2014","0","0"
"PL2976.Q256 C485 2014","0","0"
"PL830.N516 Z974 2014","0","0"
"PL2930.5.L385 B35 2013","0","0"
"PL2677.Y77 Z554 2014","0","0"
"PL2965.W45 L35 2014","0","0"
"HN733.5 .L594 2014","0","0"
"PL2973.L5 L35 2014","0","0"
"PL2879.C55 D35 2014","0","0"
"HQ1064.C62 B45 2014","0","0"
"PL2837.H373 J83 2014","0","0"
"PN1119.C5 Z436 2014","0","0"
"PL2977.5.I945 H83 2014","0","0"
"PL2977.5.I945 H83 2014","0","0"
"PL2977.5.I945 H83 2014","0","0"
"PL2921.3.M87 B65 2013","0","0"
"DF78 .B582 2015","0","0"
"F1231.S33 R56 2014","0","0"
"PQ7797.C7145 Z724 2014","1","0"
"PQ3989.3.J63 S46 2014","0","0"
"PN6084.S79 K57 2015","0","0"
"PQ2676.F38 T46 2013","0","0"
"HV9154 .D45 2014","0","0"
"F1938.3.S26 C36 2014","1","0"
"HN303.5 .A83 2003","1","0"
"E184.G7 K56 2015","0","0"
"DC801.S4314 D36 2014","1","0"
"PQ7298.428.O4137 D47 2013","0","0"
"D639.P7 F717 2014","3","0"
"E18.82 .S54 2013","0","0"
"GV1686.T75 E73 2010","0","0"
"BJ1498 .H84 2015","0","0"
"KJA2930 .L36 2015","0","0"
"BM50 .C65 2006","0","0"
"PR6111.A76 F84 2015","0","0"
"PN1664 .J47 2015","0","0"
"DC232 .V36 2015","1","0"
"N6995.S6 L62 2013","0","0"
"BR204 .O75 2014","2","0"
"PG3501.S5 L62 2013","0","0"
"DS134.93.K262 A3 2013","0","0"
"PQ7297.P285 A8836 2015","0","0"
"PQ7389.C233 Z6718 2015","0","0"
"PG3493.48.P582 O86 2013","0","0"
"HF5548.32 .S67 2014","0","0"
"F1392.J4 K37 1997","0","0"
"PS571.M5 H47 2015","0","0"
"HF5382.5.K6 S65 2013","0","0"
"D377.3 .M76 2011","0","0"
"HQ799.2.P6 J88 2014","0","0"
"F1922.5.D65 P43 2014","0","0"
"B258.Z34 K64 2014","0","0"
"B2745 .D56 2003","0","0"
"PA6537 .S45 2014","0","0"
"BX3502.3 .D65 2015","0","0"
"PR9199.4.H633 A6 2015","0","0"
"B105.W5 C87 2015","1","0"
"F1392.J4 R69 2014","0","0"
"PG3492.52.S485 G6 2015","0","0"
"DS117 .S24 2005","0","0"
"DS117 .S24 2005","0","0"
"HG2804 .T33 2007","0","1"
"F2291.M4 M37 2014","0","0"
"PQ6663.U4795 C66 2014","0","0"
"KHQ2202 .K37 2014","0","0"
"HN310.A85 T477 2014","0","0"
"PQ6601.U2 Z74 2013","0","0"
"CT676 .E83 2014","0","0"
"PN81 .R4 2014","0","0"
"DH433 .C64 2013","0","0"
"PQ2672.A242655 H66 2015","0","0"
"B105.B64 L445 2015","0","0"
"BD435 .L43 2015","0","0"
"PN6084.C534 L37 2015","0","0"
"BX4837 .S455 2015","0","0"
"PR9372.9.U76 R57 2015","0","0"
"PR9199.4.T64 A6 2015","0","0"
"D16.14 .E82 2015","0","0"
"PQ4901.L3855 C66 2015","0","0"
"PR6057.R59 F65 2015","0","0"
"PC2460 .E64 2013","2","0"
"PT2623.A37 Z735 2014","0","0"
"GV1632.D65 L59 1975","0","0"
"PQ6105 .B24 2014","0","0"
"PQ6623.A745 Z66 2015","0","0"
"RJ39 .R39 2015","0","0"
"HN210.Z9 E46 2008","0","0"
"PQ6073.H57 M37 2014","0","0"
"JC574.2.A7 U53 2014","0","0"
"QH21.S7 M364 2014","0","0"
"PQ7409.2.D484 I56 2014","0","0"
"DS737 .C58 2014","0","0"
"DS923.25 .M32 2015","0","0"
"HQ682.5 .C45 2014","0","0"
"PR6104.U32 A6 2015","1","0"
"GC65 .R69 2005","0","0"
"PR6058.I4494 J876 2015","0","0"
"E98.F6 V665 2004","0","0"
"E18.75 .P568 2013","0","0"
"DS702 .S78 2013","0","0"
"HN203.5 .R66 2014","0","0"
"PR6063.I27 D36 2015","1","0"
"GN282 .S27 2007","0","0"
"PG1231 .T67 2010","0","0"
"PG1231 .T67 2010","0","0"
"PR6126.A77 N6 2015","1","0"
"F2271.52.B6 C65 2012","0","0"
"PR6117.U365 F76 2015","1","1"
"JZ1480 .H3745 2015","0","0"
"F2279 .A36 2014","0","0"
"F1938.4.B66 M56 2014","0","0"
"JN8209 .G56 2014","0","0"
"PQ4445 18th .B37 2014","1","0"
"PQ6059 .A48 2014","0","0"
"F2279 .C3828 2014","1","0"
"PR9372.9.A377 G64 2015","0","0"
"PQ6150 .O538 2015","0","0"
"F2849.3 .C83 2013","0","0"
"PR6068.O1965 B87 2015","0","0"
"PN1995 .K6574 2015","0","0"
"PR9199.4.C6893 Y43 2015","0","0"
"PR6119.A97 A6 2015","1","0"
"PT2668.E4 A2 2015","1","0"
"PL992.415.P98 M57 2005","0","0"
"PN473 .K74 2015","0","0"
"DS924.T655 C415 2014","0","0"
"PH3042 .K356 2013","0","0"
"PQ6073.E917 E94 2014","0","1"
"F1938 .I56 2013","0","0"
"DT1410.P8 C25 2015","2","1"
"HC153.5 .A74 2012","0","0"
"PQ7081 .A58 2014","1","0"
"B4377 .P368 2013","0","0"
"PQ6323 .A4 2014","3","0"
"DS741.65 .Z58 2014","0","0"
"PC3941.V433 B43 2014","0","0"
"PC3942.28.O49 R44 2014","0","0"
"PQ2631.R63 Z54573 2013","0","0"
"PS3565.B6689 I53 2015","1","0"
"PL2680.Z5 Y36 2014","1","0"
"LC1099.5.F5 D59 2015","1","0"
"HC427.95 .L36212 2010","0","0"
"LC5225.S64 G74 2015","1","0"
"HB3531 .M49 2014","0","0"
"KHW3053 .A28 2011","0","0"
"KHW3053 .A28 2011","0","0"
"KHW3053 .A28 2011","0","0"
"KHW3053 .A28 2011","0","0"
"D768.18 .M37 2014","0","0"
"PL2877.Z57 G36 2014","0","0"
"PR6068.O93 C3718 2012","0","0"
"PH3158 .V558 2014","0","0"
"PL2765.I34 Z4682 2014","0","0"
"HV6453.R8 I83 2014","0","0"
"HV7015.15 .F35 2014","0","0"
"Z301.3 .E27 2014","0","0"
"DC235.1 .D83 2015","0","0"
"PH3321.R785 Z46 2013","0","0"
"PH65 .M378 2014","0","0"
"GT2402.R8 A45 2014","0","0"
"PL2765.I34 Z468 2014","0","1"
"PN5369.H72 C25 2014","3","1"
"DS793.S644 J53 2009","0","0"
"PR6123.A85 A6 2014","0","0"
"PN56.W3 T34 2015","0","0"
"DG737.97 .A25 2015","1","1"
"BX6248.K4 T73 2015","0","0"
"BX1536 .H68 2015","0","0"
"PS3565.C57 Z858 2015","0","0"
"PA3879 .C66 2015","1","0"
"PR6005.O4 Z6336 2015","0","0"
"PN98.P67 M64 2015","0","0"
"BM755.S75 B47 2015","1","0"
"PN2287.R88 J66 2015","1","0"
"PR3669.R2 L67 2015","0","0"
"DB844.M34 H5513 2015","1","0"
"DR978.3 .A35 2015","3","0"
"PN1031 .V365 2015","2","0"
"DG66.5 .K35 2015","1","0"
"DS63.2.U5 F39 2015","3","0"
"PS3623.E4824 S58 2015","1","0"
"F319.M6 R76 2015","3","0"
"F3169 .B6413 2015","1","0"
"PR3728.P6 M37 2015","0","0"
"PQ4103 .Q82 2015","0","0"
"PR260 .T78 2015","2","1"
"PS3525.E77 P4335 2015","1","0"
"BR535 .V375 2015","3","1"
"PS3554.E928177 W56 2015","0","0"
"D766.8 .A473 2015","2","0"
"B21 .Z85 2015","0","0"
"PR9188.2.B57 B37 2015","0","0"
"DL249.G78 B83 2015","0","0"
"PS228.C55 C36 2015","3","0"
"PS3552.A45 Z6526 2015","6","1"
"PS3563.A96384 C56 2015","1","0"
"PS3610.A95 A6 2015","0","0"
"PS3603.H363 A6 2015","1","0"
"PN1993.5.C4 D89 2015","1","0"
"PS374.M547 E45 2015","1","0"
"BJ1289.3 .C55 2015","1","0"
"BX1749.T6 S64 2015","1","0"
"PS3606.O754 G66 2015","0","0"
"PQ9275.E448 G4613 2015","2","0"
"F596.2 .I66 2015","0","0"
"PR9365.72 .I53 2014","0","0"
"F1035.E53 B37 2015","0","0"
"BL1138.25 .S59 2015","1","1"
"PJ7535 .M87 2015","3","0"
"DS36.85 .I26 2015","9","0"
"BL1900.C576 N46 2015","12","0"
"PN49 .N53 2015","2","0"
"PN56.M54 A48 2015","3","1"
"PS3623.A44385 R58 2015","0","0"
"PS3619.E356 A6 2015","1","0"
"F2178.A85 T73 2014","0","0"
"DS556.9 .V65 2014","1","0"
"PR9199.4.B3735 A6 2015","0","0"
"GN635.C3 F78 1991","0","0"
"PS3561.E4252 D53 2015","1","0"
"NA3360 .B35 2014","1","0"
"HV8263.A2 H423 2014","0","0"
"JN6581 .T84 2015","0","0"
"HD1995.15 .K676 2014","0","0"
"P95.82.C7 L668 2014","1","0"
"PQ7392.D838 B63 2013","0","0"
"HF1879 .A64 2012","0","0"
"DK223 .B658 2014","0","0"
"F1938.5 .M67 2013","0","0"
"AM72.A2 C455 2014","0","0"
"F1961 .L47 2013","0","0"
"PS3618.O8728 P79 2014","1","0"
"PT2053 .G48 2012","0","0"
"PQ4646 .M37 2014","1","0"
"PL1417 .L58 2014","0","0"
"PG3415.R4 M49 2011","0","0"
"PQ4809.A45 P335 2014","1","0"
"HN310.Z9 V53363 2014","0","0"
"PS3603.A4243 S56 2014","2","0"
"PG3001 .B485 2014","0","0"
"PS3602.U838 W34 2014","1","0"
"PS3626.I67 B49 2014","1","0"
"PG3476.B617 B28 2014","1","0"
"DS70.5.L35 H86 2014","0","0"
"LC177.L29 P65 2014","0","0"
"PQ7298.12.A5 E8 2012","0","0"
"DB2057.O63 A3 2014","0","0"
"PQ7298.26.U495 L53 2013","0","0"
"PG5038 .G4 2012","1","0"
"PG5038 .G4 2012","0","0"
"PG5038.H63 N3334 2014","0","0"
"PG5039.14.R95 V43 2014","0","0"
"PQ7263.G4 T73 2013","0","0"
"PQ7298.423.A43 F68 2012","0","0"
"DK510.764 .R67332 2015","0","0"
"PQ7298.16.E73 A6 2013","0","0"
"PQ7298.13.E85 M38 2012","0","0"
"D802.Y8 P337 2015","0","0"
"PS3605.C555 A6 2014","1","0"
"PQ7798.432.I38 G75 2014","0","0"
"PS3606.R37598 S63 2015","0","0"
"DK254.S6 G46 2014","0","1"
"PR6103.R688 O52 2015","1","0"
"PR9199.4.M42324 B78 2015","0","0"
"D804.196.S65 S42 2015","0","0"
"PG5039.29.V34 K8 2014","1","0"
"Z106.5.C942 B647 2014","0","0"
"PS3503.R167 I45 2014","1","0"
"PQ2075 1968","0","0"
"PQ2075 1968","0","0"
"HN31 .D57 2014","0","0"
"PR6056.U419 E88 2015","1","0"
"NK3637.K67 B78 2004","0","0"
"PS3601.N36 I22 2014","1","0"
"PR6123.O662 A95 2014","0","0"
"PQ6613.U53 B35 2014","0","0"
"PQ6613.A897 P35 2014","0","0"
"PQ7296.J6 Z984 2014","0","0"
"HN530.2.S25 L433 2015","1","0"
"PS3607.L346 W43 2014","2","1"
"PQ7798.26.A83 C34 2013","1","0"
"PS3614 .E96 2015","1","0"
"F2728 .D52 2014","0","0"
"KH736.M47 B27 2013","1","0"
"PR6003.E282 Z78136 2015","0","0"
"D805.5.R38 F72 2014","0","0"
"PQ6672.I473 H86 2015","0","0"
"PR9199.4.C6462 E28 2014","0","0"
"PR9199.3.B3575 S66 2014","1","0"
"DK510.763 .B863 2015","0","0"
"PS3615.N435 M57 2014","0","0"
"DD17 .A737 2015","0","0"
"PR9199.4.P683 I54 2014","0","0"
"PS3570.Y5877 P75 2014","1","0"
"PN2727 .C48 2014","1","0"
"PQ6721.R63 H84 2015","0","0"
"PS3623.I556466 T45 2014","1","0"
"PH3241.J65 A6 2014","0","0"
"PH3241.J65 A6 2014","0","0"
"PS3564.E223 K66 2014","0","0"
"PQ6639.N3 A4 2014","0","0"
"JL3698.F7 A15 2012","0","0"
"PG3091.9.B56 K35 2015","0","0"
"PS3557.O475 S66 2014","1","0"
"PQ7297.R89 P4369 2014","3","0"
"P107 .H64 2015","0","0"
"DK604.3.T88 M868 2014","0","0"
"DK604.3.T88 M868 2014","0","0"
"PG3479.7.S48 Z46 2014","0","0"
"PQ4835.A48 Z6234 2014","4","0"
"DK508.83.S55 G47 2014","0","0"
"PR9507.9.K48 W43 2014","0","0"
"DK236.K6 A3 2015","0","0"
"DK34.K26 K365 2014","0","0"
"DK268.S8 K422 2015","1","0"
"PR6120.E655 H67 2015","2","0"
"D749.5.R8 N34 2015","0","0"
"CT203.R87 P59 2015","2","0"
"DK651.N506 L85 2014","1","0"
"PA3973.H3 F65 2015","1","0"
"DK268.A1 O8 2014","0","0"
"PR6119.P43 A6 2014","1","0"
"PR9507.9.K48 E27 2013","1","0"
"B105.P53 S39 2014","0","0"
"PQ3989.2.K87 Z874 2014","0","0"
"PQ2712.A58 P37 2014","0","1"
"DC611.A556 V58 2014","0","0"
"PQ6641.A47 T535 2014","1","0"
"BS1325.6.W7 W47 2015","0","1"
"PR9199.3.W4987 A44 2015","1","0"
"PS3620.H644 A85 2015","3","0"
"B1402.E55 B765 2015","0","0"
"DS32.8 .A783 2015","0","0"
"PA2055.E8 B56 2015","1","0"
"PN56.D56 R45 2015","0","0"
"DA260 .K43 2015","2","0"
"DR1671 .W25 2015","0","0"
"PN1993.5.U65 B73 2015","1","0"
"PS3605.R855 B87 2015","1","0"
"PR6119.A436 B87 2015","0","0"
"DK502.75 .A92 2015","5","0"
"E184.J3 N484 2015","2","0"
"CB357 .D45 2015","0","0"
"PR6058.A436 D49 2015","0","0"
"BV3606.3 .E2713 2015","1","0"
"BL240.3 .C69 2015","3","0"
"PN3435 .F43 2015","0","0"
"PN1995.9.V5 B33 2015","0","0"
"PQ8180.28.O7 C3713 2015","0","0"
"D545.C273 D38 2015","2","1"
"B945.C4764 E45 2015","0","0"
"DD67 .G49 2015","0","0"
"PR830.D4 E39 2015","2","0"
"DF234 .G66 2015","3","0"
"PA3003 .B67 2015","0","0"
"PN146 .L54 2015","1","3"
"PS558.T4 H38 2014","0","0"
"PS3606.O4229 H86 2015","1","0"
"PS3611.E5585 I83 2015","2","0"
"DS135.F81 J49 2015","2","0"
"PS3531.O82 Z437 2015","0","0"
"BR390 .F575 2015","0","0"
"PS374.D4 S56 2015","1","0"
"PN56.P92 B57 2015","0","0"
"PS3607.A3573 L33 2015","2","0"
"PS3614.O774 L55 2015","4","0"
"PS3555.S84 L66 2015","1","0"
"PS3611.N64 L83 2015","12","0"
"E901.1.K68 A3 2015","1","1"
"PS3623.O59732 M46 2015","0","0"
"PS3618.O3623 M57 2015","0","0"
"DS22 .M255 2014","3","1"
"DA685.S8 B37 2015","2","0"
"PE1961 .F69 2015","0","0"
"PS3613.A3493335 O38 2015","0","0"
"PN6377.Y67 A45 2015","0","0"
"PS3602.O6545 O75 2015","1","0"
"DS779.26 .L53 2015","0","0"
"DA125.N4 W55 2015","1","0"
"E814 .B55 2015","2","0"
"E303 .E43 2015","6","0"
"PS3616.A74357 R42 2015","4","0"
"PN56.R3 R356 2015","0","0"
"NA9415.B7 E44 2015","0","0"
"B2948 .G89 2015","0","0"
"BT82 .T33 2015","3","0"
"E404 .C78 2015","1","0"
"HQ76.25 .Z36 2015","0","0"
"PR3047 .U84 2015","1","0"
"PS3557.O478 Z46 2015","2","0"
"BR1720.G4 R53 2015","0","0"
"E743.5.F47 S533 2014","1","0"
"PQ317 .T36 2015","0","0"
"PN2115 .T46 2015","0","1"
"PS3566.E7559 V35 2015","0","0"
"PR736 .I53 2015","1","0"
"PS663.C74 W39 2015","1","1"
"PS3601.C23 W66 2015","0","0"
"BS1325.53 .B38 2015","0","0"
"D639.N4 W57 2015","1","1"
"PJ5054.G646 K313 2015","2","0"
"PR4611.A73 M33 2015","1","0"
"F869.S357 T76 2014","2","0"
"PQ2601.P6 Z653 2015","0","0"
"PQ7298.26.I8 Z46 2015","2","0"
"BS2650.52 .G67 2015","0","1"
"BT21.3 .H56 2015","0","0"
"CB19 .S679 2015","1","0"
"PR9199.4.R38 B56 2015","0","0"
"PR6062.A735 A6 2015","0","0"
"PS3603.A77627 B853 2015","1","0"
"PR6107.O945 C47 2015","1","0"
"F311 .C52 2014","1","0"
"F269 .S795 2015","0","0"
"PR6005.O4 D83 2015","0","0"
"PN1042 .A87 2015","0","0"
"DA589.7 .C86 2015","0","0"
"PS3604.A376 D36 2015","1","0"
"PS3620.A66 D37 2015","1","0"
"PN1995.9.C513 V55 2015","2","0"
"PN1995.9.E96 M34 2015","4","0"
"PS3559.I35 A6 2015","0","0"
"B1302.E65 T87 2014","0","0"
"PR9619.3.E23 E94 2014","1","0"
"HQ75.8.P373 A3 2015","0","0"
"BP52 .G744 2015","4","0"
"PN1993.5.U65 H373 2015","0","0"
"PN1969.C65 F67 2014","0","0"
"PN1995.9.C847 R45 2014","0","0"
"B2433.L373 T4413 2015","2","0"
"PS3604.I75 G46 2015","2","1"
"PT2026.A3 G65 2015","1","0"
"BS2615.53 .M37 2015","1","0"
"PR9199.3.H478 A6 2015","0","0"
"F319.M6 G74 2015","2","0"
"PS3557.R5314 A6 2015","1","0"
"DK505.23 .S94 2014","0","0"
"PN3018.B45 K54 2015","0","0"
"PN2287.P7337 L38 2015","0","0"
"BP109 .K45 2014","7","0"
"E468.9 .L45 2015","2","0"
"PS3573.A359 L54 2015","0","0"
"BS651 .W4248 2015","1","0"
"BX2470 .L39 2015","5","0"
"PS3607.O5633 A6 2015","0","0"
"BX8635.3 .M35 2015","1","1"
"PN771 .M479 2015","0","0"
"PR9199.3.B6247 N35 2015","1","0"
"PS3602.R6985 A6 2015","0","0"
"E449 .G872 2014","2","0"
"PS3610.A356433 A6 2015","0","0"
"HQ76.25 .P58 2015","3","0"
"PQ2682.O436 P6913 2015","1","0"
"E176.472.A34 G63 2015","0","0"
"BX1756.R56 P76 2015","0","0"
"BM496.9.F67 P76 2015","1","0"
"BS2575.54 .O47 2015","0","0"
"PS3602.R636 R46 2015","0","0"
"CB361 .R453 2014","1","0"
"PR9199.4.D493 R63 2015","0","0"
"PS3557.O354 A6 2015","1","1"
"HQ27 .B685 2015","2","0"
"PS3615.N54 A6 2015","2","0"
"PS3604.E4245 S55 2015","0","0"
"BR115.W6 N33 2015","0","0"
"PR9619.3.M855 A6 2014","0","0"
"E616.D7 K45 2015","2","0"
"PR9199.4.C3455 S76 2014","1","0"
"PS3623.A426 S86 2014","1","0"
"PS3570.I462 A6 2015","0","0"
"PS3623.A358 A6 2015","0","1"
"PS3608.A72872 T7 2015","0","0"
"DC36.98.T63 T63 2014","0","0"
"PN1059.T7 B63 2015","0","0"
"PQ2671.R55 A6 2015","0","0"
"PS3563.O88127 V65 2015","0","0"
"PS3619.I48 A6 2015","8","0"
"PS3551.N444 A6 2015","1","0"
"PR6113.A7735 A6 2014","2","0"
"PS3611.A35344 A6 2015","2","0"
"PS3620.E95 A6 2015","1","0"
"PR6070.A9118 W76 2015","0","0"
"PQ6703.E2757 C45 2014","0","0"
"D640 .W64 2014","0","0"
"PQ6703.A4756 L43 2015","1","0"
"DS796.H775 H83 2012","0","0"
"PR9199.3.W487 A6 2014","0","0"
"PR9199.3.H88 A6 2013","1","0"
"PQ3989.2.B396 N56 2015","0","0"
"PL981.7 .S57 2000","0","0"
"PQ7389.V55 C4336 2014","0","0"
"BX491 .B924 2015","0","0"
"DK510.763 .D36 2015","0","0"
"HN752.5 .O855 2014","0","0"
"DT13 .L37 2015","1","0"
"BX385.A8 A465 2014","2","0"
"PQ1814.L57 D4 2015","1","0"
"PN37 .N353 2015","0","0"
"JC574.2.R8 M87 2014","0","0"
"CN375.V3 C87 2015","0","0"
"PQ6607.E45 Z75 2014","0","0"
"D507 .T78 2014","0","0"
"N5475 .P68 2008","2","0"
"D234 .P84 2015","0","0"
"HN752.5 .D35 2015","0","0"
"G465 .L54 2015","0","0"
"BF561 .W566 1998","0","0"
"BF561 .W566 1998","0","0"
"KF3989 .S87 2015","0","0"
"LC214.3.B63 M675 2015","3","0"
"LD6329 1964c","1","0"
"HV2936 .K87 2015","0","0"
"JA84.U5 S44 2015","0","1"
"HV6534.C382 S54 2015","0","0"
"HC59.3 .B7213 2015","3","0"
"E83.866.C94 M34 2015","0","0"
"P569 .P37 2015","3","1"
"KFL581 .A34 2015","1","0"
"HB2121.A3 M64 2015","0","0"
"JZ1316 .R36 2015","0","0"
"JC328.6 .B3513 2015","1","1"
"HN90.S6 A34 2015","2","0"
"GN17.3.E6 H66 2014","0","0"
"P115.45 .A87 2015","1","1"
"LB2326.3 .C74 2015","3","0"
"HV4764 .K56 2015","2","0"
"HT869.S55 R4513 2015","4","0"
"H97 .P43 2015","2","0"
"HJ2005 .G86 2015","0","0"
"HD9999.B443 I58 2015","5","0"
"HD9576.S35 A763 2015","1","0"
"HD9698.U52 M3195 2015","1","0"
"H61 .W46 2015","1","0"
"JK1726 .S65 2015","7","0"
"JZ1305 .B384 2015","2","0"
"E99.S227 B76 2015","0","0"
"HD8753.5 .C44 2015","1","0"
"DC611.V963 M53 2014","0","0"
"P107 .A39 2015","0","1"
"HC800 .A553356 2015","0","0"
"HQ767 .C253 2015","2","0"
"KF4749 .B45 2015","1","0"
"HC59.7 .K4674 2015","0","0"
"JL1406.C58 P47 2015","0","0"
"P306.8.G7 C85 2015","2","1"
"KF4772 .S53 2015","0","0"
"HC79.P6 V35 2015","0","0"
"JQ766.R43 I52 2015","0","0"
"JF1525.A8 I54 2015","0","0"
"HF1379 .B37 2015","0","0"
"HB119.B67 R453 2015","1","0"
"HQ503 .L44 2015","2","0"
"HG1656.A3 S66 2015","0","0"
"E99.P9 R5375 2015","2","0"
"LB1027.3 .M85 2015","0","0"
"HM1281 .L6713 2015","0","0"
"JQ1850.A91 N66 2015","1","0"
"JF2071 .D38 2014","2","0"
"LB1707 .H46 2015","0","0"
"BF511 .P793 2015","0","0"
"JN2610.R4 P34 2015","0","0"
"BF511 .R47 2015","0","0"
"HC240.25.T8 M37 2015","0","0"
"HQ784.M32 U674 2015","1","0"
"JV6035 .S56 2015","0","0"
"GA203 .T96 2015","2","0"
"HD5854 .T46 2015","0","0"
"HT131 .L36 2015","0","0"
"GV706.32 .M385 2015","4","0"
"HG4621 .J66 2015","0","1"
"LB2386 .W66 2015","1","0"
"E92 .C63 2015","2","0"
"GT4226.J33 D35 2015","2","0"
"GN397.5 .G36 2015","0","0"
"JF1525.A8 I68 2015","0","0"
"PN4756 .B665 2015","2","1"
"HB501 .C577 2015","0","0"
"HV6795.H6 T46 2015","1","0"
"H62 .C697426 2015","2","0"
"HV553 .C85 2015","0","0"
"E99.A35 S63 2015","0","0"
"HN49.R33 P67 2015","1","0"
"JV6347 .D66 2015","6","0"
"HV6432 .M367 2015","1","0"
"HM1096 .T36 2015","2","0"
"HC187 .M468513 2015","1","1"
"LB2840 .I57 2015","3","0"
"LC191.9 .I58 2015","0","0"
"P302.84 .J36 2015","1","1"
"LB1032 .L357 2015","0","0"
"GN452.5 .I539 2015","5","0"
"GV1102.7.S85 B68 2015","1","0"
"LB3430 .W57 2015","2","0"
"HM753 .M85 2014","0","0"
"HV6534.B385 P37 2014","0","0"
"JQ1519.A4 W75 2015","1","0"
"P158.5 .E95 2015","1","0"
"PN1992.8.R43 D44 2015","0","0"
"JA74.5 .S633 2015","1","0"
"HV4506.M48 S77 2014","0","0"
"BF575.S75 A55 2015","0","2"
"JC328.5 .C65313 2015","2","0"
"LB2822.8 .A56 2015","0","0"
"HD8526 .P37 2015","0","0"
"HV553 .G43 2015","0","0"
"DB2035 .V45 2014","1","0"
"DC611.H53 S43 2014","0","0"
"DC397 .B36 2015","1","0"
"DC125 .D748 2015","1","0"
"HQ1219 .S24 2015","2","0"
"HF5813.C6 W828 2014","1","0"
"PQ1645 .H455 2015","2","0"
"PL733.3 .V54 2013","0","0"
"D522 .M587 2013","0","0"
"HC270.28 .K68 2014","0","0"
"PJ6307 .K43 2015","0","0"
"PA3948.C383 D57 2014","0","0"
"BH301.K5 L56 2015","0","0"
"D603 .S86 2015","1","0"
"PR6118.O28 G66 2015","1","0"
"BD621 .C65 2013","0","0"
"DC85.8.A54 D45 2015","0","0"
"DS610.73.L46 L864 2014","2","0"
"JC75.D36 V55 2013","0","0"
"HM623 .V668 2014","0","0"
"PN518 .C37 2013","1","0"
"D640 .P613 2015","1","0"
"PQ3979.3.R49 J37 2015","0","0"
"BV4465 .M37 2014","0","0"
"PS571.H3 B32 no. 104","0","0"
"B3376.W564 D54 2015","0","0"
"D639.C4 L35 2014","0","0"
"GC150.5 .W86 2015","1","0"
"DD157 .H577 2015","0","0"
"D522.42 .J43 2013","0","0"
"PT2354 .H475 2014","0","0"
"RC1230 .K7813 2015","1","0"
"RC480.5 .O46 2015","0","0"
"RC553.A88 H365 2015","0","0"
"GE180 .E546 2016","7","0"
"RA395.V4 W35 2015","0","0"
"B105.R27 H45 2014","0","0"
"GN778.2.N87 M45 2014","0","0"
"D522 .P76 2013","0","0"
"N5475 .G74 2014","2","0"
"DG70.V64 D43 2014","0","0"
"DF78 .H378 2015","0","0"
"D548 .P48 2013","0","0"
"PN1993.5.H6 L587 2015","0","0"
"DS796.H757 W798 2015","1","0"
"PL2837.H753 F36 2015","0","0"
"PA6809.B7 S25 2014","3","0"
"D548 .N454 2013","0","0"
"PR6068.O93 H387125 2013","4","1"
"PR9199.3.C6398 M66 2015","0","0"
"PA3061 .W44 2014","0","0"
"PA411 .P38 2014","0","0"
"GR161 .R63 2015","0","0"
"PR6068.O93 H33125 2013","3","0"
"PQ2625.O67 Z48 2015","0","0"
"PR6068.O93 H38125 2013","0","0"
"PQ2703.A24 A615 2015","0","0"
"PR9199.4.T555 D85 2015","0","0"
"DS778.7 .L5125 2015","2","0"
"DS778.7 .L5125 2015","2","0"
"DK127 .K83 2011","0","0"
"PQ145.1.A54 D53 2015","0","0"
"F1465.3.T4 K66 2010","1","0"
"PN1998.A3 S44 2015","2","0"
"DC611.N848 S35 2015","0","0"
"HQ1478 .G78 2006","1","0"
"LA621.5 .C44 2015","0","0"
"F1435.3.W55 T73 2011","1","0"
"F1465.2.K5 R82 2010","2","0"
"DF261.C93 P68 2014","2","0"
"F1435.3.F6 M85 2009","2","0"
"F1465.2.K5 P35 2004","2","0"
"JL966 .A26 2013","0","0"
"PC3680.M39 C67 2015","0","0"
"PQ7798.24.O96 S64 2014","1","0"
"PQ7798.421.A83 L5 2013","0","0"
"LB2331.5 .A36 2013","0","0"
"DK268.Z52 M55 2015","0","0"
"BX1378.7 .A5 2013","2","0"
"HV4530.B8 G37 2014","0","0"
"B508 .G68 2014","0","0"
"D639.A73 G353 2013","0","0"
"D631 .G34 2013","0","0"
"HQ1662 .R84 2015","0","0"
"D503 .F38 2013","0","0"
"DK509 .B785 2015","0","0"
"PN3448.A8 G444 2015","1","0"
"DK510.763 .D4586 2015","1","0"
"HT145.B38 S65 2015","0","0"
"BX597.L586 S85 2014","0","0"
"DK267 .P595 2015","0","0"
"D764.3.L4 L454 2014","0","0"
"PG3476.Z7 Z833 2015","0","0"
"K7230 .I544 2014","1","0"
"PQ2605.O28 Z66489 2014","2","0"
"PN56.M8 R47 2013","0","0"
"JC423 .N6175 2015","0","0"
"PA3950.P6 D43 2015","1","0"
"PR6068.I4 D86 2015","0","0"
"PR9639.3.A3 L36 2015","0","0"
"PQ4876.A736 Q47 2015","0","0"
"LC196.5.A7 G34 2014","0","0"
"D507 .U37 2014","0","0"
"PR6068.O93 H35125 2009","0","0"
"PQ4383 .M37 2015","1","0"
"PL989.2.Y23 A6 2015","0","0"
"PR6068.O93 H37125 2013","0","0"
"D640 .B33 2013","0","0"
"PR6068.O93 H36125 2013","0","0"
"HV9142.A5 G66 2013","0","0"
"PR6068.O93 H34125 2013","0","0"
"F2729 .T87 2013","0","0"
"PQ8491.P52 K37 2000","1","0"
"DC801.S37 H6814 2014","0","0"
"PL989.9 .S55 2013","0","0"
"PL989.9 .S55 2013","0","0"
"PL989.9 .S55 2013","0","0"
"PL989.9 .S55 2013","0","0"
"PL989.9 .S55 2013","0","0"
"PL989.9 .S55 2013","0","0"
"PN6377.Q42 I48 1990","1","0"
"HD1531.B6 A72 1984","1","0"
"F3722.1.C25 M35 1985","1","0"
"PQ8180.1.R137 P3 2005","1","0"
"D530 .F37 2014","0","0"
"DG291.7.M3 L43 2014","0","0"
"PQ2661.B44 F56 2015","0","0"
"D639.V48 B45 2014","1","0"
"JC311 .G848 2014","0","0"
"D640.A2 M37 2014","0","0"
"PQ4873.A3151 A68 2014","0","0"
"PC34.M33 A25 2014","0","0"
"PL2754.S5 A28 2012","0","0"
"PQ4390 .C682 2014","1","0"
"D521 .P76 2014","0","0"
"PQ4809.A52 T33 2014","0","0"
"UG432.C6 C65 2014","0","0"
"PQ4902.R55 S42 2015","0","0"
"D630.M25 A3 2013","0","0"
"DS799.63.C6 S547 2014","0","0"
"PQ4902.A73 A44 2014","0","0"
"DB2190 .R68 2014","0","0"
"LA831 .R42 2015","0","0"
"PQ3989.3.R29 L88 2015","1","0"
"D522 .M36 2014","0","0"
"PQ4879.A7455 A67 2015","1","0"
"DK262 .V57 2015","0","0"
"PN495 .N44 2015","0","0"
"PQ4876.I3143 M657 2015","0","0"
"PJ5038 .M43 1998","1","0"
"PJ5038 .M43 1998","1","0"
"PJ5038 .M43 1998","1","0"
"PR9199.4.H66 M36 2015","0","0"
"PR8858 .T47 2015","0","0"
"PS3521.A223 J3154 2014","1","0"
"PN1993.5.I86 N583 2014","1","0"
"PN1993.5.J3 K557 2015","0","0"
"HD549.C43 O78 2014","0","0"
"PQ8259.3.M67 D4 2013","0","0"
"DC203.9 .C37 2015","0","0"
"PQ2469.Z5 P489 2015","0","0"
"PQ8259.2.L43 A6 2014","0","0"
"PQ4867.I7 2014","0","1"
"PN3383.P64 E27 2015","1","0"
"PQ2663.O7257 S87 2015","0","0"
"HD1410.6.P3 S46 2013","1","0"
"DK38 .S4246 2014","0","0"
"PQ4207 .S24 2014","0","0"
"PQ307 .E77 A33 2014","0","0"
"F2670 .C85 2013","0","0"
"PQ7298.41.S88 E83 2010","1","0"
"PQ2678.E28 T33 2015","1","0"
"PQ7298.41.S88 B87 1997","1","0"
"PQ2672.A6875 Q5 2015","0","0"
"B693.Z7 F37 2015","0","0"
"PQ7298.429.A87 E6 2013","0","0"
"TR820.6 .P66 2014","1","0"
"PQ4880.O6753 C65 2014","0","0"
"PA4275.F8 B7 2014","1","1"
"PQ4879.A656388 A78 2015","0","0"
"DK4121.5.U4 N44 2015","0","0"
"BL51 .V534 2014","0","0"
"HX260.3.A6 B77 2015","0","0"
"BV4598.2 .O86166 2007","0","0"
"PN6747.F66 H36 2015","0","0"
"PN1997.A1 C66 2013","0","0"
"PQ4906.A7635 V56 22014","0","0"
"PQ4882.A4 C25 2014","1","0"
"RA418.3.D65 M43 1980","1","0"
"PQ4907.I8585 T74 2014","0","0"
"PQ7298.429.A87 V53 2004","0","0"
"P57.G4 T66 2015","0","1"
"PS3612.E2198 L69 2015","1","0"
"PQ4901.G674 P47 2015","0","0"
"PA4413.O7 M296 2014","0","0"
"PR9199.3.S7814 G74 2015","0","0"
"D640.A2 C37 2014","0","0"
"PQ2720.E57 C68 2015","0","0"
"PS151 .N39 2015","0","0"
"PN99.C94 S52 2014","0","0"
"DB2500.S94 P65 2015","0","0"
"PG3492.54.H48 A72 2015","0","0"
"HN530.2.A8 M493 2013","0","0"
"PR9199.4.L449 M68 2015","0","0"
"PL992.2.H48 A66 2001","0","0"
"DK571 .V52 2014","0","0"
"PN1993.5.H8 K452 2014","0","0"
"HV875.58.I4 M84 2014","0","0"
"DB958.3 .S275 2014","0","0"
"RA643.8 .P55313 2015","3","0"
"GN434 .P44 2012","0","0"
"DB2231.J25 A4 2015","0","0"
"DS740.5.F8 B75125 2014","1","0"
"PR9499.4.N54 N563 2014","0","0"
"JN2223 .K667 2015","0","0"
"BP173.25 .A97 2014","0","0"
"PL2961.A67 E725 2014","0","0"
"PG2950 .K55 2015","0","0"
"HQ1752 .I5 2013","0","0"
"HD546 .G53 2009","0","0"
"PQ8259.3.F484 C35 2013","0","0"
"PN56.E62 E47 2014","1","0"
"DB2650.U85 R63 2015","0","0"
"B4805.P384 B52 2014","0","0"
"HD62.5 .B34 2013","0","0"
"PN56.B62 K639 2014","2","0"
"HV6250.4.W65 C47 2013","0","0"
"PQ7798.13.A3936 G84 2014","0","0"
"PQ8259.2.A6 Z6 2014","0","0"
"HC441 .H38 2014","1","0"
"HG8051 .J45 2015","0","0"
"PQ6668.O298 I54 2014","1","0"
"PQ6712.I33 C5 2015","0","0"
"JQ1539.5.A58 T53 2015","0","1"
"HF2426.Z9 A586 2013","0","0"
"PQ6424.Z5 L38 2014","0","0"
"JQ1062.A67 C57 2011","1","0"
"JL3698.M6 G847 2014","0","0"
"DG82 .P27 2014","0","0"
"RS420 .T54 2014","0","0"
"F2729.52.M85 T83 2014","0","0"
"F2723 .M344 2014","2","0"
"PA6009 .C53 2006","0","0"
"PQ7798.423.U78 E6 2014","0","0"
"PS617 .O98 2015","1","0"
"RC889 .V4217 1928","0","0"
"PR9199.4.T832 A6 2015","0","0"
"HQ766.5.P4 N43 2014","3","1"
"DB2041 .K28 2015","0","2"
"HQ1610.3 .B345 2014","0","0"
"PN1993.5.R9 P534 2014","0","0"
"GR72 .E58","0","0"
"GR72 .E58","0","0"
"GR72 .E58","0","0"
"BX597.Z46 L488 2014","0","0"
"DS597.37 .L46 2011","0","0"
"DS594 .S256 2011","0","0"
"JQ1060 .B85 2012","0","0"
"HC340.12 .F258 2014","0","0"
"DS597.215.K75 B43 2012","0","0"
"PG3476.N3 Z6485 2014","1","1"
"PH1058.9.K78 Z46 2012","0","0"
"PR478.W65 B83 2015","0","0"
"NX600.D3 A68 2014","0","0"
"NE475 .P45 2013","0","0"
"DR2113 .C57 2011","0","0"
"PG1619.26.R78 B73 2014","0","0"
"PG1364.I8 L58 2011","0","0"
"DR1602 .P35 2011","0","0"
"HQ1064.U8 P27 2013","0","0"
"PQ8179.A785 Z46 1991","3","0"
"PN1993.5.C87 R34 2013","1","0"
"PG2932 .N66 2014","0","0"
"PG1661.I8 B54 2012","0","0"
"HQ1726.7.Z9 I86 2015","0","0"
"D804.195 .B33 2011","0","0"
"PQ8259.3.U77 O87 2014","0","1"
"PS3572.A386 T44 1981","1","0"
"PS3613.E46 D486 2015","2","0"
"F2665 .R637 2013","0","0"
"PT2615.A215 K5 2015","0","0"
"PA3521 .G56 2011","0","0"
"P92.G4 A86 2008","0","0"
"HN832.A8 H85 2014","1","1"
"PR9379.4 .G43 2013","0","0"
"DT571.F84 N37 2014","0","0"
"DR267 .F38 2014","0","0"
"HQ1181.I4 W644 2014","1","0"
"HF1590.15.A785 A84 2014","0","0"
"PC4897 .P36 2014","0","0"
"PK1508 .P46 2014","0","0"
"PQ8259.3.M576 N44 2014","0","0"
"HC222 .M36 2014","0","0"
"PN603 .T534 2014","1","0"
"PA5115 .T76 2014","0","0"
"PQ2673.E712 Z67 2003","0","0"
"PA8395.P34 A3 2014","0","0"
"PQ4863.O6655 L33 2014","0","0"
"PQ7298.23.U49 H33 2014","0","0"
"PQ2607.A4 M3734 2015","0","0"
"HB2022.S26 S743181 1987","0","0"
"PQ4873.E477 Z65 2008","0","0"
"PQ6496 .T775 2014","0","0"
"DR24 .M38 2014","0","0"
"PG1620.29.A74 N30 2013","0","0"
"PQ4878.U36 M36 2015","0","0"
"F2689 .S65 2014","0","0"
"PQ7408.S2 P4 1980","0","0"
"DR1305.K77 A3 2012","0","0"
"PR6051.T56 G64 2015","4","1"
"PR6068.O93 Z82 2015","3","0"
"PL8261.9.N85 O4713 2014","1","0"
"PG1619.26.I395 N46 2014","0","0"
"PG1620.29.O33 J66 2014","0","0"
"PQ4866.O537 A65 2015","1","0"
"GV1787 .B496 2011","0","0"
"PQ4873.A49158 S56 2014","0","0"
"DR1350.I78 B535 2013","0","0"
"PN5355.C7 F477 2015","0","0"
"PG3476.S78835 O8413 2015","5","0"
"PG1345 .M46 2014x","0","0"
"PQ6719.I578 U58 2014","0","0"
"HV4013.G3 B47 2014","0","0"
"PH3321.R27 Z527 2009","0","0"
"PH3213.B14 Z538 2015","0","0"
"DB958 .S35 2014","0","0"
"PQ2989.2.L52 C66 2014","0","0"
"DT578.4.Y39 A3 2014","0","0"
"Z722 .H68 2014","3","1"
"PL8600.P524 M263 2011","1","0"
"DB956 .K34 2014","0","0"
"DR1230.C75 H78 2013","0","0"
"B1067 .P46 2013","0","0"
"HV1569.5 .R43 2015","0","1"
"DB955.6.K693 U48 2014","0","0"
"PN56.5.W64 J36 2015","0","0"
"PN6733.B85 H42 2012","0","0"
"PG1418.A6 N3332 2012","0","0"
"N5750 .C56 2014","0","0"
"DA566.9.A1 B73 1994","0","0"
"PG1620.14.I55 P66 2014","0","0"
"DR1925.P47 B88 2011","0","0"
"JN9679.A5794 M375 2011","0","0"
"PQ4913.O57 A64 2015","0","0"
"DR1532.5.C37 S65 2010","0","0"
"PA6379.D2 D37 2014","0","0"
"CS2850.Z9 B85 2012","0","0"
"PQ8520.417.A74 C45 2014","0","0"
"PG1224.73 .H78 2011","0","0"
"PG1603 .C44 2011","0","0"
"PG1619.12.R38 M78 2014","1","0"
"PR9199.3.M34845 C87 2015","1","0"
"DR1603 .S26 2012","0","0"
"PQ4299.C6 S438 2015","1","0"
"PQ6716.A7355 A88 2014","0","0"
"DR1603 .P48 2013","0","0"
"PQ4913.A272 V58 2015","0","0"
"DX269 .B354 2014","0","0"
"DR1258.A97 D73 2013","0","0"
"PG1608.2.M63 D65 2011","0","0"
"HQ1715.5 .S55 2009","0","0"
"B4859.E5 T733 2012","0","0"
"PG1420.23.I54 P2 2014","0","0"
"DS517.1 .C67 2015","0","0"
"PG1402 .V456 2013","0","0"
"PG1419.14.A9 K8 2014","0","0"
"PG1619.1.R74 O8 2014","0","0"
"PG1419.21.E27 K35 2014","0","0"
"QH31.D2 A33 1985","0","0"
"PG1419.29.A25 K2 2014","0","0"
"LB1050.53 .K57 2015","0","0"
"PS1882 .V35 2004","0","0"
"PG1418.K625 Z933 2013","0","0"
"HQ125.S47 J25 2014","0","0"
"HC240.25.S4 L29 2013","0","0"
"DR1313.7.P75 C85 2012","0","0"
"PG1419.12.L28 R39 2014","0","0"
"BR65.E633 H9513 2015","1","0"
"DS894.69.N3695 K462 2015","0","0"
"PQ7797.G6 Z86 2013","0","0"
"Z510.E35 A37 2014","0","0"
"PQ7529.A49 T7 1956","1","0"
"DA118 .R954 2015","1","1"
"GN346 .A8 2015","2","0"
"HD9685.U5 I867 2015","2","0"
"HB241 .O66 2015","0","0"
"JS331 .B274 2015","3","0"
"LB1025.3 .L57 2015","1","0"
"JA76 .E28 2015","0","0"
"P302.7 .N3824 2015","5","0"
"E99.P2 H6999 2015","1","0"
"HQ598.15.B64 D84 2015","1","0"
"HD4904.25 .B65 2015","0","0"
"HB241 .R47 2015","0","0"
"HT241 .S86 2015","4","0"
"BF495 .R64 2015","0","0"
"JC571 .S5327 2015","2","0"
"JA76 .H344 2015","4","0"
"PN1992.3.G7 C66 2015","0","0"
"KF8742 .R46 2015","1","0"
"KNC742 .C59 2015","0","0"
"KNC947.A35 K85 2015","0","0"
"K3171.A6 M34 2015","2","0"
"HQ782 .H386 2015","1","0"
"HC59.15 .P655 2015","3","1"
"GV842 1984 .V84 2015","0","0"
"HQ1061 .C58 2015","0","0"
"JK468.W54 S66 2015","4","0"
"GV586 .S68 2015","0","0"
"HN79.O73 V6434 2015","1","0"
"LC3715 .T48 2015","0","0"
"LB1576 .M863 2015","1","0"
"PQ8259.2.C65 P35 2014","0","0"
"PQ7519.2.R25 S37 2015","0","0"
"HX867 .S74 2013","0","0"
"PQ8520.22.E9 Z63 2014","0","0"
"F1409.9 .R47 2014","1","0"
"JZ4841 .A98 2015","0","0"
"JN1129.L32 G52 2015","0","0"
"JQ1516 .L56513 2015","1","0"
"KF4541 .P386 2015","0","0"
"HD9198.I42 K64 2015","4","0"
"P53.855 .D48 2015","0","0"
"LB1027 .E347 2015","0","0"
"LC5056.G7 K87 2015","1","0"
"HD5724 .B3458 2015","0","0"
"KF4541 .W57 2015","1","1"
"JZ1242 .F67 2015","0","0"
"HD82 .C5226 2015","0","1"
"JK468.I6 M665 2015","3","0"
"HD57.7 .T35 2015","2","0"
"LC1024.C6 J53 2014","2","0"
"GN670 .L48 2015","0","0"
"P95.82.D45 H34 2015","0","0"
"GR358.2.B83 L49 2015","2","0"
"HD75 .D63 2015","0","0"
"HM621 .P474 2015","0","0"
"HV8501 .P75 2015","1","0"
"JC596.2.U5 P77 2015","2","0"
"LB2328.52.L29 I58 2015","0","0"
"LC4069.4 .M37 2015","0","0"
"LB2322.2 .S534 2014","1","0"
"HN786.A8 P68 2015","1","0"
"KF8742 .G58 2015","1","0"
"HX11.I5 S843 2015","1","0"
"LC1047.C6 M37 2015","0","0"
"JZ5579 .O94 2015","0","0"
"JZ4841 .A36 2015","1","0"
"QC903.2.D44 R45 2014","0","1"
"LC2692 .D53 2013","2","0"
"JF1051 .T66 2015","1","0"
"P94.6 .A825 2015","0","0"
"PN4784.V56 R63 2015","1","0"
"LC2669 .V36 2014","0","0"
"LC71 .M317 2015","3","0"
"GT4211.M6 M37 2015","0","0"
"LB1028 .M3677 2015","0","0"
"HD9259.A6 U57 2015","1","0"
"BF161 .C696 2015","6","0"
"GR110.N6 D43 2014","0","0"
"HD4841 .P88 2015","0","0"
"LB1632 .R45 2015","0","0"
"LC212.2 .S59 2014","3","0"
"LB1027.44 .M64 2015","1","1"
"HQ799.G7 G68 2015","0","0"
"P118.2 .W667 2015","1","0"
"PQ8259.P4 C37 2014","0","0"
"F2688.5 .G26 2014","1","0"
"BX1740.M6 H36 2010","0","0"
"PS323.5 .G39 2015","3","0"
"F391.4.C37 A3 2015","0","0"
"DS38.4.A2 I25413 2015","0","0"
"PS3554.I32 D43 2015","1","0"
"BT873 .L44 2015","1","1"
"GT865 .C55 2015","8","0"
"PS3560.E365 A6 2015","0","0"
"PN56.P555 H36 2015","1","1"
"PR3732.S43 J86 2015","0","0"
"DS432.M65 M538 2015","0","0"
"E342 .S54 2015","1","0"
"PQ2364.M7 Z95 2015","0","0"
"PR3330.A9 R76 2015","0","0"
"E467.1.J79 D86 2015","0","0"
"BD638 .C326 2015","7","0"
"PQ629 .H83 2015","1","0"
"G2111.S1 B3 2015","3","0"
"DS832.7.A6 B75 2015","0","0"
"PQ1537.A2 S27 2015","0","0"
"E668 .H94 2015","0","0"
"F474.S257 B47 2015","1","0"
"F291 .B924 2015","0","0"
"DS797.56.S894 U73 2015","1","0"
"E302.5 .W796 2015","0","0"
"E470 .A1195 2015","0","1"
"F1219.8.C52 V65 2015","0","0"
"PR9194.5.B55 S54 2015","0","0"
"PA3944.B3 D55 2015","0","0"
"PS508.N3 D68 2015","0","2"
"BJ1523 .H8313 2015","0","0"
"BJ1063 .O3413 2015","1","1"
"PS3607.A7874 A6 2014","1","0"
"PS3611.L44452 A6 2015","0","0"
"E450 .M129 2015","0","0"
"BS2650.52 .W44 2015","0","0"
"PG3489.A67 A2 2014","0","0"
"PN1993.5.G33 S54 2015","1","0"
"BX1378 .K67 2015","2","0"
"PS2387 .Y65 2015","3","0"
"PS3611.A347 A6 2015","0","0"
"PS326 .S63 2015","0","0"
"PS3573.E6 S96 2014","1","0"
"D570.85.A8 T62 2015","0","0"
"PQ3989.2.N6 L57 2014","0","0"
"PJ9235 .B347 2012","1","0"
"PG1419.24.E48 V76 2013","0","0"
"CT1452 .S64 2004","0","0"
"B93 .L54 2013","0","0"
"PG1620.12.A74 P75 2014","0","0"
"PN3433.8 .M4513 2015","1","0"
"QH195.G3 V3645 2013","0","0"
"PG1419.26.R53 V57 2014","0","0"
"PQ8259.2 .D6 2013","1","0"
"PQ8259.2 .D6 2013","0","0"
"PQ8259.2 .D6 2013","0","0"
"QH195.G3 V3653 2012","0","0"
"PG1420.23.L583 S5 2014","0","0"
"PQ6623.A745 N68 2014","0","1"
"PQ6603.A7 C67 2014","0","0"
"Z1339 .D76 2014","0","0"
"PQ6601.U2 Z48 2014","0","0"
"PL2474.Z6 Y57 2015","1","0"
"PN1993.5.C79 G55 2010","0","0"
"PQ8458 .C25 2014","0","1"
"HD7287.96.S4 V85 2012","0","0"
"DT545.83.H68 A5 1978","0","0"
"PG1419.25.G63 V57 2014","0","0"
"DR1230.R65 Z48 2011","0","0"
"DR1305.R36 K68 2014","0","0"
"PQ7797.G599 P84 2014","1","0"
"BL980.Y83 S565 2010","0","0"
"P325 .F47 2014","0","0"
"PQ6703.A77 T87 2015","0","0"
"PQ8520.41.R53 C85 2014","0","0"
"PQ6613.A763 Z7784 2014","1","0"
"PG1419.36.U75 T2 2015","0","0"
"DR1291 .D56 2012","0","0"
"PR6054.U65 A64 2014","2","0"
"PN1993.5.Y8 D73 2010","0","0"
"PS3509.L43 A754 2014","0","0"
"PN44.5 .P74 2011","0","0"
"F2721 .M46 2014","0","1"
"PS3527.A15 Z728 2014","1","0"
"DR1728.P75 K42 2014","0","0"
"GR254 .S75 2012","0","0"
"JC359 .I544 2014","0","0"
"JC359 .I544 2014","0","0"
"D805.G3 M543 2006","1","0"
"D805.G3 M543 2006","0","0"
"D569.A2 K75 2015","0","0"
"PR6023.E926 T54 2012","6","0"
"HC427.95 .H8335 2014","0","0"
"DB2241.H38 A5 2013","0","0"
"PS3537.T3234 E3 1992","10","0"
"HM101 .W454 1995","1","0"
"PT1853.Z5 J472 2014","1","0"
"HC235.P6 M27 2013","0","0"
"F2729 .H47 2014","0","0"
"PL1281.X763 J53 2010","2","0"
"PQ6671.M2 D53 2015","0","0"
"DS744 .L27","0","0"
"PQ7298.432.I428 T43 2015","1","0"
"BJ214.S4 E73 1969","2","0"
"PQ6327.P5 L695 2014","2","0"
"DS755 .L263 2003","0","0"
"B126 .W362 2011","1","0"
"DS149 .E285 2014","0","0"
"PQ221 .R44 2015","0","0"
"DS744 .L27","0","1"
"U260 .S73 2015","2","0"
"HN90.R3 A657 1989","0","0"
"PA4007 .M34 2014","0","0"
"BL1660 .B66 2015","5","1"
"PR6111.E5275 M57 2015","1","0"
"LC1099 .M36 2015","0","0"
"PN81 .T44 2015","1","0"
"DX115 .A58 2013","0","0"
"PQ4874.E28 O64 2014","0","0"
"BD223 .L53 2015","1","0"
"PQ4863.A397 E87 2014","0","0"
"PQ4903.A677 N47 2014","0","0"
"F1392.J4 M44 2011","1","0"
"PL2447 .P53 2006","1","0"
"PA3878.I8 L8 2014","0","0"
"PQ6144 .P6866 2014","2","0"
"PL1301 .B35 2008","1","0"
"PQ4809.A655 M56 2014","0","0"
"PQ4878.I465 R67 2014","0","0"
"PQ4863.A832 I47 2014","0","0"
"HQ168 .A9618 2014","1","0"
"F2688 .D418 2014","0","0"
"PL998.U52 C46 2000","1","1"
"PQ4918.O322 N68 2014","1","0"
"BF637.F67 L87166 2003","0","0"
"PQ4913.A46 C66 2014","0","0"
"PS3563.O88456 A82 2015","3","1"
"D804.33 .S59 2015","2","0"
"DA47.9.I8 B74 2015","0","0"
"BX2250 .R435 2015","0","0"
"PN1998.3.H58 C45 2014","1","0"
"DS779.27 .C5277 2015","2","0"
"PN1993.5.F7 C69 2015","2","0"
"PN682.C2 S37 2015","2","0"
"BS680.H4 P85 2015","0","0"
"D603 .F66 2015","0","0"
"PE1098 .O88 2015","1","0"
"PS3570.H825 G73 2015","0","0"
"DF845.53.I94 U74 2015","0","0"
"D522.23 .N37 2015","0","0"
"PR448.P5 D43 2015","3","0"
"PS3608.O49435658 I58 2015","1","0"
"DS135.R7 I64 2015","0","1"
"D576.G3 R46 2015","0","0"
"PN1995.9.D78 R38 2015","0","0"
"PJ1064.B36 S49 2015","0","0"
"HQ1236 .W365 2015","0","0"
"PS3509.L43 W3633 2015","0","1"
"PS663.C74 R46 2015","0","0"
"D805.P6 H37 2015","1","0"
"PS3603.O763 R63 2015","0","0"
"D622 .R66 2015","0","0"
"PS3601.T784 S25 2015","2","1"
"PN1993.5.C4 H55 2015","1","0"
"DS777.55 .S428 2015","0","0"
"DS559.8.S6 W43 2015","0","0"
"PN849.O26 B73 2015","0","0"
"E895 .B74 2015","2","0"
"F390 .M852 2015","0","0"
"PN597 .T47 2015","0","0"
"PR149.P66 T73 2015","0","0"
"D639.E2 I75 2015","1","0"
"DT433.576.A2 S86 2014","1","0"
"PN56.W3 C36 2014","0","0"
"PS3569 .T3316 2015","4","0"
"PS3568.E367 W48 2015","0","0"
"PN1995.9.M455 H43 2015","3","1"
"PR6120.R57 A6 2014","0","0"
"E178 .B955 2015","1","0"
"PS3606.A2657 A6 2015","1","0"
"DS932.4 .B3713 2015","1","0"
"PS3566.A32 A6 2015","0","0"
"DS558 .H45 2014","4","2"
"PS3602.R399 A58 2015","0","0"
"E476.93 .P75 2014","0","0"
"PR51.U5 A47 2015","1","0"
"BT77 .R25 2015","0","0"
"BR127 .N376 2015","0","0"
"F279.C7 H37 2015","0","0"
"PS3563.A31875 L54 2015","1","1"
"PR9199.4.E3265 C66 2014","0","0"
"PR9199.4.C34552 D43 2015","0","0"
"PS3563.O7662 A6 2015","0","0"
"PS3613.A75447 D58 2015","0","0"
"PS3552.E7269 E88 2015","0","0"
"PQ4880.I67 P44 2015","1","1"
"PR6066.A44 A6 2014","0","0"
"PS3602.R72243 A6 2015","0","0"
"BV4647.P6 F67 2014","0","0"
"PR9199.4.B3736 F74 2015","0","0"
"PS3603.O648 G74 2015","2","0"
"D547.A8 N48 2014","1","0"
"PR6125.O9415 H47 2015","0","0"
"PR6102.A7842 H65 2014","1","0"
"PR6055.L287 H65 2014","1","0"
"BS521.4 .I5 2015","0","1"
"PS3602.O6555 A6 2014","0","0"
"PR9199.4.H677 A6 2015","1","0"
"BS1415.53 .W55 2015","1","0"
"PN1993.5.L3 H378 2015","1","0"
"PA810 .P56 2015","0","0"
"PS3569.U13 A6 2015","0","0"
"PR9199.4.L72 L69 2015","3","0"
"PL994.19.M96 G6713 2015","0","0"
"PR9619.3.J694 M68 2015","0","0"
"PQ3919.3.C63 A2 2015","1","0"
"PR9199.4.A493 A6 2015","0","0"
"PS3616.A7554 A6 2015","1","0"
"BD431 .P176 2015","0","0"
"DS119.76 .C46 2015","0","0"
"PS3622.A74155 O5 2015","1","0"
"PS3561.Y35 A6 2015","0","0"
"PJ5055.22.U55 L3513 2015","0","0"
"PS3552.O5943 A6 2015b","0","0"
"PR9199.3.D8465 P44 2015","0","0"
"PS3560.O275 P47 2015","0","0"
"PS3563.I688 A6 2015","1","0"
"PS3553.L667 R4 2015","2","0"
"PR6073.R529 R4 2014","1","1"
"PS3607.O487 R66 2015","0","0"
"PR9199.4.L577 S28 2014","0","0"
"F197 .A758 2014","2","0"
"PN145 .P65 2015","0","0"
"PS3552.A7312 A6 2015","0","0"
"E279 .M35 2014","0","0"
"BX4705.H855 M33 2015","0","0"
"PS3554.O9355 T33 2014","0","0"
"BP172 .T553 2015","0","0"
"PR6056.I87 A6 2014","0","0"
"PS3603.A77425 T45 2015","0","0"
"PS3605.L754 T45 2014","0","0"
"DK508.848 .A53 2015","4","0"
"PS3601.D755 A6 2015","0","0"
"PS3552.E5473 V47 2015","0","0"
"PS3232 .P43 2015","1","0"
"PR9199.3.S18 Z46 2015","0","0"
"PS3565.S348 W44 2014","0","0"
"BT1105 .E93 2015","0","0"
"PT2623.E26 A2 2015","1","1"
"PR2742 .W52 2014","3","0"
"PJ5121.5 .W66 2015","1","0"
"PS3556.O755 W67 2014","0","0"
"PS3556.U3247 A6 2015","0","0"
"PS3556.I814572 A6 2015","0","0"
"PS559.G7 A14 2015","0","1"
"PL992.425.C48 S32 2010","1","0"
"BV4510.2 .C456 1995","2","0"
"DG70.P7 A72 2014","0","0"
"PQ4831.A85 M67 2014","0","0"
"PQ4716.M82 M49 2014","0","0"
"PQ4902.I34 P66 2014","0","0"
"D569.V5 S65 2013","0","0"
"DS797.72.J553 L57 2010","0","0"
"DS752.6.M56 H86 2008","0","0"
"PQ4913.O563 E73 2014","0","0"
"PQ4902.R36 A43 2015","0","0"
"F2679.4 .J67 2012","0","0"
"PQ5904.T68 P64 2014","0","0"
"F1392.J4 C54 2013","2","0"
"DB2650.H38 H28 2014","1","0"
"PA3014.S6 E98 2014","0","0"
"PG4703 .G74 2014","1","0"
"VK1255.A48 B45 2013","0","0"
"DS69.5 .I87 2015","0","0"
"PQ4621.D3 F33 2015","0","0"
"PJ1531.E5 E46  2015","1","1"
"PQ4878.O5973 S26 2014","0","0"
"DD238 .E37 2015","1","0"
"DD238 .E37 2015","1","0"
"PQ4876.A88747 B47 2014","0","0"
"PQ1301 .A6 no. 71","0","0"
"PQ4920.U725 C66 2014","0","0"
"PQ4922.A35 D53 2014","0","0"
"PN6120.92.J5 C84 2009","1","0"
"PG3337.O95 Z635 2014","0","0"
"PG3482.8.U3823 S68 2015","0","0"
"PQ6611.O78 Z75 2013","0","0"
"BQ1038.K4 S26 2007","0","0"
"PG5040.2.A723 D46 2015","0","0"
"DS555.45.T48 K56 2003","1","0"
"PQ4914.O73 O64 2014","0","0"
"DP203.5 .C85 2014","1","0"
"PG3515 .T262 2014","0","0"
"PQ4863.R494 C37 2015","0","0"
"PG3482.S48 O64 2015","0","0"
"PS3557.H63 Z53 2015","0","0"
"DS744 .L27","0","0"
"PN2728.O76 K88 2015","0","0"
"BX131 .K67 2015","0","0"
"PQ4912.O7368 E76 2014","0","0"
"PQ4862.A6745 S66 2015","2","0"
"PQ4882.I78 R84 2015","0","0"
"BX500.P19 A55 2014","0","0"
"PQ6046.F35 C66 2012","0","0"
"HF1414 .M57 2014","1","0"
"PQ7822.B375 D47 2015","0","0"
"PQ6639.N3 Z5435 2014","0","0"
"DS66 .S343 2015","0","0"
"PQ4869.N56 P35 2014","0","0"
"DF101.5 .W35 2015","2","0"
"F2239.J5 L48 2008","0","0"
"PT1645.R43 R57 2015","0","0"
"PT1645.R43 R57 2015","0","0"
"PT1645.R43 R57 2015","0","0"
"HV5840.U8 L33 2014","0","0"
"PT5882.12.E43 K66 2014","0","0"
"PQ6663.U4795 Z869 2014","0","0"
"PQ8520.12.O64 Z55 2014","0","0"
"F2729.52.S26 G56 2014","0","0"
"PN518 .M86 2007","0","0"
"DS134.42.S65 S25 2015","0","0"
"KBP558.32 .K78 2015","0","0"
"LB1028 .G37 2016","1","1"
"F1392.J4 B335 2012","0","0"
"E18.75 .P65 2015","5","0"
"PQ6663.E73 T73 2014","0","0"
"DD287.3 .W44 2014","0","0"
"PQ7798.26.I4 A6 2015","0","0"
"D652.B4 L66 2014","0","0"
"P40.5.L382 G92 2014","0","0"
"DP269.6 .P43 2014","0","0"
"PQ4831.A85 P7 2014","0","0"
"N8217.A93 P83 2015","1","0"
"PQ6710.U37 Y45 2014","0","0"
"PQ6657.U37 N86 2014","0","0"
"PQ8498.32.A65 C84 2015","0","0"
"F2725 .V37 2014","0","0"
"PQ7798.13.O3 A6 2014","0","0"
"F2726.G59 D68 2014","0","0"
"PQ7758 .D63 2014","1","0"
"D804.S65 W43 2015","0","0"
"PT2680.I48 D66 2015","0","0"
"KQC572 .W67 2013","1","0"
"PR6101.P54 P34 2015","1","0"
"DG97 .W44 2015","0","0"
"R733 .H589 2014","0","0"
"DT3312 .E973 2015","1","0"
"B181 .H33 2015","1","0"
"PQ4873.A42 C67 2014","0","0"
"PQ4863.A6575 P34 2015","0","0"
"D569.C3 G37 2012","0","0"
"D569.P7 G37 2013","0","0"
"PQ4841.C482 B8 2014","0","0"
"PQ4863 .O87 2015","0","0"
"PA6156 .L7 2006","0","1"
"PQ4878.A338 M37 2014","0","0"
"DG845.6 .R46 2015","0","0"
"N7173.C36 A4 2014","0","0"
"PS153.A84 H585 2015","2","0"
"PQ4919.A54 S37 2013","1","0"
"DG295 .M67916 2015","0","0"
"DK136 .B85 2015","0","0"
"HQ217.7.A5 R64 2015","0","0"
"PQ4249.6.D45 P56 2014","0","0"
"PT134.E68 M67 2015","0","0"
"PQ4902.A78 T88 2014","0","0"
"D804.3.F5673 S39 2014","0","0"
"PT2668.E37485 G43 2015","0","0"
"PT1165 .S65 2015","0","0"
"B379 .Z37 2015","0","0"
"PQ4913.A8345 M375 2014","0","0"
"PQ4913.U98 A34 2014","0","0"
"DR1305.G76 R23 2014","0","0"
"DS113 .S3778 2015","2","0"
"D640 .O88 2013","0","0"
"PR6063.O752 K44 2015","1","0"
"PH3017 .K75 2013","0","0"
"DR1605.2.T83 H62 2014","0","0"
"PT5822.C323 A2 2014","0","0"
"BF1576 .M59 2015","2","0"
"DR2047.M53 M53 2012","0","0"
"PQ4913.O565 I36 2013","0","0"
"JN6699.A15 T425 2015","0","0"
"PR4388 .B48 2013","0","0"
"PG1419.31.G69 Z348 2014","0","0"
"PQ4902.E788 I53 2014","0","0"
"PG1419.18.O73 S22 2014","1","0"
"HC340.12.Z9 T4499 2015","0","0"
"PQ4902.E49 S85 2014","0","0"
"PQ4926.E33 A48 2014","0","0"
"HD8636 .R33 2011","0","0"
"HC256.7 .B83 2014","0","0"
"PG1619.14.U72 Z65 2014","0","0"
"BL48 .O8 1923a","0","0"
"DR1636 .B254 2014","0","0"
"PG1410 .G276 2014","0","0"
"D804.5.G85 D87 2008","0","0"
"DS575 .M66 2012","0","0"
"H13 .S622 no. 46, etc.","0","0"
"PT1563.L2 N46 2015","0","0"
"PT111 .E96 2014","0","0"
"PS3613.I857 R48 2015","0","0"
"DS793.N6 W364 2012","0","0"
"HM479.C4736 L56 2012","1","0"
"CD973.A77 X84 2012","0","0"
"PL2929.7.U868 D38 2011","0","0"
"DK254.W5 N3 2012","0","0"
"QH31.B165 B258 2015","0","0"
"GN487 .A48 1995","0","0"
"BH39 .Z685 2011","0","0"
"QH333 .K73 2014","1","0"
"HX914 .M46 2015","0","0"
"HV3021.W66 Z58 2009","1","0"
"PA6231.A7 T55 2015","2","0"
"KKF46.N58 M38 2014","0","0"
"G465 .W6557225 2012","0","0"
"PG1244 .M278 2014","0","0"
"JQ3519.A15 H87 2015","2","0"
"GB1198.4.C6 H68 2010","0","0"
"KJK8205 .B67 2013","0","0"
"PR9639.3.F7 Z672 2015","0","0"
"Z105 .M38 2015","1","0"
"GR259 .K68 2012","0","0"
"PT2664.U252 K5 2015","0","0"
"NA7357.R65 P48 2014","0","0"
"NK3800 .L47 2015","0","0"
"BL980.F8 C43 2014","0","0"
"N5975 .I423 2015","1","0"
"PG1600.6.M36 A3 2014","0","0"
"TR650 .B58 2015","0","0"
"PE2751 .F87 2015","1","0"
"PL8843 .D617 2014","0","0"
"BL2525 .B84 2015","2","0"
"TT507 .S87 2013","0","2"
"PR9619.3.H37757 L66 2014","0","0"
"DR2047.M53 M53 2012","0","0"
"TX649.P65 A3 2015","0","0"
"HD9465.R93 O5255 2014","0","0"
"KKS1003.7.D56 V478 2014","0","0"
"PG3476.M312 J3413 2014","3","0"
"PQ3989.3.K48 A7 2015","0","0"
"PS3513.A6322 S57 2000","0","0"
"PT2707.O67 A6 2015","1","0"
"PR6051.Y35 Z78 2013","0","0"
"DC236.75 .N34 2015","0","0"
"DX271 .P76 2012","1","0"
"RT82 .P755 2014","9","1"
"F379.N59 N372 1976a","1","0"
"PG1419.23.O73 Z2 2014","0","0"
"PS1292.C6 H68 2000","5","0"
"NB116.C37 A547 2015","0","0"
"L959.5.D42 D458 2004","1","0"
"PJ3887 .V4 2015","0","0"
"PA3879 .F73 2008","0","0"
"PG1418.C7 Z78 2014","0","0"
"R853.H8 W37 2006","14","0"
"DG59.A2 R64 2015","1","0"
"PQ4817.A33 Z7834 2013","0","0"
"PQ4841.C482 C6325 2015","0","0"
"PG1419.14.E735 S8 2013","0","0"
"LB2806.36 .H54 2002","0","0"
"PQ8546 .V63 2006","1","0"
"BS2651 .F68 2012","1","0"
"PC5441 .L4 1985","1","0"
"DK600 .S55 2010","0","0"
"DR1318 .I943 2014","0","0"
"BF639 .K43 2007","0","0"
"PN1993.5.S428 S68 2013","0","0"
"GV848.5.D79 A34 1983","2","0"
"BQ7935.T757 L4813 2011","0","0"
"E99.C844 S49 2015","0","0"
"PN2633 .H68 2014","0","0"
"PA23 .L38 2014","0","0"
"PR9619.4.M57 C37 2015","1","0"
"GT841.C94 S527 2014","0","0"
"DR24 .O274 2014","0","0"
"PG1412 .T27 2013","0","0"
"PS3552.R685434 I54 2013","2","0"
"LG51.H5 O89 2013","0","0"
"CB19 .B423 2011","0","0"
"DS779.47 .M33 2014","2","0"
"RJ499 .K38 2010","3","0"
"BH108 .K66 2014","4","0"
"RS131.64 .K357 2014","0","0"
"RS131.64 .K357 2014","0","0"
"JC51 .L364 2014","0","0"
"PS3570.E527 B66 2014","1","0"
"DK510.762 .Z4557 2015","0","0"
"PQ4381 .C46 2011","0","0"
"PQ4479 .T67 2012","0","0"
"BF311 .H288 2014","0","0"
"JC328.5 .H3913 2015","0","0"
"P51 .F55 2015","0","0"
"PE1445.A2 S88 2015","2","1"
"HC79.D45 D57 2015","2","0"
"PJ7712.A1 T37 2012","3","1"
"JV2511 .E97 2015","1","0"
"GC29 .Z35 2014","0","0"
"DD229.2 .M39 2013","0","0"
"PS3563.O8749 Z9417 2015","0","0"
"HV6322.7 .A48 2015","3","0"
"PN147 .S55 2014","1","0"
"BF311 .G7135 2015","2","0"
"PG5040.29.E452 P65 2014","0","0"
"PG1420.25.L88 I84 2015","0","0"
"DC36.9 .G55","0","0"
"LB1027.23 .K738 2014","1","0"
"DS796.H76 K698 2015","0","0"
"HV16 .P35 2014","0","0"
"BF575.F66 G656 2015","2","0"
"PT2468 .R219 2004","0","0"
"E310 .B219 2014","0","0"
"BX4705.M542 A4 2014","0","0"
"PL2470.Z6 D8 1972","4","0"
"BF109.F74 M655 2015","0","0"
"PT2680.U453 W57 2015","0","0"
"PS3613.E133 A6 2015","0","0"
"PN1998.2 .D378 1993","1","0"
"B828.45 .S425 2015","3","0"
"DK209.6.S84 A3 2014","0","0"
"JC571 .U7313 2015","1","0"
"PL2941.B68 F825 2014","0","0"
"PA3061 .H66 2014","0","0"
"PR9372.9.B835 B68 2015","0","0"
"PA6054 .T73 2014","0","0"
"BS1255.52 .T49 2015","2","1"
"DT1949.N43 A3 2014","0","0"
"HV8526 .C67 2014","0","0"
"PA4037 .S65 2014","0","0"
"PL2354 .Q328 2013","0","0"
"BL820.J8 A53 2014","0","0"
"P945 .A2 2015","0","1"
"PL8025 .B268 2013","0","0"
"D545.L83 A57 2014","0","0"
"DP52 .E94 2014","0","0"
"PR6114.I28 F766 2014","0","0"
"DA574.D385 D83 2015","1","0"
"DS740.5.J3 Z43 2014","0","0"
"DS740.5.J3 Z43 2014","0","0"
"DK190.6.E7 A34 2014","0","0"
"DG866 .N67 2015","2","1"
"DK254.T6 F74 2015","0","0"
"HQ1123 .C75 2015","0","1"
"GE140 .L69 2015","3","0"
"F262.G9 M66 2015","0","0"
"P96.H85 J68 2015","1","0"
"DS798.5 .A48166 2014","0","0"
"PR6108.O94 L66 2015","3","0"
"HQ1064.K6 Y335 2014","0","0"
"PR2976 .E36 2015","1","0"
"BR749.B473 K5313 2015","0","0"
"HQ796 .L3475 2015","1","0"
"E78.A66 A725 2015","0","0"
"K3601 .C55 2015","0","0"
"E99.P7 M34 2015","0","0"
"KF8775 .H35 2015","1","0"
"GA401 .P6813 2015","0","0"
"KF299.W6 F56 2015","0","0"
"HJ2261 .F57 2015","4","0"
"TX645 .F66 2015","3","1"
"HD255 .B758 2015","2","0"
"JC585 .G365 2015","3","2"
"HN270.B8 A98 2015","0","0"
"E98.A73 S54 2015","2","0"
"HV2402 .I587 2015","2","0"
"P120.E27 F45 2015","0","0"
"HC79.I5 P515 2015","3","0"
"GA1303.5.A1 B78 2015","5","0"
"KF9779 .N49 2015","2","0"
"KBP1664 .I27 2015","0","0"
"BF1575 .R28 2015","4","1"
"BF175 .M28348 2015","1","0"
"KFT1395 .D36 2015","0","0"
"JC423 .M3875 2015","0","0"
"P96.D78 S54 2015","1","1"
"JL2481 .W36 2015","0","0"
"HD8736.5 .C467 2015","0","0"
"HT384.U52 G743 2015","0","0"
"HN634.K6 C58 2015","1","0"
"QC903 .S589 2015","2","0"
"JZ4839 .I586 2015","2","1"
"HT352.U6 M34 2015","1","0"
"HD6073.H8 H37 2015","2","0"
"LC1099.3 .R36 2015","2","0"
"LB1025.3 .D37 2015","1","0"
"HE5020.5.Z8 B365 2014","0","0"
"HM533.5 .T95 2015","1","0"
"KF336 .B38 2015","5","0"
"PR6062.A825 T74 2014","3","0"
"JK468.S4 A67 2015","4","0"
"HD2072.75 .T75 2014","0","0"
"HF5548.325.C6 E75 2015","3","0"
"HF5415.33.U6 B47 2015","1","0"
"LA217 .A73 2015","0","0"
"LC268 .K75 2015","1","0"
"HG3284 .B36 2015","1","0"
"JC571 .B693 2015","1","0"
"JF1501 .H5313 2015","0","0"
"HC115 .R76 2015","1","0"
"HC427.95 .C4554 2015","3","0"
"HM213 .M67 2015","0","0"
"HF5415.5 .C66 2015","0","0"
"GN33 .O48 2015","0","0"
"HN723.5 .E83 2015","3","0"
"LB2331.68 .F36 2015","0","0"
"HC60 .F87 2015","1","0"
"JA71 .B53 2015","0","0"
"PN4731 .G36 2015","2","0"
"JV6033 .G55 2015","0","0"
"JV6033 .G55 2015","1","0"
"JV6033 .G55 2015","1","1"
"HN25 .D35 2015","4","0"
"HV6250.25 .F67 2015","0","0"
"JK1726 .S44 2015","1","1"
"LC3986.G7 L47 2015","0","0"
"LB14.7 .H555 2015","2","0"
"LC214.23.L56 P47 2015","2","0"
"HG5242 .B365 2015","0","0"
"LC212.53.G7 M53 2015","0","0"
"HF1456.5.E85 N48 2015","0","0"
"HM1106 .B76 2014","1","0"
"HM646 .H36 2015","1","0"
"BF724.8 .P79 2015","0","0"
"HD38.5 .E97 2014","0","0"
"HV6431 .R47 2015","1","0"
"HD30.28 .Y633 2015","2","0"
"HD66 .M38185 2015","3","0"
"HV6432 .H576 2015","0","0"
"HB171 .R676 2015","9","1"
"HM1206 .B33 2015","2","0"
"LB2341 .T465 2015","0","0"
"HD57.7 .B633 2015","7","0"
"HM891 .G74 2015","0","0"
"HM1027.G8 A53 2015","2","0"
"HD9213.A2 A73 2015","1","0"
"GN346.6 .A86 2015","2","0"
"HT169.C62 P435 2014","0","0"
"LC1099 .G86 2015","0","1"
"HT123 .C4976 2015","2","0"
"JF1001 .C5735 2015","1","0"
"HV6025 .L446 2015","0","0"
"G525 .B46 2015","0","0"
"P39.5 .S75 2015","3","0"
"HV6533.O5 J66 2015","0","0"
"LC2670.6 .M6 2015","0","0"
"PN4867.2 .E34 2014","0","0"
"HG171 .B36 2015","2","0"
"JK516 .H248 2015","0","0"
"HM1033 .G47 2015","3","0"
"HF5415.2 .M383 2016","4","0"
"P90 .M3635 2015","2","0"
"LB1631 .N358 2015","2","0"
"P118.2 .D66 2015","0","0"
"HC59.7 .S63 2015","0","0"
"BF408 .V323 2015","0","0"
"HF5387 .S719 2015","0","0"
"PS3557.A22 O9834 2015","2","0"
"U262 .T87 2015","5","0"
"PN1992.8.D48 P56 2015","0","0"
"JA83 .C76 2015","1","0"
"HD30.4 .M848 2015","0","0"
"P107 .V585 2015","4","0"
"JQ769.5.C6 W46 2014","0","0"
"GT2853.U5 O65 2015","1","0"
"PR9393.9.K35 G56 2015","0","0"
"PN2593 .R66 2014","0","0"
"PS3619.H3558 H67 2014","1","0"
"TX769 .K335 2015","1","0"
"JQ1850.A91 B77 2015","4","0"
"TX719 .B67328 2015","4","0"
"G155.A1 T68 2014","0","0"
"PT2051 .M37 2014","0","0"
"DS145 .P368 2015","2","0"
"BL85 .D57 2015","1","0"
"DA566.9.G74 M33 2015","0","0"
"GT4842 .N67 2015","5","0"
"PS3616.O28 A6 2015","0","0"
"HQ1220.F8 G76 2015","1","0"
"E183.7 .H84 2015","0","0"
"F1414 .G75 2015","0","1"
"PJ5012.K53 O44 2015","1","0"
"PG3093 .S66 2015","0","0"
"DS849.K6 G56 2015","3","0"
"PS3531.O752 S535 2015","0","0"
"B2137 .P34 2015","1","0"
"D424 .J37 2015","9","0"
"DE96 .M56 2015","2","0"
"F1231.5 .B75 2015","3","0"
"BR115.M25 F36 2015","0","0"
"DC121.3 .D49 2015","0","0"
"BX4705.E66994 B55 2015","1","0"
"PA4443.E5 H66 2015","0","0"
"PA4443.E5 H66 2015","0","0"
"PN1356 .C845 2015","5","1"
"PS3607.I4688 T83 2015","3","0"
"E183.8.I8 M5413 2015","0","0"
"PS3519.E27 Z93 2015","0","1"
"PS3511.A86 Z98569526 2015","1","0"
"BP173.7 .S72 2015","0","0"
"PN771 .A16 2015","1","0"
"PA3238 .L49 2014","4","0"
"DT30.5 .A36567 2015","0","0"
"E842 .C36 2015","1","0"
"DS778.C5262 A3 2015","0","1"
"PN98.S6 D68 2015","0","0"
"PT1863.E3 E5 2015","4","0"
"PN1995.2 .L35 2015","1","0"
"PR6003.E282 Z645 2015","1","0"
"F1221.H9 S33 2015","3","0"
"DS341 .P55 2015","2","0"
"BL65.S8 F688 2015","3","0"
"PS3602.O767 A6 2014","1","0"
"PR9372.9.V35 R47 2015","1","0"
"PL8010 .R48 2015","2","0"
"PS3556.O713 Z75 2015","0","0"
"PS3613.E478 A6 2014","0","0"
"HQ1793 .M4 2015","2","0"
"BD581 .C64 2015","5","0"
"PN171.O55 W43 2015","1","0"
"PT2617.E85 Z78 2015","0","0"
"DC1 .Y3 no. 127","0","0"
"GT4883.A2 L434 2015","0","0"
"GT4883.A2 S65 2015","1","0"
"GT4883.A2 L435 2015","0","0"
"BL783 .S34 2014","0","0"
"HC286.4 .S33 2015","0","0"
"PQ4835.A48 Z55 2015","4","0"
"PQ4063 .C75 2014","0","0"
"PQ4907.U21884 G84 2015","0","0"
"DT170 .M68 2014","0","0"
"PN56.C36 E37 2015","0","0"
"DS119.7 .S34613 2014","5","0"
"HD9087.T4 K33 2014","0","0"
"PT2625.A44 Z746 2015","1","1"
"PR635.54 .K544 2015","0","0"
"DA140 .P7513 2015","0","0"
"BQ9299.H857 L56 2012","1","0"
"PQ1441.C3 A2 2015","0","0"
"PT7162.W6 F35 2015","0","0"
"HB74.P8 L47973 2015","4","0"
"DS916.57 .C446 2009","0","0"
"DC137.1 .T5613 1999","3","0"
"RC569 .D69 2015","0","0"
"DS778.7 .P566 1976","0","0"
"DS778.7 .P566 1976","0","0"
"PL1129.E5 H826 2015","0","0"
"TD789.A35 F88 2015","1","0"
"DT1805.C6 P47 2014","1","0"
"PL2771.I527 J53 2011","0","0"
"D856 .S666 2011","0","0"
"PA3315 .O8","0","0"
"PQ4868.A33 C37 2014","0","0"
"PQ4875.S69 M36 2014","0","0"
"PQ4904.A559 U48 2014","0","0"
"PQ4919.O66 O88 2014","0","0"
"GV943.6.D8 P38 2014","0","0"
"PQ4903.A826 I58 2014","0","0"
"GR154.2.V25 T62 2014","0","0"
"DB205 .M3","1","0"
"R604.A1 J563 2000","0","0"
"HF5382 .S56 2013","0","0"
"HB501 .F54 2015","2","0"
"E183 .B965 2015","1","0"
"E184.S75 A823 2015","0","0"
"PR9619.4.C27 A85 2015","1","0"
"PS3501.S475 B74 2015","3","0"
"DA566.9.C5 D63 2015","3","0"
"PS3623.O59748 D53 2015","0","0"
"B945.S24 B76 2015","1","0"
"PR6107.O23 A6 2014","0","0"
"PS3553.H4839 F67 2015","1","0"
"PR4688 .S95 2015","1","0"
"BS2595.53 .E39 2015","1","1"
"PR4624 .D86 2015","0","0"
"PR9199.3.M42484 H55 2015","0","0"
"PN1995.3 .S46 2015","0","0"
"PN1995.9.H6 R633 2015","5","0"
"D526.2 .H86 2015","1","0"
"PR6106.R4529 H93 2015","0","0"
"PS3558.U494 I2 2015","1","0"
"PR6102.O745 A6 2014","0","0"
"PN98.W64 D85 2015","1","0"
"PS3566.E7133 J47 2015","0","0"
"PN3443 .O95 2015","0","0"
"PS3618.O89265 L48 2015","1","0"
"PR120.I73 F68 2015","0","0"
"BL2525 .L585 2015","3","0"
"E843.K44 A94 2015","1","0"
"PS3608.U372 L68 2015","0","0"
"PS3613.C38573 M37 2015","1","0"
"F1434.2.S63 M43 2015","1","0"
"DT157.673 .M95 2015","1","0"
"PN51 .M57 2015","0","0"
"PN3435 .N49 2015","0","1"
"PN1993.5.G7 M87 2015","0","0"
"PS3602.A58628 O87 2015","0","0"
"PN1590.A54 P47 2015","1","0"
"B438 .P4513 2015","0","0"
"B378 .T33 2015","0","0"
"PS338.S63 M35 2015","0","0"
"PN56.P555 R49 2015","0","0"
"PS3551.T49 K53 2015","3","0"
"PR590 .W37 2015","0","0"
"PS3607.I48 S73 2015","0","0"
"PR9199.3.F455 S76 2015","0","0"
"PS3552.R698 T33 2015","0","0"
"BL1283.84 .T56 2015","4","0"
"PN1588.N49 L48 2015","2","0"
"D530 .B35 2014","2","0"
"PS153.I52 T84 2015","2","0"
"BX1656 .B39 2015","0","0"
"BP195.W2 B6613 2015","1","1"
"DC242 .C66 2014","0","0"
"PR6103.H3655 W45 2015","0","0"
"PN1995.9.W4 W36 2015","1","0"
"PR6119.T85 A6 2014","0","0"
"BP195.H82 M57 2015","0","1"
"PS3554.I3 Z96 2015","1","0"
"BS2795.52 .S27 2015","0","0"
"D790.2 .M87 2015","0","0"
"PQ6113 .A44 2015","0","0"
"PS2388.D75 T46 2015","1","0"
"PQ2664.E7895 A8813 2015","1","0"
"PR2854.A2 F56 2014","2","0"
"PR9199.3.M826 A76 2014","0","0"
"PR6068.A93 A6 2015","0","0"
"PR6118.O44 A8 2014","0","1"
"PS3607.O48475 A6 2014","1","0"
"PR9100.9.D43 A6 2014","0","0"
"PR9199.4.S657 B77 2015","1","0"
"PS3623.I5835 A6 2015","0","0"
"PL838.A422 A2 2015","0","1"
"PN6120.95.F6 C45 2015","2","0"
"BX830 1962 .F277 2015","1","0"
"PE1404 .C69 2015","3","0"
"PR9199.3.L3 A6 2015","0","0"
"PR9199.4.S52558 C88 2015","0","0"
"PR9199.4.R6348 A6 2015","0","0"
"F784.D45 K67 2015","0","0"
"PS3564.A5314 A6 2015","0","0"
"PS3618.I36 D66 2015","1","0"
"PS3613.I53726 D69 2015","1","0"
"PT2684.A34 E5413 2014","5","0"
"PR6118.E23 E44 2014","2","1"
"CB235 .F57 2015","0","0"
"PR4338 .A64 2015","0","0"
"PS3569.M5375546 G53 2015","0","0"
"PR9199.4.M4259 A6 2015","1","0"
"PR6068.O256 H36 2014","1","0"
"PR605.W65 I5 2015","0","0"
"PS3604.A97268 A6 2015","0","0"
"PL716 .M27 2015","0","0"
"BS1700 .D63 2015","1","0"
"PS3625.E14 A6 2015","1","0"
"PS617 .L55 2014","0","0"
"BX3004.Z5 B625 2015","0","0"
"DT87.5 .F34 2015","0","0"
"PS3552.R2264 L6 2015","0","0"
"PS1302 .D48 2015","2","1"
"PQ4907.U454 A2 2014","0","0"
"PS283.M5 C53 2015","1","0"
"PR6052.E322 M53 2014","1","0"
"PS3608.A887 M57 2014","0","0"
"PS3604.A9798 A6 2015","0","0"
"PS3617.U367 A6 2015","1","0"
"PR9199.4.S656 Z46 2015","0","0"
"PN6120.95.S33 O37 2015","4","0"
"PR9199.4.N45 A6 2015","0","0"
"PS3606.L3555 A6 2015","2","0"
"PS3619.T3738 O98 2014","0","0"
"PR9199.3.C6357 A6 2014","0","0"
"BQ9289 .P86 2015","1","0"
"PS3552.O874 Z795 2014","0","0"
"PR9369.4.F37 A6 2015","2","0"
"PN98.E36 H85 2015","3","1"
"BV4647.H8 F68 2015","3","0"
"BP134.J45 A45 2014","0","0"
"PR2714 .R6 2014","3","0"
"DK264.8 .R87 2014","2","1"
"PQ2637.I53 M4713 2014","2","0"
"PS3557.E735 A6 2015","1","0"
"PS3613.A843452 S43 2014","0","0"
"PR6070.E34 S48 2014","1","0"
"DS735 .T83 2015","2","1"
"PS3607.R447 A6 2015","0","0"
"PT2668.O3 S6613 2014","3","0"
"PS3569 .T339 2015","0","0"
"PS3552.U8953 A6 2015","1","0"
"PS3601.M46 A6 2015","0","0"
"PR9199.3.R57 T45 2015","0","0"
"PS3569.M537962 A6 2015","0","0"
"PS3601.L37 A6 2015","0","0"
"PS3619.T358 U53 2015","0","0"
"PS3602.E384 A6 2014","1","0"
"BX4705.M542 W4 2014","0","0"
"PR9190.52 .D38 2015","1","0"
"PR9199.3.T469 W45 2014","0","0"
"PS3607.O5943 A6 2015","0","0"
"PS3603.L3745 W67 2015","0","0"
"PR6062.A65 W76 2015","1","0"
"PS3562.E742 A6 2015","0","0"
"PQ4876.E2875 C43 2015","0","0"
"LB2831.93 .M65 2015","0","0"
"PT5864.P3 Z48 1977","0","0"
"E99.M47 H64 2015","2","0"
"PN1998.3.H687 L56 2014","0","0"
"DS796.H75 L856 2015","0","0"
"D804.47 .H65 2015","1","0"
"E877 .B73 2015","3","0"
"PR9199.4.E3265 A69 2011","0","0"
"PR457 .O543 2012","0","0"
"DS796.H757 K835 2015","1","0"
"DG258.5 .U7316 2015","0","0"
"DC148 .J3813 2015","3","0"
"BF697.5.S46 S45 2015","0","0"
"LC149 .N394 2015","0","0"
"NX180.S6 G58 2014","0","0"
"PT6466.23.O676 G63 2008","0","0"
"PQ4920.A334 M36 2014","0","0"
"HT147.C48 S55 2015","3","0"
"HN752.5 .Y824 2015","0","0"
"D639.S7 P29 2013","0","0"
"JA80 .C46 2015","0","0"
"E380 .C655 2009","1","0"
"D764.3.L4 B577 2012","0","0"
"D592.L8 D76 2013","0","0"
"DS775.2 . X82 2015","2","0"
"PL2919.L388 N86 2014","0","0"
"DT433.582.K52 A3 2014","0","0"
"PQ4918.E255 R57 2014","1","0"
"HD8529.S36 K35 2015","0","0"
"BQ647 .X84 2015","0","0"
"PQ4903.A6525 D46 2013","0","0"
"DS778.M3 W3853 2015","0","0"
"PA4441.T5 A53 2014","0","0"
"DS779.46 .Y86 2014","1","0"
"D522.5 .B47 2014","0","0"
"PT2621.O46 U6 2007","0","0"
"PT2621.O46 T38 2006","0","0"
"PT2621.O46 T7 2010","0","0"
"PT2621.O46 T63 2015","1","0"
"PT2621.O46 Z46 2007","0","0"
"Z6605.A56 A54 1994","0","1"
"D640 .P568 2014","0","0"
"PS3557.O324 N43 2015","1","0"
"PR2822 .C45 2014","0","0"
"DA712 .T65 2015","1","0"
"P95.8 .P654 2015","1","1"
"LB43 .S39 2015","0","1"
"PN1701 .R445 2015","0","1"
"PA3948.C7 S79 2015","0","0"
"PR9372.9.N459 B56 2015","1","0"
"CS2349 .B76 2015","1","0"
"DS799.848 .G58 2015","1","0"
"AM91 .Z54 2015","0","0"
"PR813 .T36 2015","0","0"
"PL992.89.K85 P46 2015","1","0"
"BX487 .F554 2014","0","0"
"JN2229.A5 S7253 2014","0","0"
"D542.Y8 M37 2014","0","0"
"PL994.415.C48 M66 2015","1","0"
"DS913.4 .Y8533 2015","1","0"
"D548 .B795 2014","0","0"
"PQ6424.Z5 T73 2015","1","0"
"PQ7390.P32 A68 2015","2","0"
"PL2919.L388 P66 2014","0","0"
"D523 .A69 2014","0","0"
"GT4883.A2 L435 2015","0","0"
"PN6120.95.S33 W664 2014","1","0"
"DC113.A2 R44 2015","1","0"
"DC113.A2 R44 2015","1","0"
"BF31 .A65 2015","3","0"
"CS857.T94 M38 2002","0","0"
"D639.S6 E56 2014","0","0"
"UB251.S65 O74 1995","0","0"
"B2430.C354 S23 2014","0","0"
"PL3032.H62 X4487 2015","0","0"
"DK268.3 .Z457 2014","0","0"
"PG3549.P52 N6 2014b","1","0"
"HV8964.S65 V57 2013","0","0"
"DR1976.R8 R877 2006","0","0"
"PR9393.9.S47 T48 2015","0","0"
"PG3453 .B6 1997","0","0"
"BX260 .M385 2008","0","0"
"D630 .T53 I54 2014","0","0"
"DT30.5 .U95 2014","0","0"
"BX464 .D65 2012","0","0"
"PG3470.P7 Z464 1994","0","0"
"HD9696.2.T32 P86127 2015","1","0"
"Z2230 .D48 1978 Suppl.","0","0"
"PS3566.E423 H47 2015","0","0"
"PG3447 .Z5 1999","0","0"
"PG3447 .Z5 1999","0","0"
"DK137 .K874 2015","1","0"
"DC611 .S368 P39 2014","0","0"
"PR9393.9.C66 I6 2007","0","0"
"DA452 .P53 2009","2","0"
"PC3942.16.R6 S5318 2015","0","0"
"DS797.56.Z436 X86 2008","0","0"
"DC801.R86 D83 2014","0","0"
"DG284 .C37 2015","0","0"
"PQ4919.A845 U48 2014","0","0"
"PG5038.N47 P6x 1990","0","0"
"HT690.U6 K54 2015","0","0"
"JN238 .C66 2015","0","1"
"D548 .N44 2014","0","0"
"PQ6623.A745 Z78 2013","0","0"
"PQ6703.R885 L57 2014","0","0"
"PS3551.N464 A6 2015","3","0"
"PQ6059 .M462 2014","0","1"
"PQ6621.A77 Z657 2014","0","0"
"BS2615.53 .C9713 2013","2","0"
"DS751 .T5 1966","2","0"
"PN5650 .K65 2014","1","0"
"DK236.K6 A33 2015","0","0"
"HM636 .T43 2014","2","0"
"PQ2673.I298 Z52 2014","0","0"
"DS143 .C64 2013","0","2"
"PA6298 .G56 2015","2","0"
"HC995.Z65 F74 2012","0","0"
"DP233.5 .R43 2014","0","0"
"TD319.C17 E88 2013","2","0"
"D761.1 .G89 2014","1","0"
"D640 .M378 2014","0","0"
"PQ6064 .C66 2014","0","0"
"DC611.F818 B37 2014","0","0"
"DT474.5 .P48 2013","1","0"
"D640 .B334 2014","0","0"
"PA8552.M512 A6 2014","0","0"
"DT582.7 .R44 2013","1","0"
"PQ3989.3.H563 G73 2014","0","0"
"D548.9.C65 D67 2014","1","0"
"BT300 .S44 2014","0","0"
"D640 .H352 2014","0","0"
"PN481 .B84 2015","0","0"
"D548.9.F74 A23 2014","0","0"
"D548.9.F74 G89 2014","0","0"
"DS115.95 .L56 2014","0","0"
"DD901.N68 S74 2014","1","0"
"DS134.85 .V48 2015","0","1"
"DD901.B89149 B86 2014","0","0"
"JZ5540.2.E56 A65 2015","1","0"
"DAW1031 .R45 2015","1","0"
"PS3554.E924 R86 2015","1","0"
"PS3563.E24 I84 2015","1","0"
"PH3382.21.A74 C76 2014","0","0"
"DK508.51 .I8347 2015","0","0"
"DS917.442 .K56 2013","0","0"
"PG3491.6.A537 V47 2015","0","0"
"PG2950 .A228 2014","0","0"
"E184.A1 V73 2014","4","0"
"PL70.9.G39 P63 2014","0","0"
"PL2448 .G357 2014","0","0"
"DS26 .L58 2011","0","0"
"HD6519.N5 G84 2015","0","0"
"F1418 .M3729 2014","2","0"
"F1219.3.S6 M477 2012","0","0"
"CT1218.K577 K67 2014","1","0"
"PR9199.3.B69718 Z46 2015","1","0"
"PQ9163.E6 A15 2015","0","0"
"NB1562.B84 M346 2013","0","0"
"PM3968.8.M38 2013","0","1"
"D530 .C44 2014","0","0"
"PN2471 .M322 2014","0","0"
"DS134.36.K66 W54 2014","0","0"
"PT6466.22.A55 H47 2014","0","0"
"JA79 .R76 2015","1","0"
"PR9372.9.N459 N87 2015","1","0"
"QH194 .I59 2015","1","0"
"D107 .I36 2015","0","0"
"DT34.5 .K74 2015","1","0"
"UA774 .M37 2014","0","0"
"PA8027 .P37 2014","0","0"
"D804.48 .M49 2015","0","0"
"NK954.6 .K84 2015","0","0"
"PN1993.5.G3 R385 2015","0","0"
"DD247.R58 A3 2015","1","0"
"B2899.M48 R36 2015","0","0"
"PT2721.E78 G67 2015","0","1"
"B841.6 .S36 2015","0","0"
"PT2670.E46 Z625 2014","0","0"
"B829.5 .R88 2015","0","0"
"PT2662.E944 L39 2015","0","0"
"PT2468 .R4 2015","0","0"
"PT2642.U4 A6 2013","0","0"
"DS134.36.E74 E74 2012","0","0"
"PM4066 .T568 2014","0","0"
"KPA3023 .C45 2015","0","1"
"DS795.2 .G86 1975","2","0"
"F1219.1.M55 I58 2014","0","0"
"DS799.9.T34 W8618 2011","0","0"
"PL2694.K36 P5 1965","1","0"
"PA6457 .J612 1992","1","0"
"TX716.P4 A34 2015","3","1"
"PG7209.L54 R69 2014","0","0"
"DK4436.5 .M372 2014","0","0"
"GE25 .C69 2016","0","0"
"DK4600.S468 K79 2014","0","0"
"PN1998.3.D49 S349 2015","0","0"
"DS135.P6 Z338 2014","1","0"
"PG7167.A75 Z52 2014","0","0"
"PT2603.E455 Z89319 2015","0","0"
"PG7161.O2 Z575 2013","0","0"
"PT2667.R83 Z876 2015","0","0"
"PN5355.P6 Z774 2014","0","0"
"PG7035.J48 P66 2014","0","0"
"PL2671 .A6 1962","1","0"
"PT2673.A375 O78 2015","0","0"
"PQ9698.417.H64 S65 2008","1","0"
"PT2682.U7 Z827 2014","0","0"
"PQ9698.41.L32 A85 2013","0","0"
"DS134.6 .R33 2014","0","0"
"HD4875.G3 K95 2014","0","0"
"PG7172.R65 Z785 2014","0","0"
"PM6306 .Y365 2014","0","0"
"PM5576 .Y37 2014","0","0"
"BH39 .T43 2015","0","0"
"DE1 .A28 v. 14","4","1"
"DD901.M77 K54 2015","0","0"
"PG7158.K32 I545 2014","0","0"
"PT2653.W42 Z848 2015","0","0"
"PN75.S66 A23 2015","0","0"
"BX597.I3 C48 2012","0","0"
"PG5040.32.A944 S69 2014","1","0"
"PG7179.O37 K75 2014","0","0"
"B829.5 .F534 2015","0","0"
"PQ2713.A3739 P68 2015","0","0"
"PQ4919.E217 E44 2013","0","0"
"PQ145.6.S54 A786 2015","1","0"
"PG7158.M5532 C99 2014","0","0"
"PQ6657.A463 S23 2015","0","0"
"PT179 .E58 2015","0","0"
"PQ7392.G354 T73 2013","1","0"
"PQ7390.G6435 R45 2013","0","0"
"HQ1613 .M355 2015","0","0"
"PQ6657.R29 C33 2015","0","0"
"PQ7392.A736 C37 2013","0","0"
"DS779.29.H79 C445 2015","0","0"
"DS779.29.H79 C445 2015","0","0"
"PN56.V55 O84 2014","0","0"
"PC3941.V45 T63 2014","0","0"
"F2230.1.E84 P34 2007","0","0"
"PQ8549.R3 Z83 2013","0","0"
"PN5103.R66 A5 2014","0","0"
"PA4242.F8 C45 2015","0","2"
"PG7158.B858 Z478 2014","0","0"
"KHW3008 .C66 2014","1","0"
"D804.7.D43 Z94 2015","0","0"
"PG7158.I42 A4 2014","0","0"
"HD7371.A3 G65 2015","0","0"
"CT3308 .V437 2014","1","0"
"D802.P72 L673 2014","0","0"
"PC3942.412.E66 B335 2014","0","0"
"PN98.I58 E83 2015","1","1"
"JN6769.A52 Z39 2014","0","0"
"PQ7798.1.L939 T73 2013","1","0"
"PQ8098.23.E459 H86 2014","0","0"
"PL3097.V5 F36 2014","0","0"
"PC3941.M3323 Z48 2014","0","0"
"DK511.V8 A527 2014","0","0"
"PG7167.E64 Z96 2014","0","0"
"DS779.49.X53 A25 2015","1","0"
"DT15 .C66 2006","0","0"
"PC3942.16.I6 Z75 2014","0","0"
"PG7053.H56 L49 2014","0","0"
"NC174 .D54 2012","1","0"
"UA829.P7 W958 2014","0","0"
"JL1139.A525 P47 2012","0","0"
"F1938.25.H2 C58 2011","1","0"
"PQ7409.3.V38 D43 2013","1","0"
"DK4289.O79 S725 2014","0","0"
"D804.66.S46 G78 2014","0","0"
"PG7202.A86 W97 2015","0","0"
"PG3504.K45 E577 2014","0","0"
"PG7178.T2 Z527 2014","0","0"
"DK4402 .O379 2014","0","0"
"BR163 .W48 2015","0","0"
"HV640.5.K87 P66 2015","1","0"
"PR9408.N363 A83 2014","0","0"
"DK111 .R224 2014","0","0"
"B4805.P384 S48 2014","0","0"
"BL1590.L58 C36 2014","0","0"
"PN56.M27 E873 2015","0","0"
"DC36.2 .D538 2015","0","0"
"DC36.2 .D538 2015","0","0"
"HQ281 .M85 2011","0","1"
"PQ8550.1.M46 A64 2013","0","0"
"PQ8550.1.R38 H47 2013","0","0"
"PQ8180.412.E83 Y6 2013","0","0"
"PQ6657.A519 Z785 2014","0","0"
"F1787.5.S655 G85 2013","0","0"
"PQ3949.2.G53 Z667 2015","0","0"
"PQ7409.2.G59 T78 2013","0","0"
"PC2611 .G84 2015","0","0"
"DK511.O78 A844 2014","0","0"
"Z284 .C65 2011","0","0"
"HT1081 .A73 2013","2","0"
"P302.15.A7 S64 2014","0","0"
"PN56.3.S7 S87 2014","0","0"
"PQ6413.M74 R632 2014","0","0"
"PG7053.R6 Z324 2015","0","0"
"PQ2706.A24 T68 2014","1","0"
"D804.65 .R54 2014","0","0"
"D511 .P6238 2013","0","0"
"PG7098.4 .S55 2014","1","0"
"PQ6657.A725 Z46 2014","0","0"
"DK4600.W558 O48 2014","0","0"
"F2849.22.G85 M84 2014","1","0"
"DS135.P62 W712 2014","0","0"
"DG215.G8 F47 2014","0","0"
"PG7158.S42 B845 2014","0","0"
"D804.196 .R67 2009","0","0"
"PQ2605.E55 M3 2013","0","0"
"DK4122 .L85 2014","0","0"
"PQ7797.V4214 E8 2014","0","0"
"LA844.K7 N55 2014","0","0"
"PQ7797.C7145 Z9974 2013","0","0"
"F1938.4.D8 C78 2013","0","0"
"PG7178.Z9 Z67 2014","0","0"
"PA6757 .E8 2015","0","0"
"Z305.I57 K354 2014","0","0"
"NA225 .C35 2014","0","0"
"DS134.72.K87 S58 2014","0","0"
"DK508.847 .P54 2015","0","0"
"D810.C4 N543 2014","0","0"
"D810.C4 N543 2014","0","0"
"D638.B4 A56 2014","0","0"
"F1938.5.T7 G54 2013","0","0"
"D377 .S97 2014","0","0"
"JA71 .G6736 2014","0","0"
"F3099 .P54 2014","0","0"
"E183.8.C9 J56 2013","1","0"
"PN1993.5.I8 G785 2015","0","0"
"BS574.5 .M46 2015","0","0"
"PR6061.E5956 H43 2015","0","0"
"DD256.5 .G84 2015","0","0"
"PH5331 .A76 2014","0","0"
"PN45 .G37 2014","0","0"
"DA605 .D48 2014","0","0"
"DS134.53 .H57 2014","1","0"
"B3216.C74 A4 2015","0","0"
"DD381.3 .F85 2015","0","0"
"DS195.5 .B47 2015","0","0"
"PN1995.9.W6 M85 2014","0","0"
"B831.2 .F33 2015","0","0"
"D804.65 .R542 2013","0","0"
"PQ9469.3.P637 L56 2014","0","0"
"PQ8097.Y2 A826 2014","0","0"
"PA6809.A5 S47 2015","0","0"
"PN1998.3.G718 D66 2015","0","0"
"PA3024 .A63 2014","1","0"
"PQ6187.5 .E83 2013","0","0"
"RD523 .C65 2014","0","0"
"PC3942.26.O477 R37 2014","0","0"
"PQ2053 .C38 2015","0","0"
"PR9619.3.A737 W37 2015","0","0"
"PA4037 .A44 2015","0","0"
"DC611.T781 D47 2014","0","0"
"GN476 .B47 2015","1","0"
"PQ4922.E588 A46 2014","0","0"
"DK509 .G3375 2013","0","0"
"PQ2678.O7677 E25 2014","0","0"
"DG271 .L44 2014","1","0"
"DG223 .E795 2014","0","0"
"DD125 .B58 2015","0","0"
"PA6706.A2 O64 2014","0","0"
"DC373.B7 B44 2015","0","0"
"DC373.B7 B44 2015","0","0"
"DD218 .L44 2015","0","0"
"DF849 .C56 2014","1","0"
"BL820.H9 P75 2014","0","0"
"B2799.E8 S565 2015","0","0"
"D809.G3 P478 2015","0","0"
"PQ9939.C68 E15 2009","0","0"
"PG7179.U45 S98 2014","0","0"
"PQ9929.T45 Q36 2008","0","0"
"PC3942.16.O68 S46 2015","0","0"
"PN5297.U53 D36 2015","0","0"
"F3069.3.G6 F54 2014","0","0"
"PA8015 .C8613 2015","0","0"
"PQ6605.U5 Z48 2014","0","0"
"F1935 .F674 2013","0","0"
"NA5955.P6 G86 2014","1","0"
"CB113.R8 K8528 2014","0","0"
"HD8537.N783 P794 2014","0","0"
"DK4435.B67 N376 2014","0","0"
"PG7220.W27 D73 2014","1","0"
"PS121 .J69 2015","0","0"
"DS134.53 .Z929 2013","0","0"
"PT411 .E79 2015","0","0"
"PS508.K67 J69 2015","0","0"
"PS80 .P64 2015","0","0"
"DD285 .S65 2015","0","0"
"PQ423 .B76 2015","0","0"
"PQ637.W35 D88 2015","0","0"
"PQ2663.A8473 J85 2015","0","0"
"PN3503 .T68 2015","0","0"
"PN5172 .R66 2015","0","0"
"PQ3989.2.N434 K733 2015","0","0"
"PQ2680.R3 N45 2015","0","0"
"D550 .K675 2014","0","0"
"PG3491.6.Z42 P73 2013","0","0"
"HV6535.C94 C45 2014","0","0"
"HM278 .T45166 1999","0","0"
"PQ8098.32.I364 C68 2014","0","0"
"DS119.7 .A86713 2015","0","0"
"DD257.4 .S93 2015","0","0"
"BH301.M54 J36 2015","3","1"
"PQ7298.13.L33 Z73 2015","1","0"
"DF277 .H285 2015","2","0"
"PS3602.U876 A6 2015","0","0"
"PS3553.H33 A6 2015","0","0"
"PS3558.A329 B653 2015","0","0"
"PR4168 .L88 2015","0","0"
"DS328.2 .K4335 2015","1","0"
"BM197.6 .S525 2015","3","1"
"BV5023 .V86 2015","1","0"
"PS3573.H4768 Z63 2015","2","0"
"PS3561.A416524 A6 2015","0","0"
"PQ6041 .G25 2015","1","0"
"PS121 .B594 2015","3","0"
"PR6023.E833 G634 2015","1","0"
"B1626.D854 D86 2015","0","0"
"PS3602.R678 E53 2015","0","0"
"PR478.I54 Z35 2015","2","0"
"PN1995.9.H5 F58 2015","3","0"
"DT469.M442 S25 2015","0","0"
"DK508.848 .S25 2015","4","0"
"HQ1233 .H63 2015","0","0"
"E475.55 .G37 2015","0","0"
"BS1235.52 .P45 2015","1","0"
"BS1655.53 .P48 2015","0","0"
"F1788 .S695 2015","5","0"
"DS558.8 .H375 2015","3","0"
"B2798 .L293 2015","0","0"
"PR6107.R486 L48 2015","1","0"
"PN56.H57 L43 2015","0","2"
"PS1017 .L53 2015","0","0"
"DS480.842 .H35 2015","3","0"
"PN3433.6 .M37 2015","3","0"
"PM4297 .C37 2015","2","0"
"PR9199.3.U7 N54 2015","2","0"
"PS3613.C426 O86 2015","2","0"
"DS125 .A43 2015","2","0"
"PR6063.O7977 A6 2015","0","0"
"BP131.8 .D8713 2015","0","0"
"PS3563.E4496 P74 2015","4","0"
"E176.1 .M338 2015","1","0"
"DS559.8.P7 P39 2015","0","0"
"BS476 .R43 2015","1","0"
"PQ2043 .R66 2015","1","0"
"DK502.74 .P55 2014","0","0"
"PR2976 .S33893 2015","0","1"
"E183.8.I57 G55 2015","0","0"
"PN56.S667 G37 2015","0","0"
"BX5980.C3 A53 2014","0","0"
"PR9199.4.C479465 A6 2015","2","0"
"PN2091.S6 H66 2015","1","0"
"PN1590.A9 T475 2015","2","0"
"PN1998.3.P4575 L44 2015","1","0"
"HQ18.M628 G43 2015","1","0"
"DR1725 .W43 2015","0","0"
"BS1192.6 .W48 2015","1","0"
"D786 .J594 2015","1","0"
"E457.2 .C56 2015","0","0"
"BT198 .B76 2015","0","0"
"PN2075 .O26 2015","0","0"
"PR9199.3.M42418 A73 2015","0","0"
"PS3563.O8737 A6 2015","1","0"
"B2430.L484 R88 2015","3","0"
"PS3623.A46 A6 2015","0","0"
"PR6113.C569 B67 2014","1","0"
"PS3602.U55 A6 2015","1","0"
"PG7170.U69 B88 2014","1","0"
"DS61.85 .D33 2015","2","0"
"PS3612.E9265 A6 2015","0","0"
"PR9199.4.P34 A6 2014","1","0"
"PR9199.3 .P52 2015","0","0"
"PS3557 .I9 2015","0","0"
"E444.T82 G68 2014","3","0"
"PR6069.T134 A6 2015","7","0"
"PR6111.I62 C66 2015","1","0"
"DA960 .M126 2014","0","0"
"B105.T54 H36 2015","1","0"
"PR6118.E32 D66 2015","0","0"
"PS3568.A6278 E34 2014","3","0"
"PR6065.G5 E94 2014","2","0"
"PR6062.O525 F48 2014","0","0"
"PR9199.3.A365 F53 2015","0","0"
"PS3604.E17 A6 2014","0","0"
"PJ7964.A32 A6513 2015","0","0"
"DA990.U46 S673 2015","2","0"
"PR9199.4.R68675 G46 2015","1","0"
"PR9199.4.G37 A6 2015","0","0"
"PS3623.I58 G74 2015","0","0"
"DA257 .G78 2015","1","1"
"E573 .S65 2015","0","0"
"PN1590.A9 K44 2015","0","0"
"PS3602.L32527 A6 2015","0","0"
"PS3616.O845 A6 2015","1","0"
"PS3573.A42555 A6 2015","0","0"
"B4378.O5 A87 2015","1","0"
"PN2055 .M85 2014","0","0"
"PR6113.O92 L56 2014","2","0"
"PK6434.5.W64 L613 2015","1","0"
"PR9639.4.D63 A6 2014","1","0"
"PS3606.A255 L68 2015","1","0"
"B3258.H323 I413 2015","0","0"
"PQ4628 .S77 2015","0","0"
"PR6063.O69 Z48 2015","0","0"
"PT2662.E7 M5513 2014","1","0"
"PS3561.E715 N44 2015","0","0"
"E185.86 .N395 2015","4","0"
"DA822.S88 T67 2015","0","0"
"PR6118.A59 N54 2014","3","0"
"PR9199.4.L33434 O88 2015","0","0"
"B824 .E8613 2015","8","0"
"PS3608.E548 A6 2015","1","1"
"PR6107.R4444 P43 2015","1","0"
"PR9499.3.B4494 A6 2015","0","0"
"E477.7 .E53 2015","0","0"
"PR6003.E4 A6 2015","5","1"
"PN1995.93.P783 M34 2015","0","1"
"D863 .Z49 2015","0","0"
"PN4305.M6 R44 2014","0","0"
"PS3613.C5774 R47 2015","0","0"
"E467.1.G24 G33 2015","2","0"
"PR9199.4.S695 A6 2015","1","0"
"PS3608.O4943556 A6 2015","1","0"
"PR9199.4.L5775 A6 2014","1","0"
"PS3563.O87168 S478 2015","0","0"
"BT708 .D457 2015","4","0"
"PS3616.O35 S56 2015","0","0"
"PS3568.A4468 A6 2015","1","0"
"PR9639.4.S27 A6 2014","0","0"
"HQ1240.5.S6 C48 2014","2","0"
"PR6102.R453 S65 2014","2","0"
"PR9199.4.W43265 A6 2015","1","0"
"PS3605.I43 S93 2015","1","1"
"PS617 .T45 2014","1","0"
"PS3558.U46773 T56 2015","1","0"
"PN1042 .T69 2015","0","0"
"BT153.I47 G75 2015","0","1"
"E458.7 .D46 2014","0","0"
"BT103 .A84 2015","3","0"
"BP188.18.W65 W66 2015","2","0"
"PR457 .W84 2015","7","0"
"PQ9469.3.F47 E77 2014","0","0"
"PC3942.429.A428 E82 2014","0","0"
"BT122 .T65165 2006","0","0"
"PQ6085 .C36 2014","0","0"
"PQ6564 .D66 2014","0","0"
"D756.5.B7 C85 2015","8","0"
"PR878.B49 M43 2015","1","0"
"F394.L125 N25 2015","2","0"
"F615.N4 G74 2015","3","0"
"BL1803 .R68 2015","2","0"
"DP116 .D45 2015","1","0"
"PM8008 .G37 2015","2","1"
"PQ2469.C5 E55 2015","1","0"
"PA6653 .A8 2015","0","0"
"PA6653 .A8 2015","1","1"
"B613 .B43 2015","12","0"
"PQ7211 .F74 2015","0","0"
"PR605.M63 H57 2015","1","1"
"BT198 .W463 2015","2","1"
"PR63 .G38 2015","1","0"
"PS3513.O97 Z46 2015","0","0"
"PN45 .F5913 2015","3","0"
"DT329.S57 M47 2015","0","0"
"E457.2 .M497 2015","0","1"
"PQ4053.L36 P34 2015","0","1"
"TR23 .F548 2015","3","0"
"TJ211 .T74 2015","3","0"
"BC50 .T56 2015","0","0"
"TR642 .K445 2015","3","0"
"DC138 .P55 2015","1","0"
"CB358 .M66 2015","3","0"
"PR9080 .J36 2015","1","0"
"PN56.D84 L45 2015","0","0"
"BD311 .B456 2015","1","0"
"BH301.T7 L46 2015","3","0"
"PR591 .D76 2015","0","0"
"PS169.N35 D65 2015","1","0"
"F385 .S525 2015","0","0"
"PQ2679.E244 Z46 2015","0","0"
"PR9199.3.S7839 A6 2015","0","0"
"D769.87.A4 G65 2015","0","0"
"D581 .G629 2015","2","0"
"DC733 .B68 2015","1","1"
"F1021.2 .R63 2015","0","0"
"HQ1537 .T37 2015","2","0"
"PS3608.A338 H46 2015","0","0"
"PS3623.I556285 H87 2014","0","0"
"PS153.J4 S37 2015","1","0"
"PS3602.O79 I62 2015","2","0"
"PS3623.H57873 A6 2015","0","0"
"BC78.L3 L3613 2015","0","0"
"PQ3919.2.S725 A2 2015","0","0"
"PN1993.5.K6 C545 2015","1","1"
"PS3511.A86 Z9226 2015","5","2"
"F1219.76.A78 H34 2015","0","0"
"PR9619.3.B715 O74 2015","0","0"
"PS3612.A37 A6 2015","0","0"
"TR140.K38 T46 2015","0","0"
"PN6109.9 .R35 2015","1","0"
"PQ3949.2.M33 S3513 2015","0","0"
"PS3611.A89 S95 2015","0","0"
"PS3535.O1793 Z46 2015","0","0"
"DU124.E74 M67 2015","4","0"
"P94.5.A38 A55 2015","0","0"
"BF637.H4 R5313 2015","2","0"
"JK609.5 .B378 2015","0","0"
"HD9019.M382 U645 2015","2","0"
"CB245 .C343 2015","2","0"
"HC427.95 .Y83 2015","0","0"
"HQ792.N5 C446 2015","0","0"
"JQ1516 .C578 2015","0","0"
"HC140.P6 C93 2015","0","0"
"JZ5534 .O47 2015","0","0"
"JZ5538 .C6657 2015","1","1"
"JC574 .H326 2015","0","0"
"JQ1879.A15 D4617 2015","1","0"
"HM1261 .R45 2015","0","0"
"PN5129.L62 S53 2015","0","0"
"HD82 .H83 2015","0","0"
"HC286.4 .E32 2015","4","0"
"HC800 .O5538 2015","0","0"
"HD6279 .E57 2015","0","0"
"CC79.E85 E77 2015","0","0"
"HF1532.5 .E97 2015","0","0"
"HC240 .E894 2014","0","0"
"HC79.T4 T675 2015","2","0"
"PN1992.77.S73 G46 2015","1","0"
"JZ1318 .E459 2015","0","0"
"HC110.I5 S8667 2015","3","0"
"HD5861 .H57 2015","0","0"
"HC800.Z9 E5578 2015","0","0"
"LC1099.5.E85 I59 2015","0","0"
"HD2810.5 .I57 2015","0","1"
"JZ5335 .I68 2015","1","0"
"JZ6009.E85 B47 2015","0","1"
"KF9325 .C87 2015","0","0"
"HC39 .L63 2013","5","1"
"JZ5538 .L63 2015","0","0"
"GT738 .D39 2015","1","0"
"HG4636 .S24 2015","0","0"
"P95.8 .M393355 2015","1","0"
"HV6433.G713 L65515 2015","0","0"
"HT391 .M44 2015","0","0"
"JC574 .M52 2015","0","0"
"HB74.P8 T527 2015","12","0"
"HE151 .K323 2015","2","0"
"HF1532.7.Z4 D444 2015","0","0"
"JZ5584.L43 S63 2015","0","0"
"GF532.A4 L37 2015","0","0"
"JF251 .B69 2015","0","0"
"KF371 .W37 2015","0","0"
"E99.E7 S423 2015","1","0"
"JC571 .G448 2015","0","1"
"HD2341 .S5727 2015","0","0"
"HD2341 .S5727 2015","0","0"
"HD62.7 .F66 2015","0","0"
"HV6529 .S56 2015","0","0"
"GV586 .S57 2015","1","0"
"HD53 .C562 2015","2","0"
"JC153.H659 B87 2015","1","0"
"JZ1242 .T487 2015","2","0"
"HV6556 .C53 2015","0","0"
"JZ5538 .O36 2014","0","0"
"HN80.N45 G73 2015","2","0"
"GN33 .W43 2015","1","0"
"HB74.P8 L47973 2015","2","0"
"BF575.W8 O46 2015","0","0"
"LC191.8.G7 G53 2015","0","0"
"HM861 .H45 2015","0","0"
"LC4091 .R675 2015","1","0"
"HD9017.G452 O96 2015","0","0"
"LC2781 .B4618 2015","0","0"
"JK526 2012 .A275 2015","3","1"
"LB1044.9.C59 C53 2015","1","0"
"BF201 .C64 2015","2","0"
"HD9502.L32 C66 2015","0","0"
"HD9999.C9472 C76 2015","2","0"
"HF5549.5.S38 E47 2015","1","0"
"HC412 .F76 2015","0","0"
"CC135 .F86 2015","3","0"
"HD2741 .M34 2015","0","0"
"LB2824 .G56 2015","0","0"
"LB1139.25 .G73 2015","3","0"
"LB1585 .R48 2015","1","0"
"JN1129.L32 T47 2015","0","2"
"LC1011 .B47 2015","3","0"
"LC2669 .R64 2015","1","0"
"JC365 .M54 2015","0","0"
"GV943.3 .S99 2015","3","0"
"GT4811.A97 R53 2014","0","0"
"HV6773 .H653 2015","1","0"
"GN407.4 .S55 2015","0","0"
"BF575.S75 B395 2015","0","2"
"LB2424 .S89 2014","2","0"
"HM621 .T45 2015","0","0"
"JZ1310 .M35 2015","0","0"
"KZ6010 .W353 2015","1","1"
"JA86 .B24 2016","4","0"
"HV6439.U5 B75 2015","0","0"
"PS3613.E979 T85166 2008","0","0"
"LC67.6 .E25 2015","1","0"
"PQ6714.A827 T73 2014","0","0"
"E484 .H37 2015","2","0"
"DS134.72.M35 N59 2014","0","0"
"F1787 .S222 1995a","2","0"
"D805.5.A96 L32 2015","0","0"
"RA866.W53 F75 2014","0","0"
"PN5650 .K662 2015","0","0"
"PG3366.A13 S53 2015","4","1"
"PN1993.4 .B67 2015","0","0"
"P165 .W57 2015","0","0"
"HD30.255 N48 2015","0","0"
"PQ2663.U64 T7213 2015","0","0"
"DK4379.5.Z85 O88 2014","1","0"
"D805.5.A96 S95 2014","0","0"
"PG7157.K72 C99 2014","0","0"
"VM391 .E54 2015","1","0"
"PQ6324.Z5 C47 2014","1","0"
"D804.66.C35 M53 2015","0","0"
"PG7158.T82 Z92 2015","0","0"
"PN6519.A6 F63 2015","1","0"
"PS3558.O8766 A6 2015","0","0"
"PG7135 .W43 2015","0","0"
"PQ6702.A648 R37 2015","0","0"
"BM729.P7 W56 2015","0","0"
"D805.5.A96 P55 2015","0","0"
"PG7035.J48 S85 2015","0","0"
"N7113.R57 A3 2015","1","0"
"PA6550 .K53 2014","0","0"
"DS135.P6 K548 2015","0","0"
"HV8227.7.A45 V27 2014","0","0"
"PG7158.I82 M34 2014","0","0"
"PG7157.T7 Z67 2013","0","0"
"HQ767.5.U5 Z54 2015","3","0"
"JK271 .B285 2015","1","0"
"LD4530 .P83 2015","0","0"
"BF1589 .C28 2015","4","3"
"JQ1516 .B45 2015","1","0"
"HQ759.48 .O533 2015","1","0"
"JZ4850 .G75 2015","1","0"
"JK1021 .W67 2015","3","0"
"GR153.5 .F65 2014","2","0"
"HD9696.2.A2 C36 2015","3","0"
"HM821 .O664 2015","2","0"
"JK2249 .R67 2015","0","0"
"K561 .I57 2015","1","0"
"E78.S7 S84 2015","0","0"
"E78.T4 T866 2015","0","0"
"E93 .Z34 2015","0","0"
"K721.5 .M33 2015","1","0"
"BF441 .S635 2015","2","0"
"LB3430 .S4544 2015","1","0"
"JC423 .B885 2015","3","0"
"E99.W84 T73 2015","0","0"
"E99.C9 W55 2015","2","0"
"JK526 1936 .S88 2015","2","1"
"JQ1879.A15 C536 2015","4","0"
"HD9502.A2 D84 2015","1","0"
"JN147 .M34 2015","3","0"
"LC1023 .D37 2015","1","0"
"JK468.A8 T43 2015","0","0"
"E99.N3 V69 2015","3","0"
"F1788 .B2249 2012","0","0"
"LB14.7 .D43 2015","2","0"
"DS371.4 .C67 2015","1","0"
"DS135.P6 M378 2014","0","0"
"DK510.32 .P7525 2012","0","0"
"PQ9454 .E83 2014","0","0"
"HD719.R96 P57 2012","0","0"
"PG7011.B56 B47 2014","0","0"
"HQ1075.5.V4 K69 2014","0","0"
"PG3235.R35 D8558 2014","0","0"
"BJ2023 .H57 2015","0","0"
"DK4376.L63 J33 2014","0","0"
"D802.P7 K735 2014","0","0"
"C40 .S647 2014","0","0"
"DS145.P7 P528 2015","1","0"
"BP63.A37 C85 2015","0","0"
"DK268.A1 M897 2015","1","0"
"DK268.A1 M897 2015","1","0"
"DK268.A1 M897 2015","1","0"
"DK268.A1 M897 2015","1","0"
"DK268.A1 M897 2015","1","0"
"PS3565.K33 N634 2015","1","0"
"PT2673.E35 B5 2013","1","0"
"PR678.T7 G35 2015","0","0"
"PL2879.W24 Y36 2014","0","0"
"PT1105 .L54 2015","0","0"
"PN56.H6 T53 2015","7","0"
"PT2665.G439 G66 2015","0","0"
"PT2663.Z46 B44 2015","0","0"
"P119.32.E85 S76 2015","0","0"
"PS3552.U7233 M87 2015","0","0"
"CS2990 .C4747 2014","0","0"
"DS778.D46 D4863 2014","1","0"
"DS778.D46 D4863 2014","1","0"
"DS778.D46 D4863 2014","1","0"
"PL2275.W65 L557 2014","1","0"
"PL1497 .Z557 2015","0","0"
"HC447 .S26 2014","0","0"
"F1392.J4 T35 2015","0","0"
"HT1216 .M84 2014","0","0"
"PC3917 .G7318 2015","0","1"
"DS779.49.Z469 W364 2015","2","0"
"PQ7390.R566 N66 2011","0","0"
"PQ8201 .H57 2000","1","0"
"PQ6351 .V58 2014","2","0"
"F3429.3.R3 E58 2004","0","0"
"DS38.1 .U425 2014","0","0"
"CT3990.Z53 S948 2015","2","0"
"BX4700.A32 S68 2015","0","0"
"DB2082 .J345 2015","0","0"
"DD247.F63 H78 2015","0","0"
"DS119.76 .A747 2015","0","0"
"DT551.5 .A28 2014","0","1"
"PQ7798.29.A616 C75 2013","0","0"
"DS480.4 .W37 2013","0","0"
"PQ7798.432.I38 D34 2014","0","0"
"DK2.A1 P65 1994x","0","0"
"DK2.A1 P65 1994x","0","0"
"DK2.A1 P65 1994x","0","0"
"DK2.A1 P65 1994x","0","0"
"DK2.A1 P65 1994x","0","0"
"DS247.Q38 R36 2014","0","0"
"DS779.49.X53 H86 2014","2","0"
"PQ7798.413.A368 S87 2013","0","0"
"PQ6353 .S314 2015","0","0"
"HV5840.V4 L36 2014","0","0"
"BF531 .A48 2012","0","0"
"PN1998.3.F38 M46 2014","0","0"
"PG1620.2.E74 T8 2014","1","0"
"BL860 .S35 2011","0","0"
"DS87.2.A2 M86 2014","0","0"
"PN3171 .T475 2015","0","0"
"PR9499.4.F66 T466 2013","0","0"
"HV6433.I722 I85784 2014","0","0"
"P85.B7842 A3 2014","1","0"
"PN1972 .R68 2014","1","0"
"F1787 .G828 2013","0","0"
"F1787 .G828 2013","0","0"
"F1787 .G828 2013","0","0"
"GT737 .L48 1986","3","0"
"PR9199.3.W395 P43 2014","0","0"
"DK504.46 .S56 2014","0","0"
"PJ7914.Z599 H59 2015","0","0"
"PG1418.O18 Z6572 2012","0","0"
"B753.I24 B373 2014","0","1"
"LB1028.5 .W54 2015","1","1"
"DS38.1 .S477 2014","0","0"
"PJ7561 .A2594 2014","1","0"
"CS847 .M29 2011","0","0"
"F1786.C15 T668 2013","0","0"
"DS779.46 .S86 2015","1","0"
"DS36.8 .K467 2015","0","0"
"PG3458.Z9 D7258 2014","0","0"
"PJ7958.A77 L46 2015","0","0"
"HC445.5 .A56 2014","0","0"
"JQ1062.A58 M57 2014","0","0"
"PG7138 .M64 2008","0","0"
"HC445.5 .N335 2014","0","0"
"JQ1062.A56 C6 2013","0","0"
"PN5335.C944 L536 2014","0","0"
"KNK172 .B78 2011","1","0"
"JQ955 .G64 2013","0","0"
"HQ1064.C5 E68 2014","0","0"
"PQ6327.P5 A43 2014","0","0"
"PQ7409.3.T78 A73 2009","0","0"
"PQ7404 .D47 2013","0","0"
"PR8504 .A8 no. 20","1","0"
"DS134.36.M52 H22 2013","0","0"
"PN1998.3.B476 T67 2014","1","0"
"DS597.2 .M323 2008","0","0"
"DS597.2 .M323 2008","0","0"
"JQ1850.A91 B858 2013","0","0"
"F2849.3 P673 2014","0","1"
"PQ6652.E5267 Z614 2014","0","0"
"F2327 .D44 2013","0","0"
"PQ8098.36.U75 Z78 2014","0","0"
"GB747.M67 O937 2014","0","0"
"DT159.6.D27 F67 2013","2","0"
"BX8643.S25 G58 2012","3","0"
"RA424.5.H35 B43 2013","0","0"
"PS3603.O8864 H43 2014","0","0"
"F869.L85 L37 2015","0","0"
"GE40 .J358 2015","2","0"
"DK268.A1 V94 2012","0","0"
"PH3351.V58 Z465 2014","0","0"
"D757.32 .E55 2015","0","0"
"PG5006 .H455 2014","0","0"
"HQ1236 .F46 2014","0","0"
"F2849.3 .R87 2014","0","0"
"F128.5 .C26 2015","0","0"
"PQ8098.417.A3 C37 2014","0","0"
"HD39.5 .N44125 2002","0","0"
"PQ8098.23.A734 P74 2014","0","0"
"PQ6064 .C6645 2011","0","0"
"RD27.35.A39 K65 2014","0","0"
"PQ7797.B635 Z56348 2014","2","0"
"PN1992.3.C96 F677 2015","0","0"
"D561 .B4835 2014","0","0"
"PQ6343.B5 B53 2015","0","0"
"Z519.3 .C78 2013","0","0"
"PQ8550.32.E3 C37 2014","0","0"
"DS134.42.M67 A14 2013","1","0"
"GV1816 .B48 2014","0","0"
"PS3618.A463 H58 2014","1","0"
"DS904.5 .M85 2014","2","0"
"QC903 .W34 2015","3","0"
"HQ23 .C68 2014","4","0"
"PR4612 .W34 2015","0","0"
"PL1075 .W365 2002","0","0"
"PL1075 .W365 2002","0","0"
"HN747.5 .T316 1999","0","0"
"DK699.N34 T474 2015","0","0"
"PN2878.C57 H83 1984","0","0"
"PR5818.I45 D44 2014","3","0"
"BJ1500.T78 K69 2011","0","0"
"D753.2.S65 K74 2014","0","0"
"VA573 .K83 2013","0","0"
"GC401 .K66 2014","0","0"
"KNQ9348.7.E43 L5 2015","0","0"
"DS126.7 .B46 2008","0","0"
"PN2078.R82 S358 2014","0","0"
"HC340.12.Z7 I8235 2009","0","0"
"PG3317.R3 Z597 2015","0","0"
"NX583.A3 H667 2015","0","0"
"E169.1 .R94 2015","0","0"
"R575.C944 N475 2015","0","0"
"DA690.O97 O8 n.s., v.45","0","0"
"HT690.G3 Z95 2014","0","0"
"HT690.G3 Z95 2014","0","0"
"DS740.5.R8 M457 2014","0","0"
"DS740.5.R8 M457 2014","0","0"
"DS740.5.R8 M457 2014","0","0"
"DS740.5.R8 M457 2014","0","0"
"DS740.5.R8 M457 2014","0","0"
"DS740.5.R8 M457 2014","0","0"
"DS740.5.R8 M457 2014","0","0"
"PC3929 .M43 2014","0","0"
"DK189 .R67984 2013","0","2"
"D764.3.L4 B373 2013","0","0"
"PC3942.413.A68 B75 2015","0","0"
"DS764.23.X84 C446 2014","0","0"
"DK509.9.D58 P76 2014","0","0"
"PA6089 .C654 2015","1","0"
"DK510.76 .R686 2015","0","0"
"DS740.5.A4 X524 2015","0","0"
"DK34.O79 K35 2012","0","0"
"F1938.55 .G843 2013","0","0"
"B3279.H45 D58 2015","0","0"
"DG737.55 .T477 2015","0","0"
"DS779.49.Z469 Q36 2014","1","0"
"DK189 .U862 2014","3","0"
"DK274 .B872 2013","0","0"
"DS775.8 .G343 2015","0","0"
"B4235.W3 S87 2013","0","0"
"PQ2629 .R58 2015","1","0"
"PS1304.F5 J39 2015","0","0"
"KLB449.5 .K662 2010","0","1"
"F2849.22.G85 D483 2014","3","0"
"DS777.5194 .C35 2015","1","0"
"DK106.5 .P76 2013","0","0"
"HV5840.C85 M37 2014","0","0"
"PQ8180.413.A72 O76 2015","0","0"
"LB1050 .O227 2014","0","0"
"PA3994.F4 T73 2015","1","0"
"HT145.R9 K375 2013","0","0"
"TL504.I2 O88 2013","0","0"
"PL2658.F3 A58 2015","0","0"
"E183.8.R9 K383 2015","0","0"
"HD1531.P4 D45 2004","0","0"
"PQ3919.2.L1436 B74 2002","1","0"
"PN1993.4 .F55 2014","1","0"
"PQ6041 .D44 2014","0","0"
"HD5473 .P65 2014","0","0"
"HD5473 .P65 2014","0","0"
"UG1245.S65 M67 2012","0","0"
"DL147 .S2413 2015","5","0"
"DK258.6 .Z585 2013","0","0"
"PQ8098.3 .E38 2014","0","1"
"PQ9022.A4 M33 2012","0","0"
"PN5276.V364 A5 2013","0","0"
"DS796.H757 Z459 2014","0","0"
"U264 .W37 2015","2","0"
"B2430.B43 K49 2015","0","0"
"BR115.L25 C48 2015","0","0"
"D767.3 .I25 2014","0","0"
"D764 .L774 2013","0","0"
"DK275.P48 M45 2013","0","0"
"UG635.S65 T66 2010","0","0"
"PC3911 .L68 2014","0","0"
"DK651.S65 B84 2013","0","1"
"PQ6672.I473 A73 2014","1","0"
"R534.B25 K89 2014","0","0"
"DK510.35.A75 O88 2014","1","0"
"DJK45.R9 R66 2014","0","0"
"UB271.R9 B568 2012","0","0"
"DS793.S62 O27 2014","0","0"
"DK265.19 .S44 2014","0","0"
"DK771.K18 M67 2010","1","0"
"DL743.P8 K74 2014","0","0"
"NA1196 .Z54 2015","1","0"
"PA4449.F7 D4 2012","0","1"
"DK759.Y2 U84 2014","1","0"
"HM1271 .H37 2007","0","0"
"G70.217.G46 M58 2014","1","0"
"DK189 .V397 2014","0","0"
"PN2724 .P73 2014","1","0"
"DK38 .V735 2012","0","0"
"PR4231 .A4 1984","1","0"
"D802.R82 R94 2013","0","0"
"HA1450.12 .A4 2010","1","0"
"DK67.5.U38 S77 2014","0","0"
"DK771.B3 U84 2013","0","0"
"RA971.35 .H864 2015","3","0"
"BL2211.W65 A43 2015","5","0"
"PG5007 .D483 2013","0","0"
"DK510.763 .L463 2013","0","0"
"F1776 .P46 2014","9","0"
"PG1620.12.U87 M66 2014","0","0"
"BR141 .S84 v. 51","2","0"
"BX494.V53 N68 2013","0","0"
"HC79.P6 P6827 2015","0","0"
"DK509.7724 .G83 2014","0","0"
"DK33 .S635 2010","0","0"
"NA1199.S43 V35 2015","0","0"
"HQ799.R92  P758 2013","0","0"
"DS26 .G77 2014","0","0"
"F1938.55 .M26 2013","0","0"
"PC4065 .E89 2014","0","0"
"PL852.I33 B93167 2000","0","0"
"PL852.I33 B93167 2000","0","0"
"PL852.I33 B93167 2000","0","0"
"DK510.33 .T735 2013","0","0"
"DR966 .M49 2012","0","0"
"LA839.4 .R6675 2014","0","0"
"F1053.25.G65 A3 2015","0","0"
"BS580.N45 F58 2015","0","0"
"DS135.A68 S65 2015","1","0"
"F1055.J5 J85 2015","0","0"
"BX1378.7 .P57 2014","1","0"
"DK67.5.G3 S682 2011","0","0"
"PN1993.5.F7 B21 2014","0","0"
"ND2920 .M36 2014","0","0"
"U55.D76 S44 2012","0","0"
"PR6003.O95 R59166 2007","0","0"
"DC280.3 .A4 2013","0","0"
"Z1029 .I43 2014","0","0"
"DC255.V38 F56 2013","0","0"
"DT295 .B34 2013","0","0"
"DC607.7 .H36 2013","0","0"
"BL2747.8 .L353 2014","1","0"
"PS3563.O8749 Z92 2014","0","0"
"PN5010.P64 G86 2014","0","0"
"PQ7371 .A85 2014","0","0"
"HQ1090 .E54 2015","0","0"
"HT395.I5 R47 2014","0","0"
"GN406 .G46 2011","1","0"
"RG965.I4 M38 2014","0","0"
"PQ6065 .H54 2014","0","0"
"PQ6065 .H54 2014","0","0"
"HC79.E5 N498 2014","0","0"
"UG635.I4 S27 2014","0","0"
"HC435.2 .S273 2014","0","0"
"KNS715 .L36 2014","0","0"
"PN2884.2 .J356 2014","0","0"
"PR9499.3.S53 A6 2014","0","0"
"PM6301 .H69 2007","0","1"
"JQ231 .J58 2014","0","0"
"RA971.35 .S27 2014","1","1"
"F2687 .J64 2014","0","0"
"HC440.E5 N27 2014","1","0"
"F3083.5.S7 H46 2014","0","0"
"PS3562.A414 S8 2015","0","0"
"BM506 .T2 2015","0","0"
"P85.A46 A62 2014","0","0"
"DS481.S5513 B73 2014","0","0"
"PL2919.L5 C54 1981","1","0"
"PL6015 .L674 2014","0","0"
"BF201 .D368 2015","0","0"
"P120.V37 C36 2014","0","0"
"PQ8098.436.U55 R33 2015","0","0"
"E241.H8 V46 2015","0","0"
"DC113 .L543 2015","0","0"
"PQ145 .L43 2015","0","0"
"LA831 .R8775 2015","0","0"
"PN5377.S6 M33 2014","0","0"
"DB2218.7 .O237 2013","0","0"
"HC79.P6 C66 2014","0","1"
"PG1620.29.I423 K78 2014","0","0"
"DE71 .C556 2014","0","0"
"JQ298.C6 R36 2014","0","1"
"F2349.P6 A48 2012","0","0"
"HT169.I5 I53 2014","1","0"
"PQ8098.23.E7257 P57 2014","0","0"
"HG815 .C475 2014","0","0"
"BX4705.M84 D83 2014","0","0"
"PQ6256.S34 H57 2014","1","0"
"PQ2710.E56 N85 2015","0","0"
"PQ7797.B635 Z63836 2014","0","0"
"HQ1587 .M832 2014","1","0"
"DB2045 .F725 2014","0","0"
"DB2208.7 .O335 2014","0","0"
"HX391.5 .M37 2014","1","0"
"HD8682.5 .I58 2012","0","0"
"KNS977 .D37 2014","0","0"
"JQ298.B43 N34 2014","0","1"
"LA2383.I62 P73 2014","0","0"
"DS396.8.S95 D37 2014","0","0"
"HF5415.15 .P33 2014","0","0"
"DL147 .S2413 2015","4","0"
"HQ1190 .U6165 1998","0","0"
"D974 .E86 2014","1","1"
"JC143.M4 A48164 2001","1","0"
"HF3021 .A44 2015","0","0"
"KF4842 .W33 2015","2","0"
"HD8039.S86 C853 2015","2","0"
"HV6432.44.F67 P67 2015","1","0"
"HD3484.A4 M56 2015","0","0"
"HD1773.A5 R63 2015","3","0"
"HF5465.U4 H69 2015","1","0"
"HM1231 .S73 2015","6","0"
"KNQ465 .J66 2015","0","0"
"KD554 .J87 2015","2","0"
"LC1024.G7 P65 2015","0","0"
"QC973.5 .F33 2015","0","0"
"KG546 .R57 2015","0","0"
"QC903 .L53 2015","0","0"
"HT384.C62 L56 2015","0","0"
"HD30.28 .R41927 2015","0","0"
"KNE176.6 .C74 2015","0","0"
"HQ792.G73 G65 2015","3","0"
"HD1538.S6 C667 2014","0","0"
"HV9950 .K45 2015","2","0"
"LB2395.35 .F56 2015","0","0"
"JA86 .K37 2015","4","0"
"JQ1846.A69 P64 2015","1","0"
"HD9015.S652 H86 2015","3","0"
"HN660.A8 G66 2015","2","0"
"LB2331.65.W47 Q35 2015","0","0"
"HV6485.A82 N497 2015","0","0"
"LB1607.5 .N64 2015","2","0"
"JK468.I6 L46 2015","0","1"
"LA229 .K49 2015","3","0"
"PN6222.V4 A14 2014","0","0"
"PQ6185 .Z66 2014","1","0"
"HV1431 .N47 2015","0","0"
"GE198.Y45 F37 2015","2","0"
"E98.S6 N49 2015","3","0"
"HG3978 .S74 2015","1","0"
"GN17.3.I75 A28 2015","0","0"
"K415 .H45 2015","1","0"
"GN269 .S65 2015","5","0"
"E99.M6815 P53 2015","3","0"
"HB74.P65 H658 2015","0","0"
"HQ1034.L29 D54 2015","1","0"
"JV4215 .M96 2015","1","0"
"JC177.A4 L36 2015","1","0"
"GV1061.15.R83 L53 2015","2","0"
"HV6433.F7 A38 2015","4","0"
"HM746 .J645 2015","2","0"
"HT169.E85 M3713 2015","0","0"
"HN79.C83 C6479 2015","0","0"
"HV881 .O15 2015","0","0"
"P301.5.P67 E54 2015","3","0"
"HC79.C3 H368 2015","3","0"
"HV6556 .S423 2015","1","0"
"HQ778.63 .O24 2015","0","0"
"HN723.5 .M3916 1998","0","0"
"PQ6174 .D475 2014","0","0"
"F1941.H3 V37 2013","0","0"
"HM201 .B39167 1997","1","0"
"HF331.C6 Z464 1955","0","0"
"PQ8259.2.J56 Z54 2014","0","0"
"RC552.A5 O26 2015","2","0"
"RC438 .P54 2015","2","0"
"UF405.S58 B48 2013","0","0"
"PL2960.U83 Y68 2014","0","0"
"RC438.6.F47 L44 2015","0","1"
"PQ2673.O376 S56 2015","1","0"
"PQ7798.413.A322 D57 2014","1","0"
"PQ2678.O4153 S38 2015","0","0"
"DJK27 .G52 2014","0","0"
"PQ8550.417.O545 J84 2014","1","0"
"PQ2601.P6 Z7337 2014","0","0"
"DK508.9.K78 G82 2014","0","0"
"DC203 .P48 2015","2","0"
"HT384.I4 Q6 2014","0","0"
"JL3892 .V53 2013","1","0"
"DK651.T9 K575 2009","0","0"
"PQ8180.23.U83 M35 2014","1","0"
"BF121 .A88 2015","0","0"
"HQ706 .M35 2015","0","0"
"HV640 .M37 2015","0","0"
"HM1271 .A958 2015","1","1"
"JC423 .M35594 2015","1","0"
"HM726 .B75 2015","0","0"
"HG3431.A6 M35 2015","0","0"
"KD3989 .B55 2015","1","0"
"LC929.7.U6 S76 2015","1","0"
"HV890.S34 C45 2015","0","0"
"JZ1730 .C56 2015","5","0"
"JC327 .P55 2015","0","0"
"P94.65.J3 D43 2015","3","0"
"JC423 .G88 2015","1","1"
"JZ1308 .W43 2015","2","0"
"JC423 .H759 2015","0","0"
"BF378.E94 D53 2015","0","0"
"HC79.E5 H355 2014","0","0"
"JN6520.R43 M65 2015","0","0"
"JN30 .L66 2015","0","0"
"JN1129.C7 W546 2015","0","0"
"HV6035 .D87 2015","0","0"
"HD2932 .E97 2015","0","0"
"JF801 .F66 2015","0","0"
"HD6072.6.F6 R36 2015","0","0"
"HD9999.B443 S87 2015","1","0"
"JN3971.A95 G478 2015","0","0"
"JZ6377.G4 K68 2015","0","1"
"HN380.Z9 C6445 2015","0","0"
"JZ5584.I4 G68 2015","0","0"
"P57.F8 W49 2015","0","0"
"JZ5675 .A43 2015","0","0"
"HM1271 .I58 2015","0","0"
"K699 .E78 2015","1","0"
"HC79.C6 H45 2015","0","0"
"HV1451 .W455 2015","1","0"
"HG173 .C647 2015","0","0"
"HD2368.U6 L66 2015","3","0"
"JZ6374 .M87 2015","2","0"
"HB615 .C587 2015","3","0"
"HF5549.5.S38 O45 2015","1","0"
"LC89 .A817 2015","4","0"
"HV6626 .H39 2015","0","0"
"HV6556 .C37 2015","0","0"
"PN1992.8.S75 S727 2015","1","0"
"LB2341 .K365 2015","2","0"
"HV6666 .L66 2015","1","0"
"HM554 .K36 2015","0","0"
"HM1025 .W55 2015","0","0"
"LB2342 .C247 2015","1","0"
"HD6490.Y65 Y68 2015","0","0"
"BF692 .R87 2015","0","0"
"LB1029.W34 C53 2015","0","0"
"HD926.5 .C36 2015","0","0"
"HC240 .M656 2015","0","0"
"HT395.A9 C66 2015","0","0"
"LA217.2 .G54 2015","2","0"
"JZ1570.A55 E9774 2015","0","0"
"E99.P9 D326 2015","0","0"
"HM901 .H35 2015","0","0"
"HN120.S25 S64 2015","0","1"
"JL966 .L3585 2015","1","0"
"HM851 .N47675 2015","1","0"
"HF1025 .P54 2015","0","0"
"HQ767.5.U5 B345 2015","4","0"
"H62 .I657 2014","3","1"
"JC423 .R3258 2015","0","0"
"HQ1061 .H49 2015","0","0"
"LA230.5.A6 S68 2014","0","0"
"LB3060.37 .R83 2015","0","0"
"H61.24 .S58 2015","3","0"
"HM708 .S65145 2015","1","1"
"HM881 .D45 2015","4","0"
"BF511 .E45 2015","0","0"
"HB501 .D662713 2015","1","0"
"GN296 .P66 2015","0","0"
"LB2835.25 .N67 2015","1","0"
"LB3064 .S96 2015","0","0"
"HT321 .H367 2015","0","0"
"HC260.C6 L53 2015","0","0"
"PQ2672.E25 Z726 2014","0","0"
"HF1131 .S495 2014","0","0"
"HJ5450 .E58 2014","0","0"
"D744.5.U6 S63 2015","0","0"
"PQ8550.14.U655 T54 2014","0","0"
"HC435.3 .A342423 2014","0","0"
"F2323 .C634 2013","1","0"
"DK37.8.R6 S48 2014","0","0"
"DS735 .C58127 2014","1","0"
"DS735 .C58127 2014","0","0"
"DS735 .C58127 2014","0","0"
"DS735 .C58127 2014","0","0"
"DS735 .C58127 2014","0","0"
"DS735 .C58127 2014","0","0"
"DS735 .C58127 2014","0","0"
"DS735 .C58127 2014","0","0"
"DS735 .C58127 2014","0","0"
"DS735 .C58127 2014","0","0"
"PL2392 .Z566 2012","0","0"
"BQ1120 .C45 2013","0","0"
"DS33 .H356 2014","0","0"
"DS750.82 .Y36 2014","0","0"
"DS752 .L5885 2014","0","0"
"DS752 .L5885 2014","0","0"
"PL2694.S24 Z588 2014","0","0"
"BQ626 .D823 2013","0","1"
"DS793.G67 Z436 2014","0","0"
"DS793.G67 Z436 2014","0","0"
"BF1770.C6 Z446 2014","0","0"
"DS19.P45 X8 2014","0","0"
"JQ1512 .L565 2014","0","0"
"DS793.M7 P65127 2013","1","0"
"DS730 .Y3772 2014","0","0"
"HT384.C6 W45 2014","0","0"
"PN2878.L513 A3 2014","0","0"
"B5234.H7924 L52 2014","0","0"
"DS764.23.L52 X542 2014","0","0"
"PL2857.E534 Y836 2015","0","0"
"PL2847.T98 Q55 2015","0","0"
"PL2933.E52654 W623 2014","1","0"
"DS721 .S834 2014","0","0"
"CT3990.H78 K47 2012","0","0"
"PL2833.7.A529 Z466 2014","0","1"
"PL2970.5.N258 W623 2014","0","0"
"DS797.28.D864 X536 2014","0","0"
"PN1995 .D343 2015","0","0"
"B5234.L5244 A3 2014","0","0"
"B5234.L5244 A3 2014","0","0"
"PL2942.3.A678 A6 2014","0","0"
"PN6109.C5 G44 2014","1","0"
"PN1998.3.L523 Y364 2014","0","0"
"PL2842.H732 Z48 2014","0","0"
"PL2740.N3 Z689 2015","0","0"
"PL2843.P5 Z653 2015","0","0"
"Z1003.5.C45 W4563 2014","0","0"
"PL2436 .M564 2015","0","0"
"DS721 .A34 2014","0","1"
"DS765 .J523 2014","1","0"
"CT3990.A2 W82 2014","0","0"
"CB203 .C476 2014","0","0"
"PL2896.N624 W36 2014","0","0"
"PL2896.N624 W36 2014","0","0"
"PL2896.N624 W36 2014","0","0"
"PL2896.N624 W36 2014","0","0"
"PL2879.H774 P36 2014","1","0"
"PL2977.Z453 W62 2013","0","0"
"DS774.7 .C4464 2014","0","0"
"PL2933.E5495 S5836 2014","0","0"
"PL2336 .Y3643 2014","0","0"
"PL2466.Z6 S45 2009","0","0"
"PL2879.S72 P3434 2014","0","0"
"PL3031.Y352 Z436 2014","0","0"
"LG51.Y56 H453 2014","1","0"
"PL2862.U143 A6 2014","0","0"
"PL2862.U143 A6 2014","0","0"
"PL2862.U143 A6 2014","0","0"
"PL2862.U143 A6 2014","0","0"
"PL2862.U143 A6 2014","0","0"
"PL2862.U143 A6 2014","0","0"
"PL2862.U143 A6 2014","0","0"
"PL2862.U143 A6 2014","0","0"
"PL2862.U143 A6 2014","0","0"
"PL2862.U143 A6 2014","0","0"
"PN879.C5 Y456 2014","0","0"
"B5231 .H47 2014","0","0"
"PL2303 .X5363 2014","0","0"
"N7340 .Y574 2014","0","0"
"PL2303 .L596 2014","0","0"
"PL2879.T653 A6 2014","0","1"
"DS708 .G43 2014","0","0"
"DS777.5316.T45 Y825 2014","0","0"
"DS777.5316.T45 Y825 2014","1","0"
"PL2966.U335 Y83 2014","2","0"
"PL1071 .S885 2014","0","0"
"PL2868.I26 Z45 2014","1","1"
"PL2307 .M375 2014","0","0"
"PL2976.W365 D36 2014","0","0"
"PL2717.U337 Z886 2014","0","0"
"PN879.C5 L58 2014","0","0"
"PL2947.5.U9 Y36 2014","0","0"
"PL2824 .F3 2014","0","0"
"PL2824 .F3 2014","0","0"
"PL2824 .F3 2014","0","0"
"PL2303 .D564 2014","0","0"
"PL2939.5.K4 X56 2014","0","0"
"PL2543 .Z4668 2014","0","0"
"PL3031.N6 Z466 2010","0","0"
"PN81 .D826 2014","0","0"
"PL2697 .A6 2014","0","0"
"PL2303 .K836 2014","0","0"
"PL2442 .S36 2014","0","0"
"PL3031.J532 L58 2014","0","0"
"PL2436 .G86 2014","1","0"
"PL2749.C8 Z663 2014","0","0"
"PL3031.S92 P46 2014","0","0"
"PL2877.X58 X56 2014","1","1"
"PL2958.E547 Z455 2014","1","0"
"PL2958.E547 Z455 2014","1","0"
"PL2958.E547 Z455 2014","1","1"
"PL2368.T7 L578 2014","0","0"
"PL2277 .H664 2014","0","0"
"PL2333 .L839 2014","0","0"
"PL2412 .Y36 2014","0","0"
"PK6978.8 .X56 2013","0","0"
"PL2277 .Z446 2015","0","0"
"PL2765.U2 A6 2014","1","0"
"HC427.95 .X556 2014","0","1"
"PL2412 .W364 2014","0","0"
"PL2302 .L549 2014","0","0"
"PL2878.A5974 W6 2014","0","0"
"DS793.S62 K84 2014","3","0"
"PL2948.3.Y664 W45 2014","0","0"
"DS778.S82 T36 2014","1","0"
"PL2949.7.U244 S546 2014","0","0"
"PL2960.O534 S55 2014","0","0"
"PL2548 .C446 2014","0","0"
"PL2302 .Z432 2014","0","0"
"PL2322.5 .Z468 2014","0","0"
"PN441 .Z68 2014","0","0"
"PL2837.H754 Z456 2015","0","0"
"KNQ68 .Z4658 2013","0","0"
"PL2261.L483 H85 2014","0","0"
"PL2947.5.U845 Y83 2014","0","0"
"PL2687.D36 Z636 2014","1","0"
"KNN440 .X827 2014","0","0"
"PL2450 .W46 2014","0","0"
"PL2450 .W46 2014","0","0"
"PL2450 .W46 2014","0","0"
"PL2450 .W46 2014","0","0"
"PL2450 .W46 2014","0","0"
"PL2450 .W46 2014","0","0"
"DS797.54.B393 J536 2014","0","0"
"PL2687.S78 A6 2014","1","0"
"PL2671 .A6 2014","1","0"
"DS775.8 .T37 2014","0","0"
"HN733.5 .Y823 2014","1","0"
"DS776.6 .D46 2014","0","0"
"GN635.S57 F48 2014","2","0"
"PL2919.A58 A6 2014","2","1"
"PL2923.5.M5 A6 2014","0","0"
"PL2857.A5235 A6 2014","0","0"
"PL2909.I284 A6 2014","0","0"
"PL2904.T86 A6 2014","1","0"
"PL2843.P5 A6 2014","0","0"
"PL2878.N14686 A6 2014","0","1"
"PL2925.L54 A6 2014","0","0"
"PL2946.E72 A6 2014","0","0"
"PL2960.U533 A6 2014","0","0"
"PL2851.G86 H68 2015","0","0"
"PL2969.L39 W46 2014","0","0"
"PL2919.N563 S55 2014","0","0"
"PL2908.N46 Q256 2014","0","0"
"DS33 .M36 2014","1","0"
"DS798.63.S65 G45 2014","0","0"
"DS798.63.S65 G45 2014","0","0"
"DS19 .H838 2014","0","0"
"PN5366.Z436 A25 2014","0","0"
"PL2831.T3 A6 2014","0","0"
"PL2969.Y84 Y583 2014","0","0"
"PL2307 .J5643 2014","0","0"
"PL2946.3.A4276 L368 2015","0","0"
"PL2930.5.O88 D37 2014","0","0"
"PL2942.5.N333 T54 2014","0","0"
"PL2687.W83 Z977 2014","0","0"
"PL2925.L54 C664 2014","0","0"
"PL2967.L564 H68 2015","0","0"
"PL2939.O546 Y836 2014","0","0"
"PL2939.A564 D38 2015","0","0"
"PL2971.G836 F464 2014","0","0"
"PL2935.I549 L536 2014","0","0"
"PL2955.A598 M45 2015","0","0"
"CT1826 .L5738 2014","1","0"
"PL2877.T783 W8 2015","0","0"
"PL2973.N825 Z48 2014","0","0"
"PL2653 .Y86 2014","1","0"
"PL2653 .W83 2014","1","0"
"PN171.P75 X848 2014","1","0"
"PL2946.H835 X57 2014","0","0"
"PL2946.H835 X57 2014","0","0"
"PL2958.I755 Q2532 2014","0","0"
"PL2958.I755 Q2532 2014","0","1"
"PL2842.H732 Y83 2014","0","0"
"PL2937.E363 Z664 2014","0","0"
"PL2937.A595 A658 2014","0","0"
"PL2969.R54 B34 2015","0","0"
"PL2976.Y588 W69 2014","0","0"
"PL2842.H732 Z35 2014","1","0"
"PL2842.H732 Z352 2014","0","0"
"PL2950.A335 X54 2014","0","0"
"PL2973.M536 X567 2014","0","0"
"PL2842.H732 X56 2014","2","0"
"PL2921.5.E86 A6 2014","0","0"
"PL419.G395 B65 2014","0","0"
"PL419.B347 A647 2014","0","0"
"PL419.S533 H664 2014","0","0"
"PL419.S533 H664 2014","0","0"
"PL2937.A95 C436 2014","0","0"
"PL2415 .L578 2014","0","0"
"Z1003.5.C6 B35 2014","0","0"
"PL2333 .S55 2014","0","0"
"PL2938.U33 Y85 2014","1","0"
"PL2513 .Y868 2014","0","0"
"PL2972.B56 Y85 2014","0","0"
"PL2744.C4 A6 2014","0","0"
"PL2765.U28 A6 2014","0","0"
"DS777.5314 .F36 2014","1","0"
"HE7286.T664 S86 2014","0","0"
"PL2837.W35 F45 2014","0","0"
"PN466 .Z436 2014","0","0"
"PL2837.W35 Y68 2014","0","0"
"PL2978.5.Z486 Y83 2013","0","0"
"PL76.76 .X56 2013","0","0"
"GT2853.C6 B35 2014","2","0"
"PL2921.6.G36 A6 2014","0","0"
"LG51.L33 X56 2014","0","0"
"PL2877.Z445 X5 2014","0","0"
"PL2262 .J536 2014","1","0"
"PL2947.W46 W8 2014","0","0"
"PL2939.5.J56 W8 2014","0","0"
"PL2519.P76 S55 2015","0","0"
"PL2623 .S536 2014","0","0"
"DS775.2 .U245127 2015","2","0"
"PL2945.E39 C5 2015","1","0"
"PL2946.H664 C436 2015","0","0"
"PL2946.9.N485 Z453 2014","0","0"
"PL2966.E363 Z456 2014","0","0"
"PL2837.X54 W6 2014","0","0"
"PL2967.5.Z45 Y88 2014","0","0"
"PL2941.B356 X5 2014","0","0"
"PL2842.H732 Y5 2014","2","0"
"PL2862.I165 Z45 2014","1","0"
"PL2933.E52695 H83 2014","0","0"
"PL2264 .L826 2014","1","0"
"PL2264 .L826 2014","0","0"
"PL2264 .L826 2014","0","0"
"PL2264 .L826 2014","0","0"
"PL2976.M5638 L86 2015","0","0"
"PL2861.O3145 Z3 2015","0","0"
"PL2947.5.U28 Y83 2015","0","0"
"KNQ2064.51982 .A6 2014","1","0"
"HN690.Z9 V565 2014","0","0"
"PK541 .S83 2014","0","0"
"KNS543 .B37 2014","1","0"
"B4755.S74 K67 2013","0","0"
"HG1552.T36 A3 2014","0","0"
"P39.5 .L56 2013","0","0"
"PQ8259.2.R3 R67 2014","1","0"
"PQ8259.2.G65 N68 2014","0","0"
"DS797.64.G89 G845 2006","0","0"
"DS797.28.J562 Z44 2013","0","0"
"TK5201 .L528 2013","0","0"
"DS753 .L5436 2014","0","0"
"PN2878.Y8 W44 2011","0","0"
"PN2878.M28 C43 2011","0","0"
"PN2876.L56 L52 2014","0","0"
"DS797.28.D863 Z43 2014","0","0"
"HQ997 .H4 2013","1","0"
"DS715 .C5367 2013","0","0"
"HQ1767 .Z58 2014","0","0"
"BQ640 .Y36 2013","0","1"
"BQ640 .Y36 2013","0","0"
"TS2010 .L58 2013","0","0"
"JC311 .O66127 2014","0","1"
"DS511 .Z434 2012","0","0"
"ND1049.L77373 W84 2014","1","0"
"PN2878.Y78 T3523 2010","0","0"
"PL2824.M4 Z945 2010","0","0"
"PN2878.M4 L423 2011","0","0"
"PN1998.3.L438 X56 2014","0","0"
"DS777.56 .J563 2014","0","0"
"LC2316 .Z48 2014","1","0"
"PN2878.C35 X54 2012","0","0"
"PN2878.K43 G825 2011","0","0"
"PN2878.W78 G85 2012","0","0"
"PN2877 .W36 2014","0","0"
"F2689 .S78 2014","0","0"
"KHP3003 .V35 2014","0","1"
"F2230.2.A78 P36 2014","1","0"
"PQ8550.416.L45 R84 2014","0","0"
"PQ8550.13.E5 J56 2014","0","0"
"KNS1278.W58 J35 2014","0","0"
"DS485.G882 M63548 2014","0","0"
"PN1997.2.R36 M44 2014","0","0"
"HT1521 .R34167 2014","3","1"
"HC440.E5 S795 2013","2","0"
"HM851 .D94 2015","2","0"
"DS485.A88 D468 2013","0","1"
"JF529 .C55 2016","4","0"
"JZ6377.A35 B33 2015","1","0"
"HD4904.25 .L476 2015","1","0"
"JN5452 .C46 2015","1","0"
"KZ3881.S46 C43 2015","2","2"
"HM742 .C59 2015","1","0"
"HQ684 .T74 2015","0","0"
"HD58.8 .D53 2015","1","0"
"HN49.C6 E26 2015","1","0"
"HT177.N5 G53 2015","3","0"
"HG979.5 .C38 2015","0","0"
"HN80.B7 T5713 2015","3","1"
"HG173 .M638 2015","0","0"
"LB1072 .H37 2015","2","2"
"HT169.L3 H68 2015","0","1"
"HG540 .S766 2015","0","0"
"GF41 .H375 2015","1","0"
"P120.R32 L36 2015","1","0"
"HD9696.2.C24 B566 2015","3","0"
"P94 .M3585 2015","2","0"
"HQ799.G9 P365 2015","1","0"
"HQ76.5 .M49 2015","1","0"
"HF1379 .D86 2015","0","0"
"TX349 .P66 2015","0","0"
"JF1351 .P65 2015","0","0"
"LB1025.3 .P683 2015","1","0"
"HA29 .P764 2015","5","0"
"HJ9924 .P83 2015","0","0"
"HD61 .Z67 2015","0","0"
"LA1143 .R47 2015","0","0"
"HF1111 .S85 2015","0","0"
"JZ4839 .R57 2015","0","0"
"BF1621 .A43 2015","2","0"
"LC214.22.V8 G74 2015","6","0"
"TK6678 .W65 2015","3","0"
"HF5415.32 .C432 2015","1","0"
"HC800 .J478 2015","1","0"
"JK2271 .M328 2015","2","1"
"JZ5538 .C6685 2015","0","0"
"LC2781 .D46 2015","2","0"
"LB2366 .C365 2015","2","0"
"HD6053 .H56 2015","0","0"
"JF1351 .B37 2015","0","0"
"HV6024 .P68 2015","1","0"
"HB74.P65 P79 2015","0","1"
"P96.E25 C86 2015","0","0"
"HV40.32.G66 B37 2015","0","0"
"LB1707 .P555 2015","1","0"
"JF1351 .N66 2015","0","0"
"LC6251 .P87 2015","3","0"
"LB2351 .W36 2014","1","0"
"HM821 .D4513 2015","2","0"
"LA230 .S745 2014","0","0"
"HT156 .I43 2015","0","0"
"PQ3803.B7 L453 2015","0","0"
"PQ53 .H43 2014","0","0"
"PQ2672.A4238 A6 2015","0","0"
"PQ155.O27 L33 2015","0","0"
"PA3873.A4 C36 2015","1","0"
"HQ1742 .I585 2014","0","0"
"BL803 .C68 2015","0","0"
"DS486.G3 C58 2014","0","0"
"PR9499.4.G67 N64 2014","0","0"
"PR9492.5 .P67 2011","0","0"
"B4249.D42 K67 2013","0","0"
"DS483.75 .M37 2012","0","1"
"DS450.R8 I512 2011","0","0"
"PQ2704.E34437 Q387 2015","1","0"
"HJ1334 .S46 2013","0","0"
"HQ759.25 .V44 2014","0","0"
"PQ307.P64 D47 2015","0","0"
"PQ7798.12.A657 I5 2012","1","0"
"CD1735.K29 G68 2008","0","0"
"CR612.K258 G676 2006","1","0"
"CR612.K258 G676 2006","0","0"
"CR612.K258 G676 2006","0","0"
"HB90 .V288  2014","0","0"
"HQ799.R8 C44 2014","0","0"
